data;
set C_bar :=  1 2 3 4 5 6 7 8 9 10 11 12 13 14 15 16 17 18 19 20 21 22 23 24 25 26 27 28 29 30 31 32 33 34 35 36 37 38 39 40 41 42 43 44 45 46 47 48 49 50 51 52 53 ;
set C :=  54 55 56 66 67 71 72 73 60 61 62 63 64 65 68 69 70 57 58 59 ;
set R := 0 1 2 3 4 5 6 7 8 9 10 ;
set C_bar_r[0] :=  
1 2 3 4 5 ;
set C_bar_r[1] :=  
6 7 8 9 10 11 ;
set C_bar_r[2] :=  
12 13 14 15 16 17 18 ;
set C_bar_r[3] :=  
19 20 21 ;
set C_bar_r[4] :=  
22 23 24 25 26 27 ;
set C_bar_r[5] :=  
28 29 30 31 32 33 34 35 36 37 38 ;
set C_bar_r[6] :=  
39 40 41 42 ;
set C_bar_r[7] :=  
43 44 45 ;
set C_bar_r[8] :=  
46 47 48 ;
set C_bar_r[9] :=  
49 50 51 52 53 ;
set C_r[0] :=  
66 67 ;
set C_r[1] :=  
;
set C_r[2] :=  
71 72 73 ;
set C_r[3] :=  
60 61 62 63 64 65 ;
set C_r[4] :=  
;
set C_r[5] :=  
;
set C_r[6] :=  
68 69 70 ;
set C_r[7] :=  
57 ;
set C_r[8] :=  
58 59 ;
set C_r[9] :=  
;
set C_r[10] :=  
54 55 56 ;
set S :=  0 1 2 3 4 5 6 7 8 9 10 11 12 13 14 15 16 17 18 19 20 21 22 23 24 25 26 27 28 29 30 31 32 33 34 35 36 37 38 39 40 41 42 43 44 45 46 47 48 49 50 51 52 53 ;
set S_u :=  0 1 2 3 4 5 6 7 8 9 10 11 12 13 14 15 16 17 18 19 20 22 23 24 25 26 27 28 29 30 31 32 33 34 35 36 37 38 39 40 41 42 43 44 45 46 47 48 49 50 51 52 53 ;
set S_r[0] := 
21 22 ;
set S_r[1] := 
3 4 ;
set S_r[2] := 
15 16 ;
set S_r[3] := 
39 ;
set S_r[4] := 
45 46 47 ;
set S_r[5] := 
27 36 37 38 ;
set S_r[6] := 
21 22 ;
set S_r[7] := 
30 ;
set S_r[8] := 
21 23 ;
set S_r[9] := 
6 7 ;
set Rack :=  0 1 2 3 4 5 6 7 8 9 10 11 12 13 14 15 16 17 ;
param COST : 0 1 2 3 4 5 6 7 8 9 10 11 12 13 14 15 16 17 18 19 20 21 22 23 24 25 26 27 28 29 30 31 32 33 34 35 36 37 38 39 40 41 42 43 44 45 46 47 48 49 50 51 52 53 :=
0 0 1 1 3 3 3 3 3 3 5 5 5 5 5 5 5 5 5 5 5 5 5 5 5 5 5 5 5 5 5 5 5 5 5 5 5 5 5 5 5 5 5 5 5 5 5 5 5 5 5 5 5 5 5 
1 1 0 1 3 3 3 3 3 3 5 5 5 5 5 5 5 5 5 5 5 5 5 5 5 5 5 5 5 5 5 5 5 5 5 5 5 5 5 5 5 5 5 5 5 5 5 5 5 5 5 5 5 5 5 
2 1 1 0 3 3 3 3 3 3 5 5 5 5 5 5 5 5 5 5 5 5 5 5 5 5 5 5 5 5 5 5 5 5 5 5 5 5 5 5 5 5 5 5 5 5 5 5 5 5 5 5 5 5 5 
3 3 3 3 0 1 1 3 3 3 5 5 5 5 5 5 5 5 5 5 5 5 5 5 5 5 5 5 5 5 5 5 5 5 5 5 5 5 5 5 5 5 5 5 5 5 5 5 5 5 5 5 5 5 5 
4 3 3 3 1 0 1 3 3 3 5 5 5 5 5 5 5 5 5 5 5 5 5 5 5 5 5 5 5 5 5 5 5 5 5 5 5 5 5 5 5 5 5 5 5 5 5 5 5 5 5 5 5 5 5 
5 3 3 3 1 1 0 3 3 3 5 5 5 5 5 5 5 5 5 5 5 5 5 5 5 5 5 5 5 5 5 5 5 5 5 5 5 5 5 5 5 5 5 5 5 5 5 5 5 5 5 5 5 5 5 
6 3 3 3 3 3 3 0 1 1 5 5 5 5 5 5 5 5 5 5 5 5 5 5 5 5 5 5 5 5 5 5 5 5 5 5 5 5 5 5 5 5 5 5 5 5 5 5 5 5 5 5 5 5 5 
7 3 3 3 3 3 3 1 0 1 5 5 5 5 5 5 5 5 5 5 5 5 5 5 5 5 5 5 5 5 5 5 5 5 5 5 5 5 5 5 5 5 5 5 5 5 5 5 5 5 5 5 5 5 5 
8 3 3 3 3 3 3 1 1 0 5 5 5 5 5 5 5 5 5 5 5 5 5 5 5 5 5 5 5 5 5 5 5 5 5 5 5 5 5 5 5 5 5 5 5 5 5 5 5 5 5 5 5 5 5 
9 5 5 5 5 5 5 5 5 5 0 1 1 3 3 3 3 3 3 5 5 5 5 5 5 5 5 5 5 5 5 5 5 5 5 5 5 5 5 5 5 5 5 5 5 5 5 5 5 5 5 5 5 5 5 
10 5 5 5 5 5 5 5 5 5 1 0 1 3 3 3 3 3 3 5 5 5 5 5 5 5 5 5 5 5 5 5 5 5 5 5 5 5 5 5 5 5 5 5 5 5 5 5 5 5 5 5 5 5 5 
11 5 5 5 5 5 5 5 5 5 1 1 0 3 3 3 3 3 3 5 5 5 5 5 5 5 5 5 5 5 5 5 5 5 5 5 5 5 5 5 5 5 5 5 5 5 5 5 5 5 5 5 5 5 5 
12 5 5 5 5 5 5 5 5 5 3 3 3 0 1 1 3 3 3 5 5 5 5 5 5 5 5 5 5 5 5 5 5 5 5 5 5 5 5 5 5 5 5 5 5 5 5 5 5 5 5 5 5 5 5 
13 5 5 5 5 5 5 5 5 5 3 3 3 1 0 1 3 3 3 5 5 5 5 5 5 5 5 5 5 5 5 5 5 5 5 5 5 5 5 5 5 5 5 5 5 5 5 5 5 5 5 5 5 5 5 
14 5 5 5 5 5 5 5 5 5 3 3 3 1 1 0 3 3 3 5 5 5 5 5 5 5 5 5 5 5 5 5 5 5 5 5 5 5 5 5 5 5 5 5 5 5 5 5 5 5 5 5 5 5 5 
15 5 5 5 5 5 5 5 5 5 3 3 3 3 3 3 0 1 1 5 5 5 5 5 5 5 5 5 5 5 5 5 5 5 5 5 5 5 5 5 5 5 5 5 5 5 5 5 5 5 5 5 5 5 5 
16 5 5 5 5 5 5 5 5 5 3 3 3 3 3 3 1 0 1 5 5 5 5 5 5 5 5 5 5 5 5 5 5 5 5 5 5 5 5 5 5 5 5 5 5 5 5 5 5 5 5 5 5 5 5 
17 5 5 5 5 5 5 5 5 5 3 3 3 3 3 3 1 1 0 5 5 5 5 5 5 5 5 5 5 5 5 5 5 5 5 5 5 5 5 5 5 5 5 5 5 5 5 5 5 5 5 5 5 5 5 
18 5 5 5 5 5 5 5 5 5 5 5 5 5 5 5 5 5 5 0 1 1 3 3 3 3 3 3 5 5 5 5 5 5 5 5 5 5 5 5 5 5 5 5 5 5 5 5 5 5 5 5 5 5 5 
19 5 5 5 5 5 5 5 5 5 5 5 5 5 5 5 5 5 5 1 0 1 3 3 3 3 3 3 5 5 5 5 5 5 5 5 5 5 5 5 5 5 5 5 5 5 5 5 5 5 5 5 5 5 5 
20 5 5 5 5 5 5 5 5 5 5 5 5 5 5 5 5 5 5 1 1 0 3 3 3 3 3 3 5 5 5 5 5 5 5 5 5 5 5 5 5 5 5 5 5 5 5 5 5 5 5 5 5 5 5 
21 5 5 5 5 5 5 5 5 5 5 5 5 5 5 5 5 5 5 3 3 3 0 1 1 3 3 3 5 5 5 5 5 5 5 5 5 5 5 5 5 5 5 5 5 5 5 5 5 5 5 5 5 5 5 
22 5 5 5 5 5 5 5 5 5 5 5 5 5 5 5 5 5 5 3 3 3 1 0 1 3 3 3 5 5 5 5 5 5 5 5 5 5 5 5 5 5 5 5 5 5 5 5 5 5 5 5 5 5 5 
23 5 5 5 5 5 5 5 5 5 5 5 5 5 5 5 5 5 5 3 3 3 1 1 0 3 3 3 5 5 5 5 5 5 5 5 5 5 5 5 5 5 5 5 5 5 5 5 5 5 5 5 5 5 5 
24 5 5 5 5 5 5 5 5 5 5 5 5 5 5 5 5 5 5 3 3 3 3 3 3 0 1 1 5 5 5 5 5 5 5 5 5 5 5 5 5 5 5 5 5 5 5 5 5 5 5 5 5 5 5 
25 5 5 5 5 5 5 5 5 5 5 5 5 5 5 5 5 5 5 3 3 3 3 3 3 1 0 1 5 5 5 5 5 5 5 5 5 5 5 5 5 5 5 5 5 5 5 5 5 5 5 5 5 5 5 
26 5 5 5 5 5 5 5 5 5 5 5 5 5 5 5 5 5 5 3 3 3 3 3 3 1 1 0 5 5 5 5 5 5 5 5 5 5 5 5 5 5 5 5 5 5 5 5 5 5 5 5 5 5 5 
27 5 5 5 5 5 5 5 5 5 5 5 5 5 5 5 5 5 5 5 5 5 5 5 5 5 5 5 0 1 1 3 3 3 3 3 3 5 5 5 5 5 5 5 5 5 5 5 5 5 5 5 5 5 5 
28 5 5 5 5 5 5 5 5 5 5 5 5 5 5 5 5 5 5 5 5 5 5 5 5 5 5 5 1 0 1 3 3 3 3 3 3 5 5 5 5 5 5 5 5 5 5 5 5 5 5 5 5 5 5 
29 5 5 5 5 5 5 5 5 5 5 5 5 5 5 5 5 5 5 5 5 5 5 5 5 5 5 5 1 1 0 3 3 3 3 3 3 5 5 5 5 5 5 5 5 5 5 5 5 5 5 5 5 5 5 
30 5 5 5 5 5 5 5 5 5 5 5 5 5 5 5 5 5 5 5 5 5 5 5 5 5 5 5 3 3 3 0 1 1 3 3 3 5 5 5 5 5 5 5 5 5 5 5 5 5 5 5 5 5 5 
31 5 5 5 5 5 5 5 5 5 5 5 5 5 5 5 5 5 5 5 5 5 5 5 5 5 5 5 3 3 3 1 0 1 3 3 3 5 5 5 5 5 5 5 5 5 5 5 5 5 5 5 5 5 5 
32 5 5 5 5 5 5 5 5 5 5 5 5 5 5 5 5 5 5 5 5 5 5 5 5 5 5 5 3 3 3 1 1 0 3 3 3 5 5 5 5 5 5 5 5 5 5 5 5 5 5 5 5 5 5 
33 5 5 5 5 5 5 5 5 5 5 5 5 5 5 5 5 5 5 5 5 5 5 5 5 5 5 5 3 3 3 3 3 3 0 1 1 5 5 5 5 5 5 5 5 5 5 5 5 5 5 5 5 5 5 
34 5 5 5 5 5 5 5 5 5 5 5 5 5 5 5 5 5 5 5 5 5 5 5 5 5 5 5 3 3 3 3 3 3 1 0 1 5 5 5 5 5 5 5 5 5 5 5 5 5 5 5 5 5 5 
35 5 5 5 5 5 5 5 5 5 5 5 5 5 5 5 5 5 5 5 5 5 5 5 5 5 5 5 3 3 3 3 3 3 1 1 0 5 5 5 5 5 5 5 5 5 5 5 5 5 5 5 5 5 5 
36 5 5 5 5 5 5 5 5 5 5 5 5 5 5 5 5 5 5 5 5 5 5 5 5 5 5 5 5 5 5 5 5 5 5 5 5 0 1 1 3 3 3 3 3 3 5 5 5 5 5 5 5 5 5 
37 5 5 5 5 5 5 5 5 5 5 5 5 5 5 5 5 5 5 5 5 5 5 5 5 5 5 5 5 5 5 5 5 5 5 5 5 1 0 1 3 3 3 3 3 3 5 5 5 5 5 5 5 5 5 
38 5 5 5 5 5 5 5 5 5 5 5 5 5 5 5 5 5 5 5 5 5 5 5 5 5 5 5 5 5 5 5 5 5 5 5 5 1 1 0 3 3 3 3 3 3 5 5 5 5 5 5 5 5 5 
39 5 5 5 5 5 5 5 5 5 5 5 5 5 5 5 5 5 5 5 5 5 5 5 5 5 5 5 5 5 5 5 5 5 5 5 5 3 3 3 0 1 1 3 3 3 5 5 5 5 5 5 5 5 5 
40 5 5 5 5 5 5 5 5 5 5 5 5 5 5 5 5 5 5 5 5 5 5 5 5 5 5 5 5 5 5 5 5 5 5 5 5 3 3 3 1 0 1 3 3 3 5 5 5 5 5 5 5 5 5 
41 5 5 5 5 5 5 5 5 5 5 5 5 5 5 5 5 5 5 5 5 5 5 5 5 5 5 5 5 5 5 5 5 5 5 5 5 3 3 3 1 1 0 3 3 3 5 5 5 5 5 5 5 5 5 
42 5 5 5 5 5 5 5 5 5 5 5 5 5 5 5 5 5 5 5 5 5 5 5 5 5 5 5 5 5 5 5 5 5 5 5 5 3 3 3 3 3 3 0 1 1 5 5 5 5 5 5 5 5 5 
43 5 5 5 5 5 5 5 5 5 5 5 5 5 5 5 5 5 5 5 5 5 5 5 5 5 5 5 5 5 5 5 5 5 5 5 5 3 3 3 3 3 3 1 0 1 5 5 5 5 5 5 5 5 5 
44 5 5 5 5 5 5 5 5 5 5 5 5 5 5 5 5 5 5 5 5 5 5 5 5 5 5 5 5 5 5 5 5 5 5 5 5 3 3 3 3 3 3 1 1 0 5 5 5 5 5 5 5 5 5 
45 5 5 5 5 5 5 5 5 5 5 5 5 5 5 5 5 5 5 5 5 5 5 5 5 5 5 5 5 5 5 5 5 5 5 5 5 5 5 5 5 5 5 5 5 5 0 1 1 3 3 3 3 3 3 
46 5 5 5 5 5 5 5 5 5 5 5 5 5 5 5 5 5 5 5 5 5 5 5 5 5 5 5 5 5 5 5 5 5 5 5 5 5 5 5 5 5 5 5 5 5 1 0 1 3 3 3 3 3 3 
47 5 5 5 5 5 5 5 5 5 5 5 5 5 5 5 5 5 5 5 5 5 5 5 5 5 5 5 5 5 5 5 5 5 5 5 5 5 5 5 5 5 5 5 5 5 1 1 0 3 3 3 3 3 3 
48 5 5 5 5 5 5 5 5 5 5 5 5 5 5 5 5 5 5 5 5 5 5 5 5 5 5 5 5 5 5 5 5 5 5 5 5 5 5 5 5 5 5 5 5 5 3 3 3 0 1 1 3 3 3 
49 5 5 5 5 5 5 5 5 5 5 5 5 5 5 5 5 5 5 5 5 5 5 5 5 5 5 5 5 5 5 5 5 5 5 5 5 5 5 5 5 5 5 5 5 5 3 3 3 1 0 1 3 3 3 
50 5 5 5 5 5 5 5 5 5 5 5 5 5 5 5 5 5 5 5 5 5 5 5 5 5 5 5 5 5 5 5 5 5 5 5 5 5 5 5 5 5 5 5 5 5 3 3 3 1 1 0 3 3 3 
51 5 5 5 5 5 5 5 5 5 5 5 5 5 5 5 5 5 5 5 5 5 5 5 5 5 5 5 5 5 5 5 5 5 5 5 5 5 5 5 5 5 5 5 5 5 3 3 3 3 3 3 0 1 1 
52 5 5 5 5 5 5 5 5 5 5 5 5 5 5 5 5 5 5 5 5 5 5 5 5 5 5 5 5 5 5 5 5 5 5 5 5 5 5 5 5 5 5 5 5 5 3 3 3 3 3 3 1 0 1 
53 5 5 5 5 5 5 5 5 5 5 5 5 5 5 5 5 5 5 5 5 5 5 5 5 5 5 5 5 5 5 5 5 5 5 5 5 5 5 5 5 5 5 5 5 5 3 3 3 3 3 3 1 1 0 
;
set S_rack[0] :=  
0 1 2 ;
set S_rack[1] :=  
3 4 5 ;
set S_rack[2] :=  
6 7 8 ;
set S_rack[3] :=  
9 10 11 ;
set S_rack[4] :=  
12 13 14 ;
set S_rack[5] :=  
15 16 17 ;
set S_rack[6] :=  
18 19 20 ;
set S_rack[7] :=  
21 22 23 ;
set S_rack[8] :=  
24 25 26 ;
set S_rack[9] :=  
27 28 29 ;
set S_rack[10] :=  
30 31 32 ;
set S_rack[11] :=  
33 34 35 ;
set S_rack[12] :=  
36 37 38 ;
set S_rack[13] :=  
39 40 41 ;
set S_rack[14] :=  
42 43 44 ;
set S_rack[15] :=  
45 46 47 ;
set S_rack[16] :=  
48 49 50 ;
set S_rack[17] :=  
51 52 53 ;
param CPU := 
0 56.0
1 56.0
2 56.0
3 42.0
4 54.0
5 56.0
6 25.81818199157715
7 39.45454549789429
8 44.0
9 28.0
10 28.0
11 28.0
12 56.0
13 56.0
14 56.0
15 33.0
16 52.0
17 56.0
18 28.0
19 28.0
20 28.0
21 8.952381134033203
22 11.333333492279053
23 16.095238208770752
24 28.0
25 28.0
26 28.0
27 23.2380952835083
28 28.0
29 28.0
30 22.047619104385376
31 28.0
32 28.0
33 56.0
34 56.0
35 56.0
36 33.772727370262146
37 39.45454549789429
38 39.45454549789429
39 44.0
40 56.0
41 56.0
42 28.0
43 28.0
44 28.0
45 21.0
46 26.0
47 27.0
48 28.0
49 28.0
50 28.0
51 28.0
52 28.0
53 28.0
;
param MEM := 
0 192.0
1 192.0
2 192.0
3 136.0
4 184.0
5 192.0
6 64.0
7 112.0
8 128.0
9 96.0
10 96.0
11 96.0
12 192.0
13 192.0
14 192.0
15 103.0
16 176.0
17 192.0
18 48.0
19 48.0
20 48.0
21 37.0
22 40.0
23 56.0
24 192.0
25 192.0
26 192.0
27 80.0
28 96.0
29 96.0
30 79.0
31 96.0
32 96.0
33 192.0
34 192.0
35 192.0
36 95.0
37 112.0
38 112.0
39 144.0
40 192.0
41 192.0
42 48.0
43 48.0
44 48.0
45 26.0
46 44.0
47 46.0
48 192.0
49 192.0
50 192.0
51 48.0
52 48.0
53 48.0
;
param DISK := 
0 384.0
1 384.0
2 384.0
3 240.0
4 360.0
5 384.0
6 112.0
7 220.0
8 256.0
9 192.0
10 192.0
11 192.0
12 384.0
13 384.0
14 384.0
15 244.0
16 336.0
17 384.0
18 96.0
19 96.0
20 96.0
21 64.8
22 60.0
23 124.8
24 384.0
25 384.0
26 384.0
27 144.0
28 192.0
29 192.0
30 140.0
31 192.0
32 192.0
33 384.0
34 384.0
35 384.0
36 156.0
37 208.0
38 208.0
39 276.0
40 384.0
41 384.0
42 96.0
43 96.0
44 96.0
45 36.0
46 80.0
47 88.0
48 384.0
49 384.0
50 384.0
51 96.0
52 96.0
53 96.0
;
param BDW_out := 
0 10.0
1 10.0
2 10.0
3 8.9112284
4 9.636386
5 10.0
6 4.8081727999999995
7 7.401312
8 10.0
9 10.0
10 10.0
11 10.0
12 10.0
13 10.0
14 10.0
15 8.893331733333333
16 9.262162666666667
17 10.0
18 10.0
19 10.0
20 10.0
21 9.1182432
22 8.623570346666666
23 9.808244685714286
24 10.0
25 10.0
26 10.0
27 9.150256
28 10.0
29 10.0
30 9.715085714285713
31 10.0
32 10.0
33 10.0
34 10.0
35 10.0
36 8.7172192
37 9.150256
38 9.150256
39 9.805942857142858
40 10.0
41 10.0
42 10.0
43 10.0
44 10.0
45 9.0325832
46 8.086952
47 9.043476
48 10.0
49 10.0
50 10.0
51 10.0
52 10.0
53 10.0
;
param BDW_in := 
0 10.0
1 10.0
2 10.0
3 9.994824
4 9.9968944
5 10.0
6 9.972256
7 9.9778048
8 10.0
9 10.0
10 10.0
11 10.0
12 10.0
13 10.0
14 10.0
15 9.995174666666667
16 9.996139733333333
17 10.0
18 10.0
19 10.0
20 10.0
21 9.954351413333333
22 9.989385333333333
23 9.9908312
24 10.0
25 10.0
26 10.0
27 9.9927424
28 10.0
29 10.0
30 9.993352
31 10.0
32 10.0
33 10.0
34 10.0
35 10.0
36 9.986392
37 9.9927424
38 9.9927424
39 9.995472
40 10.0
41 10.0
42 10.0
43 10.0
44 10.0
45 9.986384
46 9.9836608
47 9.9918304
48 10.0
49 10.0
50 10.0
51 10.0
52 10.0
53 10.0
;
param mem := 
1 8.0
2 8.0
3 8.0
4 32.0
5 8.0
66 8.0
67 8.0
6 8.0
7 8.0
8 8.0
9 8.0
10 16.0
11 16.0
12 8.0
13 8.0
14 8.0
15 8.0
16 8.0
17 64.0
18 1.0
71 8.0
72 64.0
73 64.0
19 16.0
20 16.0
21 16.0
60 16.0
61 16.0
62 16.0
63 16.0
64 16.0
65 16.0
22 2.0
23 2.0
24 2.0
25 2.0
26 16.0
27 4.0
28 8.0
29 8.0
30 8.0
31 8.0
32 8.0
33 8.0
34 8.0
35 8.0
36 8.0
37 1.0
38 8.0
39 16.0
40 16.0
41 1.0
42 16.0
68 1.0
69 16.0
70 16.0
43 8.0
44 8.0
45 1.0
57 8.0
46 8.0
47 2.0
48 32.0
58 2.0
59 2.0
49 16.0
50 16.0
51 16.0
52 16.0
53 16.0
54 4.0
55 32.0
56 2.0
;
param disk := 
1 24.0
2 24.0
3 24.0
4 43.2
5 24.0
66 24.0
67 24.0
6 24.0
7 24.0
8 24.0
9 24.0
10 36.0
11 36.0
12 24.0
13 24.0
14 24.0
15 24.0
16 24.0
17 64.0
18 4.0
71 24.0
72 64.0
73 64.0
19 36.0
20 36.0
21 36.0
60 36.0
61 36.0
62 36.0
63 36.0
64 36.0
65 36.0
22 8.0
23 8.0
24 8.0
25 8.0
26 36.0
27 16.0
28 24.0
29 24.0
30 24.0
31 24.0
32 24.0
33 24.0
34 24.0
35 24.0
36 24.0
37 4.0
38 24.0
39 36.0
40 36.0
41 4.0
42 36.0
68 4.0
69 36.0
70 36.0
43 24.0
44 24.0
45 4.0
57 24.0
46 24.0
47 8.0
48 43.2
58 8.0
59 8.0
49 36.0
50 36.0
51 36.0
52 36.0
53 36.0
54 16.0
55 50.0
56 8.0
;
param cpu : 
0 1 2 3 4 5 6 7 8 9 10 11 12 13 14 15 16 17 18 19 20 21 22 23 24 25 26 27 28 29 30 31 32 33 34 35 36 37 38 39 40 41 42 43 44 45 46 47 48 49 50 51 52 53 := 
1 2.0 2.0 2.0 2.0 2.0 2.0 2.272727272727273 2.272727272727273 2.272727272727273 2.380952380952381 2.380952380952381 2.380952380952381 2.0 2.0 2.0 2.0 2.0 2.0 2.0 2.0 2.0 2.380952380952381 2.380952380952381 2.380952380952381 2.0 2.0 2.0 2.380952380952381 2.380952380952381 2.380952380952381 2.380952380952381 2.380952380952381 2.380952380952381 2.0 2.0 2.0 2.272727272727273 2.272727272727273 2.272727272727273 2.0 2.0 2.0 2.0 2.0 2.0 2.0 2.0 2.0 2.0 2.0 2.0 2.0 2.0 2.0 
2 2.0 2.0 2.0 2.0 2.0 2.0 2.272727272727273 2.272727272727273 2.272727272727273 2.380952380952381 2.380952380952381 2.380952380952381 2.0 2.0 2.0 2.0 2.0 2.0 2.0 2.0 2.0 2.380952380952381 2.380952380952381 2.380952380952381 2.0 2.0 2.0 2.380952380952381 2.380952380952381 2.380952380952381 2.380952380952381 2.380952380952381 2.380952380952381 2.0 2.0 2.0 2.272727272727273 2.272727272727273 2.272727272727273 2.0 2.0 2.0 2.0 2.0 2.0 2.0 2.0 2.0 2.0 2.0 2.0 2.0 2.0 2.0 
3 2.0 2.0 2.0 2.0 2.0 2.0 2.272727272727273 2.272727272727273 2.272727272727273 2.380952380952381 2.380952380952381 2.380952380952381 2.0 2.0 2.0 2.0 2.0 2.0 2.0 2.0 2.0 2.380952380952381 2.380952380952381 2.380952380952381 2.0 2.0 2.0 2.380952380952381 2.380952380952381 2.380952380952381 2.380952380952381 2.380952380952381 2.380952380952381 2.0 2.0 2.0 2.272727272727273 2.272727272727273 2.272727272727273 2.0 2.0 2.0 2.0 2.0 2.0 2.0 2.0 2.0 2.0 2.0 2.0 2.0 2.0 2.0 
4 8.0 8.0 8.0 8.0 8.0 8.0 9.090909090909092 9.090909090909092 9.090909090909092 9.523809523809524 9.523809523809524 9.523809523809524 8.0 8.0 8.0 8.0 8.0 8.0 8.0 8.0 8.0 9.523809523809524 9.523809523809524 9.523809523809524 8.0 8.0 8.0 9.523809523809524 9.523809523809524 9.523809523809524 9.523809523809524 9.523809523809524 9.523809523809524 8.0 8.0 8.0 9.090909090909092 9.090909090909092 9.090909090909092 8.0 8.0 8.0 8.0 8.0 8.0 8.0 8.0 8.0 8.0 8.0 8.0 8.0 8.0 8.0 
5 2.0 2.0 2.0 2.0 2.0 2.0 2.272727272727273 2.272727272727273 2.272727272727273 2.380952380952381 2.380952380952381 2.380952380952381 2.0 2.0 2.0 2.0 2.0 2.0 2.0 2.0 2.0 2.380952380952381 2.380952380952381 2.380952380952381 2.0 2.0 2.0 2.380952380952381 2.380952380952381 2.380952380952381 2.380952380952381 2.380952380952381 2.380952380952381 2.0 2.0 2.0 2.272727272727273 2.272727272727273 2.272727272727273 2.0 2.0 2.0 2.0 2.0 2.0 2.0 2.0 2.0 2.0 2.0 2.0 2.0 2.0 2.0 
66 2.0 2.0 2.0 2.0 2.0 2.0 2.272727272727273 2.272727272727273 2.272727272727273 2.380952380952381 2.380952380952381 2.380952380952381 2.0 2.0 2.0 2.0 2.0 2.0 2.0 2.0 2.0 2.380952380952381 2.380952380952381 2.380952380952381 2.0 2.0 2.0 2.380952380952381 2.380952380952381 2.380952380952381 2.380952380952381 2.380952380952381 2.380952380952381 2.0 2.0 2.0 2.272727272727273 2.272727272727273 2.272727272727273 2.0 2.0 2.0 2.0 2.0 2.0 2.0 2.0 2.0 2.0 2.0 2.0 2.0 2.0 2.0 
67 2.0 2.0 2.0 2.0 2.0 2.0 2.272727272727273 2.272727272727273 2.272727272727273 2.380952380952381 2.380952380952381 2.380952380952381 2.0 2.0 2.0 2.0 2.0 2.0 2.0 2.0 2.0 2.380952380952381 2.380952380952381 2.380952380952381 2.0 2.0 2.0 2.380952380952381 2.380952380952381 2.380952380952381 2.380952380952381 2.380952380952381 2.380952380952381 2.0 2.0 2.0 2.272727272727273 2.272727272727273 2.272727272727273 2.0 2.0 2.0 2.0 2.0 2.0 2.0 2.0 2.0 2.0 2.0 2.0 2.0 2.0 2.0 
6 2.0 2.0 2.0 2.0 2.0 2.0 2.272727272727273 2.272727272727273 2.272727272727273 2.380952380952381 2.380952380952381 2.380952380952381 2.0 2.0 2.0 2.0 2.0 2.0 2.0 2.0 2.0 2.380952380952381 2.380952380952381 2.380952380952381 2.0 2.0 2.0 2.380952380952381 2.380952380952381 2.380952380952381 2.380952380952381 2.380952380952381 2.380952380952381 2.0 2.0 2.0 2.272727272727273 2.272727272727273 2.272727272727273 2.0 2.0 2.0 2.0 2.0 2.0 2.0 2.0 2.0 2.0 2.0 2.0 2.0 2.0 2.0 
7 2.0 2.0 2.0 2.0 2.0 2.0 2.272727272727273 2.272727272727273 2.272727272727273 2.380952380952381 2.380952380952381 2.380952380952381 2.0 2.0 2.0 2.0 2.0 2.0 2.0 2.0 2.0 2.380952380952381 2.380952380952381 2.380952380952381 2.0 2.0 2.0 2.380952380952381 2.380952380952381 2.380952380952381 2.380952380952381 2.380952380952381 2.380952380952381 2.0 2.0 2.0 2.272727272727273 2.272727272727273 2.272727272727273 2.0 2.0 2.0 2.0 2.0 2.0 2.0 2.0 2.0 2.0 2.0 2.0 2.0 2.0 2.0 
8 2.0 2.0 2.0 2.0 2.0 2.0 2.272727272727273 2.272727272727273 2.272727272727273 2.380952380952381 2.380952380952381 2.380952380952381 2.0 2.0 2.0 2.0 2.0 2.0 2.0 2.0 2.0 2.380952380952381 2.380952380952381 2.380952380952381 2.0 2.0 2.0 2.380952380952381 2.380952380952381 2.380952380952381 2.380952380952381 2.380952380952381 2.380952380952381 2.0 2.0 2.0 2.272727272727273 2.272727272727273 2.272727272727273 2.0 2.0 2.0 2.0 2.0 2.0 2.0 2.0 2.0 2.0 2.0 2.0 2.0 2.0 2.0 
9 2.0 2.0 2.0 2.0 2.0 2.0 2.272727272727273 2.272727272727273 2.272727272727273 2.380952380952381 2.380952380952381 2.380952380952381 2.0 2.0 2.0 2.0 2.0 2.0 2.0 2.0 2.0 2.380952380952381 2.380952380952381 2.380952380952381 2.0 2.0 2.0 2.380952380952381 2.380952380952381 2.380952380952381 2.380952380952381 2.380952380952381 2.380952380952381 2.0 2.0 2.0 2.272727272727273 2.272727272727273 2.272727272727273 2.0 2.0 2.0 2.0 2.0 2.0 2.0 2.0 2.0 2.0 2.0 2.0 2.0 2.0 2.0 
10 4.0 4.0 4.0 4.0 4.0 4.0 4.545454545454546 4.545454545454546 4.545454545454546 4.761904761904762 4.761904761904762 4.761904761904762 4.0 4.0 4.0 4.0 4.0 4.0 4.0 4.0 4.0 4.761904761904762 4.761904761904762 4.761904761904762 4.0 4.0 4.0 4.761904761904762 4.761904761904762 4.761904761904762 4.761904761904762 4.761904761904762 4.761904761904762 4.0 4.0 4.0 4.545454545454546 4.545454545454546 4.545454545454546 4.0 4.0 4.0 4.0 4.0 4.0 4.0 4.0 4.0 4.0 4.0 4.0 4.0 4.0 4.0 
11 4.0 4.0 4.0 4.0 4.0 4.0 4.545454545454546 4.545454545454546 4.545454545454546 4.761904761904762 4.761904761904762 4.761904761904762 4.0 4.0 4.0 4.0 4.0 4.0 4.0 4.0 4.0 4.761904761904762 4.761904761904762 4.761904761904762 4.0 4.0 4.0 4.761904761904762 4.761904761904762 4.761904761904762 4.761904761904762 4.761904761904762 4.761904761904762 4.0 4.0 4.0 4.545454545454546 4.545454545454546 4.545454545454546 4.0 4.0 4.0 4.0 4.0 4.0 4.0 4.0 4.0 4.0 4.0 4.0 4.0 4.0 4.0 
12 2.0 2.0 2.0 2.0 2.0 2.0 2.272727272727273 2.272727272727273 2.272727272727273 2.380952380952381 2.380952380952381 2.380952380952381 2.0 2.0 2.0 2.0 2.0 2.0 2.0 2.0 2.0 2.380952380952381 2.380952380952381 2.380952380952381 2.0 2.0 2.0 2.380952380952381 2.380952380952381 2.380952380952381 2.380952380952381 2.380952380952381 2.380952380952381 2.0 2.0 2.0 2.272727272727273 2.272727272727273 2.272727272727273 2.0 2.0 2.0 2.0 2.0 2.0 2.0 2.0 2.0 2.0 2.0 2.0 2.0 2.0 2.0 
13 2.0 2.0 2.0 2.0 2.0 2.0 2.272727272727273 2.272727272727273 2.272727272727273 2.380952380952381 2.380952380952381 2.380952380952381 2.0 2.0 2.0 2.0 2.0 2.0 2.0 2.0 2.0 2.380952380952381 2.380952380952381 2.380952380952381 2.0 2.0 2.0 2.380952380952381 2.380952380952381 2.380952380952381 2.380952380952381 2.380952380952381 2.380952380952381 2.0 2.0 2.0 2.272727272727273 2.272727272727273 2.272727272727273 2.0 2.0 2.0 2.0 2.0 2.0 2.0 2.0 2.0 2.0 2.0 2.0 2.0 2.0 2.0 
14 2.0 2.0 2.0 2.0 2.0 2.0 2.272727272727273 2.272727272727273 2.272727272727273 2.380952380952381 2.380952380952381 2.380952380952381 2.0 2.0 2.0 2.0 2.0 2.0 2.0 2.0 2.0 2.380952380952381 2.380952380952381 2.380952380952381 2.0 2.0 2.0 2.380952380952381 2.380952380952381 2.380952380952381 2.380952380952381 2.380952380952381 2.380952380952381 2.0 2.0 2.0 2.272727272727273 2.272727272727273 2.272727272727273 2.0 2.0 2.0 2.0 2.0 2.0 2.0 2.0 2.0 2.0 2.0 2.0 2.0 2.0 2.0 
15 2.0 2.0 2.0 2.0 2.0 2.0 2.272727272727273 2.272727272727273 2.272727272727273 2.380952380952381 2.380952380952381 2.380952380952381 2.0 2.0 2.0 2.0 2.0 2.0 2.0 2.0 2.0 2.380952380952381 2.380952380952381 2.380952380952381 2.0 2.0 2.0 2.380952380952381 2.380952380952381 2.380952380952381 2.380952380952381 2.380952380952381 2.380952380952381 2.0 2.0 2.0 2.272727272727273 2.272727272727273 2.272727272727273 2.0 2.0 2.0 2.0 2.0 2.0 2.0 2.0 2.0 2.0 2.0 2.0 2.0 2.0 2.0 
16 2.0 2.0 2.0 2.0 2.0 2.0 2.272727272727273 2.272727272727273 2.272727272727273 2.380952380952381 2.380952380952381 2.380952380952381 2.0 2.0 2.0 2.0 2.0 2.0 2.0 2.0 2.0 2.380952380952381 2.380952380952381 2.380952380952381 2.0 2.0 2.0 2.380952380952381 2.380952380952381 2.380952380952381 2.380952380952381 2.380952380952381 2.380952380952381 2.0 2.0 2.0 2.272727272727273 2.272727272727273 2.272727272727273 2.0 2.0 2.0 2.0 2.0 2.0 2.0 2.0 2.0 2.0 2.0 2.0 2.0 2.0 2.0 
17 16.0 16.0 16.0 16.0 16.0 16.0 18.181818181818183 18.181818181818183 18.181818181818183 19.047619047619047 19.047619047619047 19.047619047619047 16.0 16.0 16.0 16.0 16.0 16.0 16.0 16.0 16.0 19.047619047619047 19.047619047619047 19.047619047619047 16.0 16.0 16.0 19.047619047619047 19.047619047619047 19.047619047619047 19.047619047619047 19.047619047619047 19.047619047619047 16.0 16.0 16.0 18.181818181818183 18.181818181818183 18.181818181818183 16.0 16.0 16.0 16.0 16.0 16.0 16.0 16.0 16.0 16.0 16.0 16.0 16.0 16.0 16.0 
18 1.0 1.0 1.0 1.0 1.0 1.0 1.1363636363636365 1.1363636363636365 1.1363636363636365 1.1904761904761905 1.1904761904761905 1.1904761904761905 1.0 1.0 1.0 1.0 1.0 1.0 1.0 1.0 1.0 1.1904761904761905 1.1904761904761905 1.1904761904761905 1.0 1.0 1.0 1.1904761904761905 1.1904761904761905 1.1904761904761905 1.1904761904761905 1.1904761904761905 1.1904761904761905 1.0 1.0 1.0 1.1363636363636365 1.1363636363636365 1.1363636363636365 1.0 1.0 1.0 1.0 1.0 1.0 1.0 1.0 1.0 1.0 1.0 1.0 1.0 1.0 1.0 
71 2.0 2.0 2.0 2.0 2.0 2.0 2.272727272727273 2.272727272727273 2.272727272727273 2.380952380952381 2.380952380952381 2.380952380952381 2.0 2.0 2.0 2.0 2.0 2.0 2.0 2.0 2.0 2.380952380952381 2.380952380952381 2.380952380952381 2.0 2.0 2.0 2.380952380952381 2.380952380952381 2.380952380952381 2.380952380952381 2.380952380952381 2.380952380952381 2.0 2.0 2.0 2.272727272727273 2.272727272727273 2.272727272727273 2.0 2.0 2.0 2.0 2.0 2.0 2.0 2.0 2.0 2.0 2.0 2.0 2.0 2.0 2.0 
72 16.0 16.0 16.0 16.0 16.0 16.0 18.181818181818183 18.181818181818183 18.181818181818183 19.047619047619047 19.047619047619047 19.047619047619047 16.0 16.0 16.0 16.0 16.0 16.0 16.0 16.0 16.0 19.047619047619047 19.047619047619047 19.047619047619047 16.0 16.0 16.0 19.047619047619047 19.047619047619047 19.047619047619047 19.047619047619047 19.047619047619047 19.047619047619047 16.0 16.0 16.0 18.181818181818183 18.181818181818183 18.181818181818183 16.0 16.0 16.0 16.0 16.0 16.0 16.0 16.0 16.0 16.0 16.0 16.0 16.0 16.0 16.0 
73 16.0 16.0 16.0 16.0 16.0 16.0 18.181818181818183 18.181818181818183 18.181818181818183 19.047619047619047 19.047619047619047 19.047619047619047 16.0 16.0 16.0 16.0 16.0 16.0 16.0 16.0 16.0 19.047619047619047 19.047619047619047 19.047619047619047 16.0 16.0 16.0 19.047619047619047 19.047619047619047 19.047619047619047 19.047619047619047 19.047619047619047 19.047619047619047 16.0 16.0 16.0 18.181818181818183 18.181818181818183 18.181818181818183 16.0 16.0 16.0 16.0 16.0 16.0 16.0 16.0 16.0 16.0 16.0 16.0 16.0 16.0 16.0 
19 4.0 4.0 4.0 4.0 4.0 4.0 4.545454545454546 4.545454545454546 4.545454545454546 4.761904761904762 4.761904761904762 4.761904761904762 4.0 4.0 4.0 4.0 4.0 4.0 4.0 4.0 4.0 4.761904761904762 4.761904761904762 4.761904761904762 4.0 4.0 4.0 4.761904761904762 4.761904761904762 4.761904761904762 4.761904761904762 4.761904761904762 4.761904761904762 4.0 4.0 4.0 4.545454545454546 4.545454545454546 4.545454545454546 4.0 4.0 4.0 4.0 4.0 4.0 4.0 4.0 4.0 4.0 4.0 4.0 4.0 4.0 4.0 
20 4.0 4.0 4.0 4.0 4.0 4.0 4.545454545454546 4.545454545454546 4.545454545454546 4.761904761904762 4.761904761904762 4.761904761904762 4.0 4.0 4.0 4.0 4.0 4.0 4.0 4.0 4.0 4.761904761904762 4.761904761904762 4.761904761904762 4.0 4.0 4.0 4.761904761904762 4.761904761904762 4.761904761904762 4.761904761904762 4.761904761904762 4.761904761904762 4.0 4.0 4.0 4.545454545454546 4.545454545454546 4.545454545454546 4.0 4.0 4.0 4.0 4.0 4.0 4.0 4.0 4.0 4.0 4.0 4.0 4.0 4.0 4.0 
21 4.0 4.0 4.0 4.0 4.0 4.0 4.545454545454546 4.545454545454546 4.545454545454546 4.761904761904762 4.761904761904762 4.761904761904762 4.0 4.0 4.0 4.0 4.0 4.0 4.0 4.0 4.0 4.761904761904762 4.761904761904762 4.761904761904762 4.0 4.0 4.0 4.761904761904762 4.761904761904762 4.761904761904762 4.761904761904762 4.761904761904762 4.761904761904762 4.0 4.0 4.0 4.545454545454546 4.545454545454546 4.545454545454546 4.0 4.0 4.0 4.0 4.0 4.0 4.0 4.0 4.0 4.0 4.0 4.0 4.0 4.0 4.0 
60 4.0 4.0 4.0 4.0 4.0 4.0 4.545454545454546 4.545454545454546 4.545454545454546 4.761904761904762 4.761904761904762 4.761904761904762 4.0 4.0 4.0 4.0 4.0 4.0 4.0 4.0 4.0 4.761904761904762 4.761904761904762 4.761904761904762 4.0 4.0 4.0 4.761904761904762 4.761904761904762 4.761904761904762 4.761904761904762 4.761904761904762 4.761904761904762 4.0 4.0 4.0 4.545454545454546 4.545454545454546 4.545454545454546 4.0 4.0 4.0 4.0 4.0 4.0 4.0 4.0 4.0 4.0 4.0 4.0 4.0 4.0 4.0 
61 4.0 4.0 4.0 4.0 4.0 4.0 4.545454545454546 4.545454545454546 4.545454545454546 4.761904761904762 4.761904761904762 4.761904761904762 4.0 4.0 4.0 4.0 4.0 4.0 4.0 4.0 4.0 4.761904761904762 4.761904761904762 4.761904761904762 4.0 4.0 4.0 4.761904761904762 4.761904761904762 4.761904761904762 4.761904761904762 4.761904761904762 4.761904761904762 4.0 4.0 4.0 4.545454545454546 4.545454545454546 4.545454545454546 4.0 4.0 4.0 4.0 4.0 4.0 4.0 4.0 4.0 4.0 4.0 4.0 4.0 4.0 4.0 
62 4.0 4.0 4.0 4.0 4.0 4.0 4.545454545454546 4.545454545454546 4.545454545454546 4.761904761904762 4.761904761904762 4.761904761904762 4.0 4.0 4.0 4.0 4.0 4.0 4.0 4.0 4.0 4.761904761904762 4.761904761904762 4.761904761904762 4.0 4.0 4.0 4.761904761904762 4.761904761904762 4.761904761904762 4.761904761904762 4.761904761904762 4.761904761904762 4.0 4.0 4.0 4.545454545454546 4.545454545454546 4.545454545454546 4.0 4.0 4.0 4.0 4.0 4.0 4.0 4.0 4.0 4.0 4.0 4.0 4.0 4.0 4.0 
63 4.0 4.0 4.0 4.0 4.0 4.0 4.545454545454546 4.545454545454546 4.545454545454546 4.761904761904762 4.761904761904762 4.761904761904762 4.0 4.0 4.0 4.0 4.0 4.0 4.0 4.0 4.0 4.761904761904762 4.761904761904762 4.761904761904762 4.0 4.0 4.0 4.761904761904762 4.761904761904762 4.761904761904762 4.761904761904762 4.761904761904762 4.761904761904762 4.0 4.0 4.0 4.545454545454546 4.545454545454546 4.545454545454546 4.0 4.0 4.0 4.0 4.0 4.0 4.0 4.0 4.0 4.0 4.0 4.0 4.0 4.0 4.0 
64 4.0 4.0 4.0 4.0 4.0 4.0 4.545454545454546 4.545454545454546 4.545454545454546 4.761904761904762 4.761904761904762 4.761904761904762 4.0 4.0 4.0 4.0 4.0 4.0 4.0 4.0 4.0 4.761904761904762 4.761904761904762 4.761904761904762 4.0 4.0 4.0 4.761904761904762 4.761904761904762 4.761904761904762 4.761904761904762 4.761904761904762 4.761904761904762 4.0 4.0 4.0 4.545454545454546 4.545454545454546 4.545454545454546 4.0 4.0 4.0 4.0 4.0 4.0 4.0 4.0 4.0 4.0 4.0 4.0 4.0 4.0 4.0 
65 4.0 4.0 4.0 4.0 4.0 4.0 4.545454545454546 4.545454545454546 4.545454545454546 4.761904761904762 4.761904761904762 4.761904761904762 4.0 4.0 4.0 4.0 4.0 4.0 4.0 4.0 4.0 4.761904761904762 4.761904761904762 4.761904761904762 4.0 4.0 4.0 4.761904761904762 4.761904761904762 4.761904761904762 4.761904761904762 4.761904761904762 4.761904761904762 4.0 4.0 4.0 4.545454545454546 4.545454545454546 4.545454545454546 4.0 4.0 4.0 4.0 4.0 4.0 4.0 4.0 4.0 4.0 4.0 4.0 4.0 4.0 4.0 
22 1.0 1.0 1.0 1.0 1.0 1.0 1.1363636363636365 1.1363636363636365 1.1363636363636365 1.1904761904761905 1.1904761904761905 1.1904761904761905 1.0 1.0 1.0 1.0 1.0 1.0 1.0 1.0 1.0 1.1904761904761905 1.1904761904761905 1.1904761904761905 1.0 1.0 1.0 1.1904761904761905 1.1904761904761905 1.1904761904761905 1.1904761904761905 1.1904761904761905 1.1904761904761905 1.0 1.0 1.0 1.1363636363636365 1.1363636363636365 1.1363636363636365 1.0 1.0 1.0 1.0 1.0 1.0 1.0 1.0 1.0 1.0 1.0 1.0 1.0 1.0 1.0 
23 1.0 1.0 1.0 1.0 1.0 1.0 1.1363636363636365 1.1363636363636365 1.1363636363636365 1.1904761904761905 1.1904761904761905 1.1904761904761905 1.0 1.0 1.0 1.0 1.0 1.0 1.0 1.0 1.0 1.1904761904761905 1.1904761904761905 1.1904761904761905 1.0 1.0 1.0 1.1904761904761905 1.1904761904761905 1.1904761904761905 1.1904761904761905 1.1904761904761905 1.1904761904761905 1.0 1.0 1.0 1.1363636363636365 1.1363636363636365 1.1363636363636365 1.0 1.0 1.0 1.0 1.0 1.0 1.0 1.0 1.0 1.0 1.0 1.0 1.0 1.0 1.0 
24 1.0 1.0 1.0 1.0 1.0 1.0 1.1363636363636365 1.1363636363636365 1.1363636363636365 1.1904761904761905 1.1904761904761905 1.1904761904761905 1.0 1.0 1.0 1.0 1.0 1.0 1.0 1.0 1.0 1.1904761904761905 1.1904761904761905 1.1904761904761905 1.0 1.0 1.0 1.1904761904761905 1.1904761904761905 1.1904761904761905 1.1904761904761905 1.1904761904761905 1.1904761904761905 1.0 1.0 1.0 1.1363636363636365 1.1363636363636365 1.1363636363636365 1.0 1.0 1.0 1.0 1.0 1.0 1.0 1.0 1.0 1.0 1.0 1.0 1.0 1.0 1.0 
25 1.0 1.0 1.0 1.0 1.0 1.0 1.1363636363636365 1.1363636363636365 1.1363636363636365 1.1904761904761905 1.1904761904761905 1.1904761904761905 1.0 1.0 1.0 1.0 1.0 1.0 1.0 1.0 1.0 1.1904761904761905 1.1904761904761905 1.1904761904761905 1.0 1.0 1.0 1.1904761904761905 1.1904761904761905 1.1904761904761905 1.1904761904761905 1.1904761904761905 1.1904761904761905 1.0 1.0 1.0 1.1363636363636365 1.1363636363636365 1.1363636363636365 1.0 1.0 1.0 1.0 1.0 1.0 1.0 1.0 1.0 1.0 1.0 1.0 1.0 1.0 1.0 
26 4.0 4.0 4.0 4.0 4.0 4.0 4.545454545454546 4.545454545454546 4.545454545454546 4.761904761904762 4.761904761904762 4.761904761904762 4.0 4.0 4.0 4.0 4.0 4.0 4.0 4.0 4.0 4.761904761904762 4.761904761904762 4.761904761904762 4.0 4.0 4.0 4.761904761904762 4.761904761904762 4.761904761904762 4.761904761904762 4.761904761904762 4.761904761904762 4.0 4.0 4.0 4.545454545454546 4.545454545454546 4.545454545454546 4.0 4.0 4.0 4.0 4.0 4.0 4.0 4.0 4.0 4.0 4.0 4.0 4.0 4.0 4.0 
27 2.0 2.0 2.0 2.0 2.0 2.0 2.272727272727273 2.272727272727273 2.272727272727273 2.380952380952381 2.380952380952381 2.380952380952381 2.0 2.0 2.0 2.0 2.0 2.0 2.0 2.0 2.0 2.380952380952381 2.380952380952381 2.380952380952381 2.0 2.0 2.0 2.380952380952381 2.380952380952381 2.380952380952381 2.380952380952381 2.380952380952381 2.380952380952381 2.0 2.0 2.0 2.272727272727273 2.272727272727273 2.272727272727273 2.0 2.0 2.0 2.0 2.0 2.0 2.0 2.0 2.0 2.0 2.0 2.0 2.0 2.0 2.0 
28 2.0 2.0 2.0 2.0 2.0 2.0 2.272727272727273 2.272727272727273 2.272727272727273 2.380952380952381 2.380952380952381 2.380952380952381 2.0 2.0 2.0 2.0 2.0 2.0 2.0 2.0 2.0 2.380952380952381 2.380952380952381 2.380952380952381 2.0 2.0 2.0 2.380952380952381 2.380952380952381 2.380952380952381 2.380952380952381 2.380952380952381 2.380952380952381 2.0 2.0 2.0 2.272727272727273 2.272727272727273 2.272727272727273 2.0 2.0 2.0 2.0 2.0 2.0 2.0 2.0 2.0 2.0 2.0 2.0 2.0 2.0 2.0 
29 2.0 2.0 2.0 2.0 2.0 2.0 2.272727272727273 2.272727272727273 2.272727272727273 2.380952380952381 2.380952380952381 2.380952380952381 2.0 2.0 2.0 2.0 2.0 2.0 2.0 2.0 2.0 2.380952380952381 2.380952380952381 2.380952380952381 2.0 2.0 2.0 2.380952380952381 2.380952380952381 2.380952380952381 2.380952380952381 2.380952380952381 2.380952380952381 2.0 2.0 2.0 2.272727272727273 2.272727272727273 2.272727272727273 2.0 2.0 2.0 2.0 2.0 2.0 2.0 2.0 2.0 2.0 2.0 2.0 2.0 2.0 2.0 
30 2.0 2.0 2.0 2.0 2.0 2.0 2.272727272727273 2.272727272727273 2.272727272727273 2.380952380952381 2.380952380952381 2.380952380952381 2.0 2.0 2.0 2.0 2.0 2.0 2.0 2.0 2.0 2.380952380952381 2.380952380952381 2.380952380952381 2.0 2.0 2.0 2.380952380952381 2.380952380952381 2.380952380952381 2.380952380952381 2.380952380952381 2.380952380952381 2.0 2.0 2.0 2.272727272727273 2.272727272727273 2.272727272727273 2.0 2.0 2.0 2.0 2.0 2.0 2.0 2.0 2.0 2.0 2.0 2.0 2.0 2.0 2.0 
31 2.0 2.0 2.0 2.0 2.0 2.0 2.272727272727273 2.272727272727273 2.272727272727273 2.380952380952381 2.380952380952381 2.380952380952381 2.0 2.0 2.0 2.0 2.0 2.0 2.0 2.0 2.0 2.380952380952381 2.380952380952381 2.380952380952381 2.0 2.0 2.0 2.380952380952381 2.380952380952381 2.380952380952381 2.380952380952381 2.380952380952381 2.380952380952381 2.0 2.0 2.0 2.272727272727273 2.272727272727273 2.272727272727273 2.0 2.0 2.0 2.0 2.0 2.0 2.0 2.0 2.0 2.0 2.0 2.0 2.0 2.0 2.0 
32 2.0 2.0 2.0 2.0 2.0 2.0 2.272727272727273 2.272727272727273 2.272727272727273 2.380952380952381 2.380952380952381 2.380952380952381 2.0 2.0 2.0 2.0 2.0 2.0 2.0 2.0 2.0 2.380952380952381 2.380952380952381 2.380952380952381 2.0 2.0 2.0 2.380952380952381 2.380952380952381 2.380952380952381 2.380952380952381 2.380952380952381 2.380952380952381 2.0 2.0 2.0 2.272727272727273 2.272727272727273 2.272727272727273 2.0 2.0 2.0 2.0 2.0 2.0 2.0 2.0 2.0 2.0 2.0 2.0 2.0 2.0 2.0 
33 2.0 2.0 2.0 2.0 2.0 2.0 2.272727272727273 2.272727272727273 2.272727272727273 2.380952380952381 2.380952380952381 2.380952380952381 2.0 2.0 2.0 2.0 2.0 2.0 2.0 2.0 2.0 2.380952380952381 2.380952380952381 2.380952380952381 2.0 2.0 2.0 2.380952380952381 2.380952380952381 2.380952380952381 2.380952380952381 2.380952380952381 2.380952380952381 2.0 2.0 2.0 2.272727272727273 2.272727272727273 2.272727272727273 2.0 2.0 2.0 2.0 2.0 2.0 2.0 2.0 2.0 2.0 2.0 2.0 2.0 2.0 2.0 
34 2.0 2.0 2.0 2.0 2.0 2.0 2.272727272727273 2.272727272727273 2.272727272727273 2.380952380952381 2.380952380952381 2.380952380952381 2.0 2.0 2.0 2.0 2.0 2.0 2.0 2.0 2.0 2.380952380952381 2.380952380952381 2.380952380952381 2.0 2.0 2.0 2.380952380952381 2.380952380952381 2.380952380952381 2.380952380952381 2.380952380952381 2.380952380952381 2.0 2.0 2.0 2.272727272727273 2.272727272727273 2.272727272727273 2.0 2.0 2.0 2.0 2.0 2.0 2.0 2.0 2.0 2.0 2.0 2.0 2.0 2.0 2.0 
35 2.0 2.0 2.0 2.0 2.0 2.0 2.272727272727273 2.272727272727273 2.272727272727273 2.380952380952381 2.380952380952381 2.380952380952381 2.0 2.0 2.0 2.0 2.0 2.0 2.0 2.0 2.0 2.380952380952381 2.380952380952381 2.380952380952381 2.0 2.0 2.0 2.380952380952381 2.380952380952381 2.380952380952381 2.380952380952381 2.380952380952381 2.380952380952381 2.0 2.0 2.0 2.272727272727273 2.272727272727273 2.272727272727273 2.0 2.0 2.0 2.0 2.0 2.0 2.0 2.0 2.0 2.0 2.0 2.0 2.0 2.0 2.0 
36 2.0 2.0 2.0 2.0 2.0 2.0 2.272727272727273 2.272727272727273 2.272727272727273 2.380952380952381 2.380952380952381 2.380952380952381 2.0 2.0 2.0 2.0 2.0 2.0 2.0 2.0 2.0 2.380952380952381 2.380952380952381 2.380952380952381 2.0 2.0 2.0 2.380952380952381 2.380952380952381 2.380952380952381 2.380952380952381 2.380952380952381 2.380952380952381 2.0 2.0 2.0 2.272727272727273 2.272727272727273 2.272727272727273 2.0 2.0 2.0 2.0 2.0 2.0 2.0 2.0 2.0 2.0 2.0 2.0 2.0 2.0 2.0 
37 1.0 1.0 1.0 1.0 1.0 1.0 1.1363636363636365 1.1363636363636365 1.1363636363636365 1.1904761904761905 1.1904761904761905 1.1904761904761905 1.0 1.0 1.0 1.0 1.0 1.0 1.0 1.0 1.0 1.1904761904761905 1.1904761904761905 1.1904761904761905 1.0 1.0 1.0 1.1904761904761905 1.1904761904761905 1.1904761904761905 1.1904761904761905 1.1904761904761905 1.1904761904761905 1.0 1.0 1.0 1.1363636363636365 1.1363636363636365 1.1363636363636365 1.0 1.0 1.0 1.0 1.0 1.0 1.0 1.0 1.0 1.0 1.0 1.0 1.0 1.0 1.0 
38 2.0 2.0 2.0 2.0 2.0 2.0 2.272727272727273 2.272727272727273 2.272727272727273 2.380952380952381 2.380952380952381 2.380952380952381 2.0 2.0 2.0 2.0 2.0 2.0 2.0 2.0 2.0 2.380952380952381 2.380952380952381 2.380952380952381 2.0 2.0 2.0 2.380952380952381 2.380952380952381 2.380952380952381 2.380952380952381 2.380952380952381 2.380952380952381 2.0 2.0 2.0 2.272727272727273 2.272727272727273 2.272727272727273 2.0 2.0 2.0 2.0 2.0 2.0 2.0 2.0 2.0 2.0 2.0 2.0 2.0 2.0 2.0 
39 4.0 4.0 4.0 4.0 4.0 4.0 4.545454545454546 4.545454545454546 4.545454545454546 4.761904761904762 4.761904761904762 4.761904761904762 4.0 4.0 4.0 4.0 4.0 4.0 4.0 4.0 4.0 4.761904761904762 4.761904761904762 4.761904761904762 4.0 4.0 4.0 4.761904761904762 4.761904761904762 4.761904761904762 4.761904761904762 4.761904761904762 4.761904761904762 4.0 4.0 4.0 4.545454545454546 4.545454545454546 4.545454545454546 4.0 4.0 4.0 4.0 4.0 4.0 4.0 4.0 4.0 4.0 4.0 4.0 4.0 4.0 4.0 
40 4.0 4.0 4.0 4.0 4.0 4.0 4.545454545454546 4.545454545454546 4.545454545454546 4.761904761904762 4.761904761904762 4.761904761904762 4.0 4.0 4.0 4.0 4.0 4.0 4.0 4.0 4.0 4.761904761904762 4.761904761904762 4.761904761904762 4.0 4.0 4.0 4.761904761904762 4.761904761904762 4.761904761904762 4.761904761904762 4.761904761904762 4.761904761904762 4.0 4.0 4.0 4.545454545454546 4.545454545454546 4.545454545454546 4.0 4.0 4.0 4.0 4.0 4.0 4.0 4.0 4.0 4.0 4.0 4.0 4.0 4.0 4.0 
41 1.0 1.0 1.0 1.0 1.0 1.0 1.1363636363636365 1.1363636363636365 1.1363636363636365 1.1904761904761905 1.1904761904761905 1.1904761904761905 1.0 1.0 1.0 1.0 1.0 1.0 1.0 1.0 1.0 1.1904761904761905 1.1904761904761905 1.1904761904761905 1.0 1.0 1.0 1.1904761904761905 1.1904761904761905 1.1904761904761905 1.1904761904761905 1.1904761904761905 1.1904761904761905 1.0 1.0 1.0 1.1363636363636365 1.1363636363636365 1.1363636363636365 1.0 1.0 1.0 1.0 1.0 1.0 1.0 1.0 1.0 1.0 1.0 1.0 1.0 1.0 1.0 
42 4.0 4.0 4.0 4.0 4.0 4.0 4.545454545454546 4.545454545454546 4.545454545454546 4.761904761904762 4.761904761904762 4.761904761904762 4.0 4.0 4.0 4.0 4.0 4.0 4.0 4.0 4.0 4.761904761904762 4.761904761904762 4.761904761904762 4.0 4.0 4.0 4.761904761904762 4.761904761904762 4.761904761904762 4.761904761904762 4.761904761904762 4.761904761904762 4.0 4.0 4.0 4.545454545454546 4.545454545454546 4.545454545454546 4.0 4.0 4.0 4.0 4.0 4.0 4.0 4.0 4.0 4.0 4.0 4.0 4.0 4.0 4.0 
68 1.0 1.0 1.0 1.0 1.0 1.0 1.1363636363636365 1.1363636363636365 1.1363636363636365 1.1904761904761905 1.1904761904761905 1.1904761904761905 1.0 1.0 1.0 1.0 1.0 1.0 1.0 1.0 1.0 1.1904761904761905 1.1904761904761905 1.1904761904761905 1.0 1.0 1.0 1.1904761904761905 1.1904761904761905 1.1904761904761905 1.1904761904761905 1.1904761904761905 1.1904761904761905 1.0 1.0 1.0 1.1363636363636365 1.1363636363636365 1.1363636363636365 1.0 1.0 1.0 1.0 1.0 1.0 1.0 1.0 1.0 1.0 1.0 1.0 1.0 1.0 1.0 
69 4.0 4.0 4.0 4.0 4.0 4.0 4.545454545454546 4.545454545454546 4.545454545454546 4.761904761904762 4.761904761904762 4.761904761904762 4.0 4.0 4.0 4.0 4.0 4.0 4.0 4.0 4.0 4.761904761904762 4.761904761904762 4.761904761904762 4.0 4.0 4.0 4.761904761904762 4.761904761904762 4.761904761904762 4.761904761904762 4.761904761904762 4.761904761904762 4.0 4.0 4.0 4.545454545454546 4.545454545454546 4.545454545454546 4.0 4.0 4.0 4.0 4.0 4.0 4.0 4.0 4.0 4.0 4.0 4.0 4.0 4.0 4.0 
70 4.0 4.0 4.0 4.0 4.0 4.0 4.545454545454546 4.545454545454546 4.545454545454546 4.761904761904762 4.761904761904762 4.761904761904762 4.0 4.0 4.0 4.0 4.0 4.0 4.0 4.0 4.0 4.761904761904762 4.761904761904762 4.761904761904762 4.0 4.0 4.0 4.761904761904762 4.761904761904762 4.761904761904762 4.761904761904762 4.761904761904762 4.761904761904762 4.0 4.0 4.0 4.545454545454546 4.545454545454546 4.545454545454546 4.0 4.0 4.0 4.0 4.0 4.0 4.0 4.0 4.0 4.0 4.0 4.0 4.0 4.0 4.0 
43 2.0 2.0 2.0 2.0 2.0 2.0 2.272727272727273 2.272727272727273 2.272727272727273 2.380952380952381 2.380952380952381 2.380952380952381 2.0 2.0 2.0 2.0 2.0 2.0 2.0 2.0 2.0 2.380952380952381 2.380952380952381 2.380952380952381 2.0 2.0 2.0 2.380952380952381 2.380952380952381 2.380952380952381 2.380952380952381 2.380952380952381 2.380952380952381 2.0 2.0 2.0 2.272727272727273 2.272727272727273 2.272727272727273 2.0 2.0 2.0 2.0 2.0 2.0 2.0 2.0 2.0 2.0 2.0 2.0 2.0 2.0 2.0 
44 2.0 2.0 2.0 2.0 2.0 2.0 2.272727272727273 2.272727272727273 2.272727272727273 2.380952380952381 2.380952380952381 2.380952380952381 2.0 2.0 2.0 2.0 2.0 2.0 2.0 2.0 2.0 2.380952380952381 2.380952380952381 2.380952380952381 2.0 2.0 2.0 2.380952380952381 2.380952380952381 2.380952380952381 2.380952380952381 2.380952380952381 2.380952380952381 2.0 2.0 2.0 2.272727272727273 2.272727272727273 2.272727272727273 2.0 2.0 2.0 2.0 2.0 2.0 2.0 2.0 2.0 2.0 2.0 2.0 2.0 2.0 2.0 
45 1.0 1.0 1.0 1.0 1.0 1.0 1.1363636363636365 1.1363636363636365 1.1363636363636365 1.1904761904761905 1.1904761904761905 1.1904761904761905 1.0 1.0 1.0 1.0 1.0 1.0 1.0 1.0 1.0 1.1904761904761905 1.1904761904761905 1.1904761904761905 1.0 1.0 1.0 1.1904761904761905 1.1904761904761905 1.1904761904761905 1.1904761904761905 1.1904761904761905 1.1904761904761905 1.0 1.0 1.0 1.1363636363636365 1.1363636363636365 1.1363636363636365 1.0 1.0 1.0 1.0 1.0 1.0 1.0 1.0 1.0 1.0 1.0 1.0 1.0 1.0 1.0 
57 2.0 2.0 2.0 2.0 2.0 2.0 2.272727272727273 2.272727272727273 2.272727272727273 2.380952380952381 2.380952380952381 2.380952380952381 2.0 2.0 2.0 2.0 2.0 2.0 2.0 2.0 2.0 2.380952380952381 2.380952380952381 2.380952380952381 2.0 2.0 2.0 2.380952380952381 2.380952380952381 2.380952380952381 2.380952380952381 2.380952380952381 2.380952380952381 2.0 2.0 2.0 2.272727272727273 2.272727272727273 2.272727272727273 2.0 2.0 2.0 2.0 2.0 2.0 2.0 2.0 2.0 2.0 2.0 2.0 2.0 2.0 2.0 
46 2.0 2.0 2.0 2.0 2.0 2.0 2.272727272727273 2.272727272727273 2.272727272727273 2.380952380952381 2.380952380952381 2.380952380952381 2.0 2.0 2.0 2.0 2.0 2.0 2.0 2.0 2.0 2.380952380952381 2.380952380952381 2.380952380952381 2.0 2.0 2.0 2.380952380952381 2.380952380952381 2.380952380952381 2.380952380952381 2.380952380952381 2.380952380952381 2.0 2.0 2.0 2.272727272727273 2.272727272727273 2.272727272727273 2.0 2.0 2.0 2.0 2.0 2.0 2.0 2.0 2.0 2.0 2.0 2.0 2.0 2.0 2.0 
47 1.0 1.0 1.0 1.0 1.0 1.0 1.1363636363636365 1.1363636363636365 1.1363636363636365 1.1904761904761905 1.1904761904761905 1.1904761904761905 1.0 1.0 1.0 1.0 1.0 1.0 1.0 1.0 1.0 1.1904761904761905 1.1904761904761905 1.1904761904761905 1.0 1.0 1.0 1.1904761904761905 1.1904761904761905 1.1904761904761905 1.1904761904761905 1.1904761904761905 1.1904761904761905 1.0 1.0 1.0 1.1363636363636365 1.1363636363636365 1.1363636363636365 1.0 1.0 1.0 1.0 1.0 1.0 1.0 1.0 1.0 1.0 1.0 1.0 1.0 1.0 1.0 
48 8.0 8.0 8.0 8.0 8.0 8.0 9.090909090909092 9.090909090909092 9.090909090909092 9.523809523809524 9.523809523809524 9.523809523809524 8.0 8.0 8.0 8.0 8.0 8.0 8.0 8.0 8.0 9.523809523809524 9.523809523809524 9.523809523809524 8.0 8.0 8.0 9.523809523809524 9.523809523809524 9.523809523809524 9.523809523809524 9.523809523809524 9.523809523809524 8.0 8.0 8.0 9.090909090909092 9.090909090909092 9.090909090909092 8.0 8.0 8.0 8.0 8.0 8.0 8.0 8.0 8.0 8.0 8.0 8.0 8.0 8.0 8.0 
58 1.0 1.0 1.0 1.0 1.0 1.0 1.1363636363636365 1.1363636363636365 1.1363636363636365 1.1904761904761905 1.1904761904761905 1.1904761904761905 1.0 1.0 1.0 1.0 1.0 1.0 1.0 1.0 1.0 1.1904761904761905 1.1904761904761905 1.1904761904761905 1.0 1.0 1.0 1.1904761904761905 1.1904761904761905 1.1904761904761905 1.1904761904761905 1.1904761904761905 1.1904761904761905 1.0 1.0 1.0 1.1363636363636365 1.1363636363636365 1.1363636363636365 1.0 1.0 1.0 1.0 1.0 1.0 1.0 1.0 1.0 1.0 1.0 1.0 1.0 1.0 1.0 
59 1.0 1.0 1.0 1.0 1.0 1.0 1.1363636363636365 1.1363636363636365 1.1363636363636365 1.1904761904761905 1.1904761904761905 1.1904761904761905 1.0 1.0 1.0 1.0 1.0 1.0 1.0 1.0 1.0 1.1904761904761905 1.1904761904761905 1.1904761904761905 1.0 1.0 1.0 1.1904761904761905 1.1904761904761905 1.1904761904761905 1.1904761904761905 1.1904761904761905 1.1904761904761905 1.0 1.0 1.0 1.1363636363636365 1.1363636363636365 1.1363636363636365 1.0 1.0 1.0 1.0 1.0 1.0 1.0 1.0 1.0 1.0 1.0 1.0 1.0 1.0 1.0 
49 4.0 4.0 4.0 4.0 4.0 4.0 4.545454545454546 4.545454545454546 4.545454545454546 4.761904761904762 4.761904761904762 4.761904761904762 4.0 4.0 4.0 4.0 4.0 4.0 4.0 4.0 4.0 4.761904761904762 4.761904761904762 4.761904761904762 4.0 4.0 4.0 4.761904761904762 4.761904761904762 4.761904761904762 4.761904761904762 4.761904761904762 4.761904761904762 4.0 4.0 4.0 4.545454545454546 4.545454545454546 4.545454545454546 4.0 4.0 4.0 4.0 4.0 4.0 4.0 4.0 4.0 4.0 4.0 4.0 4.0 4.0 4.0 
50 4.0 4.0 4.0 4.0 4.0 4.0 4.545454545454546 4.545454545454546 4.545454545454546 4.761904761904762 4.761904761904762 4.761904761904762 4.0 4.0 4.0 4.0 4.0 4.0 4.0 4.0 4.0 4.761904761904762 4.761904761904762 4.761904761904762 4.0 4.0 4.0 4.761904761904762 4.761904761904762 4.761904761904762 4.761904761904762 4.761904761904762 4.761904761904762 4.0 4.0 4.0 4.545454545454546 4.545454545454546 4.545454545454546 4.0 4.0 4.0 4.0 4.0 4.0 4.0 4.0 4.0 4.0 4.0 4.0 4.0 4.0 4.0 
51 4.0 4.0 4.0 4.0 4.0 4.0 4.545454545454546 4.545454545454546 4.545454545454546 4.761904761904762 4.761904761904762 4.761904761904762 4.0 4.0 4.0 4.0 4.0 4.0 4.0 4.0 4.0 4.761904761904762 4.761904761904762 4.761904761904762 4.0 4.0 4.0 4.761904761904762 4.761904761904762 4.761904761904762 4.761904761904762 4.761904761904762 4.761904761904762 4.0 4.0 4.0 4.545454545454546 4.545454545454546 4.545454545454546 4.0 4.0 4.0 4.0 4.0 4.0 4.0 4.0 4.0 4.0 4.0 4.0 4.0 4.0 4.0 
52 4.0 4.0 4.0 4.0 4.0 4.0 4.545454545454546 4.545454545454546 4.545454545454546 4.761904761904762 4.761904761904762 4.761904761904762 4.0 4.0 4.0 4.0 4.0 4.0 4.0 4.0 4.0 4.761904761904762 4.761904761904762 4.761904761904762 4.0 4.0 4.0 4.761904761904762 4.761904761904762 4.761904761904762 4.761904761904762 4.761904761904762 4.761904761904762 4.0 4.0 4.0 4.545454545454546 4.545454545454546 4.545454545454546 4.0 4.0 4.0 4.0 4.0 4.0 4.0 4.0 4.0 4.0 4.0 4.0 4.0 4.0 4.0 
53 4.0 4.0 4.0 4.0 4.0 4.0 4.545454545454546 4.545454545454546 4.545454545454546 4.761904761904762 4.761904761904762 4.761904761904762 4.0 4.0 4.0 4.0 4.0 4.0 4.0 4.0 4.0 4.761904761904762 4.761904761904762 4.761904761904762 4.0 4.0 4.0 4.761904761904762 4.761904761904762 4.761904761904762 4.761904761904762 4.761904761904762 4.761904761904762 4.0 4.0 4.0 4.545454545454546 4.545454545454546 4.545454545454546 4.0 4.0 4.0 4.0 4.0 4.0 4.0 4.0 4.0 4.0 4.0 4.0 4.0 4.0 4.0 
54 2.0 2.0 2.0 2.0 2.0 2.0 2.272727272727273 2.272727272727273 2.272727272727273 2.380952380952381 2.380952380952381 2.380952380952381 2.0 2.0 2.0 2.0 2.0 2.0 2.0 2.0 2.0 2.380952380952381 2.380952380952381 2.380952380952381 2.0 2.0 2.0 2.380952380952381 2.380952380952381 2.380952380952381 2.380952380952381 2.380952380952381 2.380952380952381 2.0 2.0 2.0 2.272727272727273 2.272727272727273 2.272727272727273 2.0 2.0 2.0 2.0 2.0 2.0 2.0 2.0 2.0 2.0 2.0 2.0 2.0 2.0 2.0 
55 8.0 8.0 8.0 8.0 8.0 8.0 9.090909090909092 9.090909090909092 9.090909090909092 9.523809523809524 9.523809523809524 9.523809523809524 8.0 8.0 8.0 8.0 8.0 8.0 8.0 8.0 8.0 9.523809523809524 9.523809523809524 9.523809523809524 8.0 8.0 8.0 9.523809523809524 9.523809523809524 9.523809523809524 9.523809523809524 9.523809523809524 9.523809523809524 8.0 8.0 8.0 9.090909090909092 9.090909090909092 9.090909090909092 8.0 8.0 8.0 8.0 8.0 8.0 8.0 8.0 8.0 8.0 8.0 8.0 8.0 8.0 8.0 
56 1.0 1.0 1.0 1.0 1.0 1.0 1.1363636363636365 1.1363636363636365 1.1363636363636365 1.1904761904761905 1.1904761904761905 1.1904761904761905 1.0 1.0 1.0 1.0 1.0 1.0 1.0 1.0 1.0 1.1904761904761905 1.1904761904761905 1.1904761904761905 1.0 1.0 1.0 1.1904761904761905 1.1904761904761905 1.1904761904761905 1.1904761904761905 1.1904761904761905 1.1904761904761905 1.0 1.0 1.0 1.1363636363636365 1.1363636363636365 1.1363636363636365 1.0 1.0 1.0 1.0 1.0 1.0 1.0 1.0 1.0 1.0 1.0 1.0 1.0 1.0 1.0 
;
set c_0 := 0;
param d := 
[0,*,*] : 
0 1 2 3 4 5 66 67 := 
0 0 0.0015546666666666667 0.0015546666666666667 0.0015546666666666667 0 0 0 0 
1 0.4353066666666667 0 0 0 0.0015546666666666667 0 0 0 
2 0.4353066666666667 0 0 0 0.0015546666666666667 0 0 0 
3 0.4353066666666667 0 0 0 0.0015546666666666667 0 0 0 
4 0 0.002176533333333333 0.002176533333333333 0.002176533333333333 0 0.0015546666666666667 0.0015546666666666667 0.0015546666666666667 
5 0 0 0 0 0.012188586666666666 0 0 0 
66 0 0 0 0 0.012188586666666666 0 0 0 
67 0 0 0 0 0.012188586666666666 0 0 0 
[1,*,*] : 
0 6 7 8 9 10 11 := 
0 0 0.001294 0.001294 0.001294 0.001294 0 0 
6 0.36232 0 0 0 0 0.001294 0 
7 0.36232 0 0 0 0 0.001294 0 
8 0.36232 0 0 0 0 0.001294 0 
9 0.36232 0 0 0 0 0.001294 0 
10 0 0.0018116 0.0018116 0.0018116 0.0018116 0 0.005176 
11 0 0 0 0 0 0.05144944 0 
[2,*,*] : 
0 12 13 14 15 16 17 18 71 72 73 := 
0 0 0.0013160000000000001 0.0013160000000000001 0.0013160000000000001 0.0013160000000000001 0.0013160000000000001 0 0 0.0013160000000000001 0 0 
12 0.36848 0 0 0 0 0 4.386666666666667E-4 0 0 4.386666666666667E-4 4.386666666666667E-4 
13 0.36848 0 0 0 0 0 4.386666666666667E-4 0 0 4.386666666666667E-4 4.386666666666667E-4 
14 0.36848 0 0 0 0 0 4.386666666666667E-4 0 0 4.386666666666667E-4 4.386666666666667E-4 
15 0.36848 0 0 0 0 0 4.386666666666667E-4 0 0 4.386666666666667E-4 4.386666666666667E-4 
16 0.36848 0 0 0 0 0 4.386666666666667E-4 0 0 4.386666666666667E-4 4.386666666666667E-4 
17 0 6.141333333333334E-4 6.141333333333334E-4 6.141333333333334E-4 6.141333333333334E-4 6.141333333333334E-4 0 0.0026320000000000002 6.141333333333334E-4 0 0 
18 0 0 0 0 0 0 0.0025793599999999997 0 0 0.0025793599999999997 0.0025793599999999997 
71 0.36848 0 0 0 0 0 4.386666666666667E-4 0 0 4.386666666666667E-4 4.386666666666667E-4 
72 0 6.141333333333334E-4 6.141333333333334E-4 6.141333333333334E-4 6.141333333333334E-4 6.141333333333334E-4 0 0.0026320000000000002 6.141333333333334E-4 0 0 
73 0 6.141333333333334E-4 6.141333333333334E-4 6.141333333333334E-4 6.141333333333334E-4 6.141333333333334E-4 0 0.0026320000000000002 6.141333333333334E-4 0 0 
[3,*,*] : 
0 19 20 21 60 61 62 63 64 65 := 
0 0 0.004528 0 0 0.004528 0 0.004528 0 0 0.004528 
19 0.19405714285714284 0 0.0015093333333333332 0 0 0 0 0.0015093333333333332 0.0015093333333333332 0 
20 0 0.0049808 0 0.0030186666666666665 0.0049808 0.0030186666666666665 0.0049808 0 0 0.0049808 
21 0 0 0.022911679999999993 0 0 0 0 0.022911679999999993 0.022911679999999993 0 
60 0.19405714285714284 0 0.0015093333333333332 0 0 0 0 0.0015093333333333332 0.0015093333333333332 0 
61 0 0 0.022911679999999993 0 0 0 0 0.022911679999999993 0.022911679999999993 0 
62 0.19405714285714284 0 0.0015093333333333332 0 0 0 0 0.0015093333333333332 0.0015093333333333332 0 
63 0 0.0049808 0 0.0030186666666666665 0.0049808 0.0030186666666666665 0.0049808 0 0 0.0049808 
64 0 0.0049808 0 0.0030186666666666665 0.0049808 0.0030186666666666665 0.0049808 0 0 0.0049808 
65 0.19405714285714284 0 0.0015093333333333332 0 0 0 0 0.0015093333333333332 0.0015093333333333332 0 
[4,*,*] : 
0 22 23 24 25 26 27 := 
0 0 0.003404 0.003404 0.003404 0.003404 0 0 
22 0.95312 0 0 0 0 0.003404 0 
23 0.95312 0 0 0 0 0.003404 0 
24 0.95312 0 0 0 0 0.003404 0 
25 0.95312 0 0 0 0 0.003404 0 
26 0 0.0047656 0.0047656 0.0047656 0.0047656 0 0.013616 
27 0 0 0 0 0 0.04384352 0 
[5,*,*] : 
0 28 29 30 31 32 33 34 35 36 37 38 := 
0 0 0.001512 0.001512 0.001512 0.001512 0.001512 0.001512 0.001512 0.001512 0.001512 0 0 
28 0.42336 0 0 0 0 0 0 0 0 0 0.001512 0 
29 0.42336 0 0 0 0 0 0 0 0 0 0.001512 0 
30 0.42336 0 0 0 0 0 0 0 0 0 0.001512 0 
31 0.42336 0 0 0 0 0 0 0 0 0 0.001512 0 
32 0.42336 0 0 0 0 0 0 0 0 0 0.001512 0 
33 0.42336 0 0 0 0 0 0 0 0 0 0.001512 0 
34 0.42336 0 0 0 0 0 0 0 0 0 0.001512 0 
35 0.42336 0 0 0 0 0 0 0 0 0 0.001512 0 
36 0.42336 0 0 0 0 0 0 0 0 0 0.001512 0 
37 0 0.0021168000000000003 0.0021168000000000003 0.0021168000000000003 0.0021168000000000003 0.0021168000000000003 0.0021168000000000003 0.0021168000000000003 0.0021168000000000003 0.0021168000000000003 0 0.013608 
38 0 0 0 0 0 0 0 0 0 0 0.16765056000000003 0 
[6,*,*] : 
0 39 40 41 42 68 69 70 := 
0 0 0.0016586666666666668 0.0016586666666666668 0 0 0 0.0016586666666666668 0 
39 0.4644266666666667 0 0 8.293333333333334E-4 0 8.293333333333334E-4 0 0 
40 0.4644266666666667 0 0 8.293333333333334E-4 0 8.293333333333334E-4 0 0 
41 0 0.0011610666666666666 0.0011610666666666666 0 0.001244 0 0.0011610666666666666 0.001244 
42 0 0 0 0.009056320000000001 0 0.009056320000000001 0 0 
68 0 0.0011610666666666666 0.0011610666666666666 0 0.001244 0 0.0011610666666666666 0.001244 
69 0.4644266666666667 0 0 8.293333333333334E-4 0 8.293333333333334E-4 0 0 
70 0 0 0 0.009056320000000001 0 0.009056320000000001 0 0 
[7,*,*] : 
0 43 44 45 57 := 
0 0 0.006648 0 0 0.006648 
43 0.28491428571428573 0 0.006648 0 0 
44 0 0.0219384 0 0.013296 0.0219384 
45 0 0 0.048264480000000005 0 0 
57 0.28491428571428573 0 0.006648 0 0 
[8,*,*] : 
0 46 47 48 58 59 := 
0 0 0.003768 0 0 0 0 
46 0.1614857142857143 0 0.001256 0 0.001256 0.001256 
47 0 0.0041448 0 0.001256 0 0 
48 0 0 0.029013599999999997 0 0.029013599999999997 0.029013599999999997 
58 0 0.0041448 0 0.001256 0 0 
59 0 0.0041448 0 0.001256 0 0 
[9,*,*] : 
0 49 50 51 52 53 := 
0 0 0.009248000000000001 0.009248000000000001 0.009248000000000001 0 0 
49 2.58944 0 0 0 0.009248000000000001 0 
50 2.58944 0 0 0 0.009248000000000001 0 
51 2.58944 0 0 0 0.009248000000000001 0 
52 0 0.0129472 0.0129472 0.0129472 0 0.027744 
53 0 0 0 0 0.08156736 0 
[10,*,*] : 
0 54 55 56 := 
0 0 0.026576 0 0 
54 1.1389714285714285 0 0.026576 0 
55 0 0.08770079999999998 0 0.026576 
56 0 0 0.11401103999999998 0 
;
param x_bar : 0 1 2 3 4 5 6 7 8 9 10 11 12 13 14 15 16 17 18 19 20 21 22 23 24 25 26 27 28 29 30 31 32 33 34 35 36 37 38 39 40 41 42 43 44 45 46 47 48 49 50 51 52 53  := 
0 0 0 0 0 0 0 0 0 0 0 0 0 0 0 0 0 0 0 0 0 0 0 0 0 0 0 0 0 0 0 0 0 0 0 0 0 0 0 0 0 0 0 0 0 0 0 0 0 0 0 0 0 0 0 
1 0 0 0 0 0 0 0 0 0 0 0 0 0 0 0 0 0 0 0 0 0 1 0 0 0 0 0 0 0 0 0 0 0 0 0 0 0 0 0 0 0 0 0 0 0 0 0 0 0 0 0 0 0 0 
2 0 0 0 0 0 0 0 0 0 0 0 0 0 0 0 0 0 0 0 0 0 1 0 0 0 0 0 0 0 0 0 0 0 0 0 0 0 0 0 0 0 0 0 0 0 0 0 0 0 0 0 0 0 0 
3 0 0 0 0 0 0 0 0 0 0 0 0 0 0 0 0 0 0 0 0 0 0 1 0 0 0 0 0 0 0 0 0 0 0 0 0 0 0 0 0 0 0 0 0 0 0 0 0 0 0 0 0 0 0 
4 0 0 0 0 0 0 0 0 0 0 0 0 0 0 0 0 0 0 0 0 0 1 0 0 0 0 0 0 0 0 0 0 0 0 0 0 0 0 0 0 0 0 0 0 0 0 0 0 0 0 0 0 0 0 
5 0 0 0 0 0 0 0 0 0 0 0 0 0 0 0 0 0 0 0 0 0 1 0 0 0 0 0 0 0 0 0 0 0 0 0 0 0 0 0 0 0 0 0 0 0 0 0 0 0 0 0 0 0 0 
6 0 0 0 1 0 0 0 0 0 0 0 0 0 0 0 0 0 0 0 0 0 0 0 0 0 0 0 0 0 0 0 0 0 0 0 0 0 0 0 0 0 0 0 0 0 0 0 0 0 0 0 0 0 0 
7 0 0 0 1 0 0 0 0 0 0 0 0 0 0 0 0 0 0 0 0 0 0 0 0 0 0 0 0 0 0 0 0 0 0 0 0 0 0 0 0 0 0 0 0 0 0 0 0 0 0 0 0 0 0 
8 0 0 0 1 0 0 0 0 0 0 0 0 0 0 0 0 0 0 0 0 0 0 0 0 0 0 0 0 0 0 0 0 0 0 0 0 0 0 0 0 0 0 0 0 0 0 0 0 0 0 0 0 0 0 
9 0 0 0 0 1 0 0 0 0 0 0 0 0 0 0 0 0 0 0 0 0 0 0 0 0 0 0 0 0 0 0 0 0 0 0 0 0 0 0 0 0 0 0 0 0 0 0 0 0 0 0 0 0 0 
10 0 0 0 1 0 0 0 0 0 0 0 0 0 0 0 0 0 0 0 0 0 0 0 0 0 0 0 0 0 0 0 0 0 0 0 0 0 0 0 0 0 0 0 0 0 0 0 0 0 0 0 0 0 0 
11 0 0 0 1 0 0 0 0 0 0 0 0 0 0 0 0 0 0 0 0 0 0 0 0 0 0 0 0 0 0 0 0 0 0 0 0 0 0 0 0 0 0 0 0 0 0 0 0 0 0 0 0 0 0 
12 0 0 0 0 0 0 0 0 0 0 0 0 0 0 0 1 0 0 0 0 0 0 0 0 0 0 0 0 0 0 0 0 0 0 0 0 0 0 0 0 0 0 0 0 0 0 0 0 0 0 0 0 0 0 
13 0 0 0 0 0 0 0 0 0 0 0 0 0 0 0 1 0 0 0 0 0 0 0 0 0 0 0 0 0 0 0 0 0 0 0 0 0 0 0 0 0 0 0 0 0 0 0 0 0 0 0 0 0 0 
14 0 0 0 0 0 0 0 0 0 0 0 0 0 0 0 1 0 0 0 0 0 0 0 0 0 0 0 0 0 0 0 0 0 0 0 0 0 0 0 0 0 0 0 0 0 0 0 0 0 0 0 0 0 0 
15 0 0 0 0 0 0 0 0 0 0 0 0 0 0 0 0 1 0 0 0 0 0 0 0 0 0 0 0 0 0 0 0 0 0 0 0 0 0 0 0 0 0 0 0 0 0 0 0 0 0 0 0 0 0 
16 0 0 0 0 0 0 0 0 0 0 0 0 0 0 0 0 1 0 0 0 0 0 0 0 0 0 0 0 0 0 0 0 0 0 0 0 0 0 0 0 0 0 0 0 0 0 0 0 0 0 0 0 0 0 
17 0 0 0 0 0 0 0 0 0 0 0 0 0 0 0 1 0 0 0 0 0 0 0 0 0 0 0 0 0 0 0 0 0 0 0 0 0 0 0 0 0 0 0 0 0 0 0 0 0 0 0 0 0 0 
18 0 0 0 0 0 0 0 0 0 0 0 0 0 0 0 1 0 0 0 0 0 0 0 0 0 0 0 0 0 0 0 0 0 0 0 0 0 0 0 0 0 0 0 0 0 0 0 0 0 0 0 0 0 0 
19 0 0 0 0 0 0 0 0 0 0 0 0 0 0 0 0 0 0 0 0 0 0 0 0 0 0 0 0 0 0 0 0 0 0 0 0 0 0 0 1 0 0 0 0 0 0 0 0 0 0 0 0 0 0 
20 0 0 0 0 0 0 0 0 0 0 0 0 0 0 0 0 0 0 0 0 0 0 0 0 0 0 0 0 0 0 0 0 0 0 0 0 0 0 0 1 0 0 0 0 0 0 0 0 0 0 0 0 0 0 
21 0 0 0 0 0 0 0 0 0 0 0 0 0 0 0 0 0 0 0 0 0 0 0 0 0 0 0 0 0 0 0 0 0 0 0 0 0 0 0 1 0 0 0 0 0 0 0 0 0 0 0 0 0 0 
22 0 0 0 0 0 0 0 0 0 0 0 0 0 0 0 0 0 0 0 0 0 0 0 0 0 0 0 0 0 0 0 0 0 0 0 0 0 0 0 0 0 0 0 0 0 1 0 0 0 0 0 0 0 0 
23 0 0 0 0 0 0 0 0 0 0 0 0 0 0 0 0 0 0 0 0 0 0 0 0 0 0 0 0 0 0 0 0 0 0 0 0 0 0 0 0 0 0 0 0 0 0 1 0 0 0 0 0 0 0 
24 0 0 0 0 0 0 0 0 0 0 0 0 0 0 0 0 0 0 0 0 0 0 0 0 0 0 0 0 0 0 0 0 0 0 0 0 0 0 0 0 0 0 0 0 0 0 1 0 0 0 0 0 0 0 
25 0 0 0 0 0 0 0 0 0 0 0 0 0 0 0 0 0 0 0 0 0 0 0 0 0 0 0 0 0 0 0 0 0 0 0 0 0 0 0 0 0 0 0 0 0 0 0 1 0 0 0 0 0 0 
26 0 0 0 0 0 0 0 0 0 0 0 0 0 0 0 0 0 0 0 0 0 0 0 0 0 0 0 0 0 0 0 0 0 0 0 0 0 0 0 0 0 0 0 0 0 1 0 0 0 0 0 0 0 0 
27 0 0 0 0 0 0 0 0 0 0 0 0 0 0 0 0 0 0 0 0 0 0 0 0 0 0 0 0 0 0 0 0 0 0 0 0 0 0 0 0 0 0 0 0 0 1 0 0 0 0 0 0 0 0 
28 0 0 0 0 0 0 0 0 0 0 0 0 0 0 0 0 0 0 0 0 0 0 0 0 0 0 0 0 0 0 0 0 0 0 0 0 1 0 0 0 0 0 0 0 0 0 0 0 0 0 0 0 0 0 
29 0 0 0 0 0 0 0 0 0 0 0 0 0 0 0 0 0 0 0 0 0 0 0 0 0 0 0 0 0 0 0 0 0 0 0 0 1 0 0 0 0 0 0 0 0 0 0 0 0 0 0 0 0 0 
30 0 0 0 0 0 0 0 0 0 0 0 0 0 0 0 0 0 0 0 0 0 0 0 0 0 0 0 0 0 0 0 0 0 0 0 0 1 0 0 0 0 0 0 0 0 0 0 0 0 0 0 0 0 0 
31 0 0 0 0 0 0 0 0 0 0 0 0 0 0 0 0 0 0 0 0 0 0 0 0 0 0 0 0 0 0 0 0 0 0 0 0 0 1 0 0 0 0 0 0 0 0 0 0 0 0 0 0 0 0 
32 0 0 0 0 0 0 0 0 0 0 0 0 0 0 0 0 0 0 0 0 0 0 0 0 0 0 0 0 0 0 0 0 0 0 0 0 0 1 0 0 0 0 0 0 0 0 0 0 0 0 0 0 0 0 
33 0 0 0 0 0 0 0 0 0 0 0 0 0 0 0 0 0 0 0 0 0 0 0 0 0 0 0 0 0 0 0 0 0 0 0 0 0 0 1 0 0 0 0 0 0 0 0 0 0 0 0 0 0 0 
34 0 0 0 0 0 0 0 0 0 0 0 0 0 0 0 0 0 0 0 0 0 0 0 0 0 0 0 0 0 0 0 0 0 0 0 0 0 0 1 0 0 0 0 0 0 0 0 0 0 0 0 0 0 0 
35 0 0 0 0 0 0 0 0 0 0 0 0 0 0 0 0 0 0 0 0 0 0 0 0 0 0 0 1 0 0 0 0 0 0 0 0 0 0 0 0 0 0 0 0 0 0 0 0 0 0 0 0 0 0 
36 0 0 0 0 0 0 0 0 0 0 0 0 0 0 0 0 0 0 0 0 0 0 0 0 0 0 0 1 0 0 0 0 0 0 0 0 0 0 0 0 0 0 0 0 0 0 0 0 0 0 0 0 0 0 
37 0 0 0 0 0 0 0 0 0 0 0 0 0 0 0 0 0 0 0 0 0 0 0 0 0 0 0 0 0 0 0 0 0 0 0 0 1 0 0 0 0 0 0 0 0 0 0 0 0 0 0 0 0 0 
38 0 0 0 0 0 0 0 0 0 0 0 0 0 0 0 0 0 0 0 0 0 0 0 0 0 0 0 0 0 0 0 0 0 0 0 0 1 0 0 0 0 0 0 0 0 0 0 0 0 0 0 0 0 0 
39 0 0 0 0 0 0 0 0 0 0 0 0 0 0 0 0 0 0 0 0 0 0 1 0 0 0 0 0 0 0 0 0 0 0 0 0 0 0 0 0 0 0 0 0 0 0 0 0 0 0 0 0 0 0 
40 0 0 0 0 0 0 0 0 0 0 0 0 0 0 0 0 0 0 0 0 0 0 1 0 0 0 0 0 0 0 0 0 0 0 0 0 0 0 0 0 0 0 0 0 0 0 0 0 0 0 0 0 0 0 
41 0 0 0 0 0 0 0 0 0 0 0 0 0 0 0 0 0 0 0 0 0 1 0 0 0 0 0 0 0 0 0 0 0 0 0 0 0 0 0 0 0 0 0 0 0 0 0 0 0 0 0 0 0 0 
42 0 0 0 0 0 0 0 0 0 0 0 0 0 0 0 0 0 0 0 0 0 0 1 0 0 0 0 0 0 0 0 0 0 0 0 0 0 0 0 0 0 0 0 0 0 0 0 0 0 0 0 0 0 0 
43 0 0 0 0 0 0 0 0 0 0 0 0 0 0 0 0 0 0 0 0 0 0 0 0 0 0 0 0 0 0 1 0 0 0 0 0 0 0 0 0 0 0 0 0 0 0 0 0 0 0 0 0 0 0 
44 0 0 0 0 0 0 0 0 0 0 0 0 0 0 0 0 0 0 0 0 0 0 0 0 0 0 0 0 0 0 1 0 0 0 0 0 0 0 0 0 0 0 0 0 0 0 0 0 0 0 0 0 0 0 
45 0 0 0 0 0 0 0 0 0 0 0 0 0 0 0 0 0 0 0 0 0 0 0 0 0 0 0 0 0 0 1 0 0 0 0 0 0 0 0 0 0 0 0 0 0 0 0 0 0 0 0 0 0 0 
46 0 0 0 0 0 0 0 0 0 0 0 0 0 0 0 0 0 0 0 0 0 0 0 1 0 0 0 0 0 0 0 0 0 0 0 0 0 0 0 0 0 0 0 0 0 0 0 0 0 0 0 0 0 0 
47 0 0 0 0 0 0 0 0 0 0 0 0 0 0 0 0 0 0 0 0 0 1 0 0 0 0 0 0 0 0 0 0 0 0 0 0 0 0 0 0 0 0 0 0 0 0 0 0 0 0 0 0 0 0 
48 0 0 0 0 0 0 0 0 0 0 0 0 0 0 0 0 0 0 0 0 0 0 0 1 0 0 0 0 0 0 0 0 0 0 0 0 0 0 0 0 0 0 0 0 0 0 0 0 0 0 0 0 0 0 
49 0 0 0 0 0 0 1 0 0 0 0 0 0 0 0 0 0 0 0 0 0 0 0 0 0 0 0 0 0 0 0 0 0 0 0 0 0 0 0 0 0 0 0 0 0 0 0 0 0 0 0 0 0 0 
50 0 0 0 0 0 0 1 0 0 0 0 0 0 0 0 0 0 0 0 0 0 0 0 0 0 0 0 0 0 0 0 0 0 0 0 0 0 0 0 0 0 0 0 0 0 0 0 0 0 0 0 0 0 0 
51 0 0 0 0 0 0 0 1 0 0 0 0 0 0 0 0 0 0 0 0 0 0 0 0 0 0 0 0 0 0 0 0 0 0 0 0 0 0 0 0 0 0 0 0 0 0 0 0 0 0 0 0 0 0 
52 0 0 0 0 0 0 1 0 0 0 0 0 0 0 0 0 0 0 0 0 0 0 0 0 0 0 0 0 0 0 0 0 0 0 0 0 0 0 0 0 0 0 0 0 0 0 0 0 0 0 0 0 0 0 
53 0 0 0 0 0 0 1 0 0 0 0 0 0 0 0 0 0 0 0 0 0 0 0 0 0 0 0 0 0 0 0 0 0 0 0 0 0 0 0 0 0 0 0 0 0 0 0 0 0 0 0 0 0 0 
;
