data;
set C_bar :=  1 2 3 4 5 6 7 8 9 10 11 12 13 14 15 16 17 18 19 20 21 22 23 24 25 26 27 28 29 30 31 32 33 34 35 36 37 38 39 40 41 42 43 44 45 46 47 48 49 50 51 ;
set C :=  52 53 54 55 56 57 58 59 60 61 62 63 64 65 66 67 68 69 70 71 ;
set R := 0 1 2 3 4 5 6 7 8 9 10 ;
set C_bar_r[0] :=  
1 2 3 4 5 6 ;
set C_bar_r[1] :=  
7 8 9 ;
set C_bar_r[2] :=  
10 11 12 13 14 15 16 17 ;
set C_bar_r[3] :=  
18 19 20 ;
set C_bar_r[4] :=  
21 22 23 24 25 26 27 ;
set C_bar_r[5] :=  
28 29 30 31 ;
set C_bar_r[6] :=  
32 33 34 35 ;
set C_bar_r[7] :=  
36 37 38 39 ;
set C_bar_r[8] :=  
40 41 42 43 ;
set C_bar_r[9] :=  
44 45 46 47 48 49 50 51 ;
set C_r[0] :=  
;
set C_r[1] :=  
58 ;
set C_r[2] :=  
;
set C_r[3] :=  
;
set C_r[4] :=  
;
set C_r[5] :=  
59 60 61 ;
set C_r[6] :=  
;
set C_r[7] :=  
62 63 64 ;
set C_r[8] :=  
;
set C_r[9] :=  
65 66 67 68 69 70 71 ;
set C_r[10] :=  
52 53 54 55 56 57 ;
set S :=  0 1 2 3 4 5 6 7 8 9 10 11 12 13 14 15 16 17 18 19 20 21 22 23 24 25 26 27 28 29 30 31 32 33 34 35 36 37 38 39 40 41 42 43 44 45 46 47 48 49 50 51 52 53 ;
set S_u :=  0 1 2 3 4 5 6 7 8 9 10 11 12 13 14 16 17 18 19 20 21 22 23 24 25 26 27 28 29 30 31 32 33 35 36 37 38 39 40 41 42 43 44 45 46 47 48 49 50 51 52 53 ;
set S_r[0] := 
9 10 ;
set S_r[1] := 
51 52 ;
set S_r[2] := 
12 13 14 15 45 ;
set S_r[3] := 
10 ;
set S_r[4] := 
21 22 23 46 ;
set S_r[5] := 
0 ;
set S_r[6] := 
3 ;
set S_r[7] := 
33 34 ;
set S_r[8] := 
3 4 ;
set S_r[9] := 
15 16 17 48 ;
set Rack :=  0 1 2 3 4 5 6 7 8 9 10 11 12 13 14 15 16 17 ;
param COST : 0 1 2 3 4 5 6 7 8 9 10 11 12 13 14 15 16 17 18 19 20 21 22 23 24 25 26 27 28 29 30 31 32 33 34 35 36 37 38 39 40 41 42 43 44 45 46 47 48 49 50 51 52 53 :=
0 0 1 1 3 3 3 3 3 3 5 5 5 5 5 5 5 5 5 5 5 5 5 5 5 5 5 5 5 5 5 5 5 5 5 5 5 5 5 5 5 5 5 5 5 5 5 5 5 5 5 5 5 5 5 
1 1 0 1 3 3 3 3 3 3 5 5 5 5 5 5 5 5 5 5 5 5 5 5 5 5 5 5 5 5 5 5 5 5 5 5 5 5 5 5 5 5 5 5 5 5 5 5 5 5 5 5 5 5 5 
2 1 1 0 3 3 3 3 3 3 5 5 5 5 5 5 5 5 5 5 5 5 5 5 5 5 5 5 5 5 5 5 5 5 5 5 5 5 5 5 5 5 5 5 5 5 5 5 5 5 5 5 5 5 5 
3 3 3 3 0 1 1 3 3 3 5 5 5 5 5 5 5 5 5 5 5 5 5 5 5 5 5 5 5 5 5 5 5 5 5 5 5 5 5 5 5 5 5 5 5 5 5 5 5 5 5 5 5 5 5 
4 3 3 3 1 0 1 3 3 3 5 5 5 5 5 5 5 5 5 5 5 5 5 5 5 5 5 5 5 5 5 5 5 5 5 5 5 5 5 5 5 5 5 5 5 5 5 5 5 5 5 5 5 5 5 
5 3 3 3 1 1 0 3 3 3 5 5 5 5 5 5 5 5 5 5 5 5 5 5 5 5 5 5 5 5 5 5 5 5 5 5 5 5 5 5 5 5 5 5 5 5 5 5 5 5 5 5 5 5 5 
6 3 3 3 3 3 3 0 1 1 5 5 5 5 5 5 5 5 5 5 5 5 5 5 5 5 5 5 5 5 5 5 5 5 5 5 5 5 5 5 5 5 5 5 5 5 5 5 5 5 5 5 5 5 5 
7 3 3 3 3 3 3 1 0 1 5 5 5 5 5 5 5 5 5 5 5 5 5 5 5 5 5 5 5 5 5 5 5 5 5 5 5 5 5 5 5 5 5 5 5 5 5 5 5 5 5 5 5 5 5 
8 3 3 3 3 3 3 1 1 0 5 5 5 5 5 5 5 5 5 5 5 5 5 5 5 5 5 5 5 5 5 5 5 5 5 5 5 5 5 5 5 5 5 5 5 5 5 5 5 5 5 5 5 5 5 
9 5 5 5 5 5 5 5 5 5 0 1 1 3 3 3 3 3 3 5 5 5 5 5 5 5 5 5 5 5 5 5 5 5 5 5 5 5 5 5 5 5 5 5 5 5 5 5 5 5 5 5 5 5 5 
10 5 5 5 5 5 5 5 5 5 1 0 1 3 3 3 3 3 3 5 5 5 5 5 5 5 5 5 5 5 5 5 5 5 5 5 5 5 5 5 5 5 5 5 5 5 5 5 5 5 5 5 5 5 5 
11 5 5 5 5 5 5 5 5 5 1 1 0 3 3 3 3 3 3 5 5 5 5 5 5 5 5 5 5 5 5 5 5 5 5 5 5 5 5 5 5 5 5 5 5 5 5 5 5 5 5 5 5 5 5 
12 5 5 5 5 5 5 5 5 5 3 3 3 0 1 1 3 3 3 5 5 5 5 5 5 5 5 5 5 5 5 5 5 5 5 5 5 5 5 5 5 5 5 5 5 5 5 5 5 5 5 5 5 5 5 
13 5 5 5 5 5 5 5 5 5 3 3 3 1 0 1 3 3 3 5 5 5 5 5 5 5 5 5 5 5 5 5 5 5 5 5 5 5 5 5 5 5 5 5 5 5 5 5 5 5 5 5 5 5 5 
14 5 5 5 5 5 5 5 5 5 3 3 3 1 1 0 3 3 3 5 5 5 5 5 5 5 5 5 5 5 5 5 5 5 5 5 5 5 5 5 5 5 5 5 5 5 5 5 5 5 5 5 5 5 5 
15 5 5 5 5 5 5 5 5 5 3 3 3 3 3 3 0 1 1 5 5 5 5 5 5 5 5 5 5 5 5 5 5 5 5 5 5 5 5 5 5 5 5 5 5 5 5 5 5 5 5 5 5 5 5 
16 5 5 5 5 5 5 5 5 5 3 3 3 3 3 3 1 0 1 5 5 5 5 5 5 5 5 5 5 5 5 5 5 5 5 5 5 5 5 5 5 5 5 5 5 5 5 5 5 5 5 5 5 5 5 
17 5 5 5 5 5 5 5 5 5 3 3 3 3 3 3 1 1 0 5 5 5 5 5 5 5 5 5 5 5 5 5 5 5 5 5 5 5 5 5 5 5 5 5 5 5 5 5 5 5 5 5 5 5 5 
18 5 5 5 5 5 5 5 5 5 5 5 5 5 5 5 5 5 5 0 1 1 3 3 3 3 3 3 5 5 5 5 5 5 5 5 5 5 5 5 5 5 5 5 5 5 5 5 5 5 5 5 5 5 5 
19 5 5 5 5 5 5 5 5 5 5 5 5 5 5 5 5 5 5 1 0 1 3 3 3 3 3 3 5 5 5 5 5 5 5 5 5 5 5 5 5 5 5 5 5 5 5 5 5 5 5 5 5 5 5 
20 5 5 5 5 5 5 5 5 5 5 5 5 5 5 5 5 5 5 1 1 0 3 3 3 3 3 3 5 5 5 5 5 5 5 5 5 5 5 5 5 5 5 5 5 5 5 5 5 5 5 5 5 5 5 
21 5 5 5 5 5 5 5 5 5 5 5 5 5 5 5 5 5 5 3 3 3 0 1 1 3 3 3 5 5 5 5 5 5 5 5 5 5 5 5 5 5 5 5 5 5 5 5 5 5 5 5 5 5 5 
22 5 5 5 5 5 5 5 5 5 5 5 5 5 5 5 5 5 5 3 3 3 1 0 1 3 3 3 5 5 5 5 5 5 5 5 5 5 5 5 5 5 5 5 5 5 5 5 5 5 5 5 5 5 5 
23 5 5 5 5 5 5 5 5 5 5 5 5 5 5 5 5 5 5 3 3 3 1 1 0 3 3 3 5 5 5 5 5 5 5 5 5 5 5 5 5 5 5 5 5 5 5 5 5 5 5 5 5 5 5 
24 5 5 5 5 5 5 5 5 5 5 5 5 5 5 5 5 5 5 3 3 3 3 3 3 0 1 1 5 5 5 5 5 5 5 5 5 5 5 5 5 5 5 5 5 5 5 5 5 5 5 5 5 5 5 
25 5 5 5 5 5 5 5 5 5 5 5 5 5 5 5 5 5 5 3 3 3 3 3 3 1 0 1 5 5 5 5 5 5 5 5 5 5 5 5 5 5 5 5 5 5 5 5 5 5 5 5 5 5 5 
26 5 5 5 5 5 5 5 5 5 5 5 5 5 5 5 5 5 5 3 3 3 3 3 3 1 1 0 5 5 5 5 5 5 5 5 5 5 5 5 5 5 5 5 5 5 5 5 5 5 5 5 5 5 5 
27 5 5 5 5 5 5 5 5 5 5 5 5 5 5 5 5 5 5 5 5 5 5 5 5 5 5 5 0 1 1 3 3 3 3 3 3 5 5 5 5 5 5 5 5 5 5 5 5 5 5 5 5 5 5 
28 5 5 5 5 5 5 5 5 5 5 5 5 5 5 5 5 5 5 5 5 5 5 5 5 5 5 5 1 0 1 3 3 3 3 3 3 5 5 5 5 5 5 5 5 5 5 5 5 5 5 5 5 5 5 
29 5 5 5 5 5 5 5 5 5 5 5 5 5 5 5 5 5 5 5 5 5 5 5 5 5 5 5 1 1 0 3 3 3 3 3 3 5 5 5 5 5 5 5 5 5 5 5 5 5 5 5 5 5 5 
30 5 5 5 5 5 5 5 5 5 5 5 5 5 5 5 5 5 5 5 5 5 5 5 5 5 5 5 3 3 3 0 1 1 3 3 3 5 5 5 5 5 5 5 5 5 5 5 5 5 5 5 5 5 5 
31 5 5 5 5 5 5 5 5 5 5 5 5 5 5 5 5 5 5 5 5 5 5 5 5 5 5 5 3 3 3 1 0 1 3 3 3 5 5 5 5 5 5 5 5 5 5 5 5 5 5 5 5 5 5 
32 5 5 5 5 5 5 5 5 5 5 5 5 5 5 5 5 5 5 5 5 5 5 5 5 5 5 5 3 3 3 1 1 0 3 3 3 5 5 5 5 5 5 5 5 5 5 5 5 5 5 5 5 5 5 
33 5 5 5 5 5 5 5 5 5 5 5 5 5 5 5 5 5 5 5 5 5 5 5 5 5 5 5 3 3 3 3 3 3 0 1 1 5 5 5 5 5 5 5 5 5 5 5 5 5 5 5 5 5 5 
34 5 5 5 5 5 5 5 5 5 5 5 5 5 5 5 5 5 5 5 5 5 5 5 5 5 5 5 3 3 3 3 3 3 1 0 1 5 5 5 5 5 5 5 5 5 5 5 5 5 5 5 5 5 5 
35 5 5 5 5 5 5 5 5 5 5 5 5 5 5 5 5 5 5 5 5 5 5 5 5 5 5 5 3 3 3 3 3 3 1 1 0 5 5 5 5 5 5 5 5 5 5 5 5 5 5 5 5 5 5 
36 5 5 5 5 5 5 5 5 5 5 5 5 5 5 5 5 5 5 5 5 5 5 5 5 5 5 5 5 5 5 5 5 5 5 5 5 0 1 1 3 3 3 3 3 3 5 5 5 5 5 5 5 5 5 
37 5 5 5 5 5 5 5 5 5 5 5 5 5 5 5 5 5 5 5 5 5 5 5 5 5 5 5 5 5 5 5 5 5 5 5 5 1 0 1 3 3 3 3 3 3 5 5 5 5 5 5 5 5 5 
38 5 5 5 5 5 5 5 5 5 5 5 5 5 5 5 5 5 5 5 5 5 5 5 5 5 5 5 5 5 5 5 5 5 5 5 5 1 1 0 3 3 3 3 3 3 5 5 5 5 5 5 5 5 5 
39 5 5 5 5 5 5 5 5 5 5 5 5 5 5 5 5 5 5 5 5 5 5 5 5 5 5 5 5 5 5 5 5 5 5 5 5 3 3 3 0 1 1 3 3 3 5 5 5 5 5 5 5 5 5 
40 5 5 5 5 5 5 5 5 5 5 5 5 5 5 5 5 5 5 5 5 5 5 5 5 5 5 5 5 5 5 5 5 5 5 5 5 3 3 3 1 0 1 3 3 3 5 5 5 5 5 5 5 5 5 
41 5 5 5 5 5 5 5 5 5 5 5 5 5 5 5 5 5 5 5 5 5 5 5 5 5 5 5 5 5 5 5 5 5 5 5 5 3 3 3 1 1 0 3 3 3 5 5 5 5 5 5 5 5 5 
42 5 5 5 5 5 5 5 5 5 5 5 5 5 5 5 5 5 5 5 5 5 5 5 5 5 5 5 5 5 5 5 5 5 5 5 5 3 3 3 3 3 3 0 1 1 5 5 5 5 5 5 5 5 5 
43 5 5 5 5 5 5 5 5 5 5 5 5 5 5 5 5 5 5 5 5 5 5 5 5 5 5 5 5 5 5 5 5 5 5 5 5 3 3 3 3 3 3 1 0 1 5 5 5 5 5 5 5 5 5 
44 5 5 5 5 5 5 5 5 5 5 5 5 5 5 5 5 5 5 5 5 5 5 5 5 5 5 5 5 5 5 5 5 5 5 5 5 3 3 3 3 3 3 1 1 0 5 5 5 5 5 5 5 5 5 
45 5 5 5 5 5 5 5 5 5 5 5 5 5 5 5 5 5 5 5 5 5 5 5 5 5 5 5 5 5 5 5 5 5 5 5 5 5 5 5 5 5 5 5 5 5 0 1 1 3 3 3 3 3 3 
46 5 5 5 5 5 5 5 5 5 5 5 5 5 5 5 5 5 5 5 5 5 5 5 5 5 5 5 5 5 5 5 5 5 5 5 5 5 5 5 5 5 5 5 5 5 1 0 1 3 3 3 3 3 3 
47 5 5 5 5 5 5 5 5 5 5 5 5 5 5 5 5 5 5 5 5 5 5 5 5 5 5 5 5 5 5 5 5 5 5 5 5 5 5 5 5 5 5 5 5 5 1 1 0 3 3 3 3 3 3 
48 5 5 5 5 5 5 5 5 5 5 5 5 5 5 5 5 5 5 5 5 5 5 5 5 5 5 5 5 5 5 5 5 5 5 5 5 5 5 5 5 5 5 5 5 5 3 3 3 0 1 1 3 3 3 
49 5 5 5 5 5 5 5 5 5 5 5 5 5 5 5 5 5 5 5 5 5 5 5 5 5 5 5 5 5 5 5 5 5 5 5 5 5 5 5 5 5 5 5 5 5 3 3 3 1 0 1 3 3 3 
50 5 5 5 5 5 5 5 5 5 5 5 5 5 5 5 5 5 5 5 5 5 5 5 5 5 5 5 5 5 5 5 5 5 5 5 5 5 5 5 5 5 5 5 5 5 3 3 3 1 1 0 3 3 3 
51 5 5 5 5 5 5 5 5 5 5 5 5 5 5 5 5 5 5 5 5 5 5 5 5 5 5 5 5 5 5 5 5 5 5 5 5 5 5 5 5 5 5 5 5 5 3 3 3 3 3 3 0 1 1 
52 5 5 5 5 5 5 5 5 5 5 5 5 5 5 5 5 5 5 5 5 5 5 5 5 5 5 5 5 5 5 5 5 5 5 5 5 5 5 5 5 5 5 5 5 5 3 3 3 3 3 3 1 0 1 
53 5 5 5 5 5 5 5 5 5 5 5 5 5 5 5 5 5 5 5 5 5 5 5 5 5 5 5 5 5 5 5 5 5 5 5 5 5 5 5 5 5 5 5 5 5 3 3 3 3 3 3 1 1 0 
;
set S_rack[0] :=  
0 1 2 ;
set S_rack[1] :=  
3 4 5 ;
set S_rack[2] :=  
6 7 8 ;
set S_rack[3] :=  
9 10 11 ;
set S_rack[4] :=  
12 13 14 ;
set S_rack[5] :=  
15 16 17 ;
set S_rack[6] :=  
18 19 20 ;
set S_rack[7] :=  
21 22 23 ;
set S_rack[8] :=  
24 25 26 ;
set S_rack[9] :=  
27 28 29 ;
set S_rack[10] :=  
30 31 32 ;
set S_rack[11] :=  
33 34 35 ;
set S_rack[12] :=  
36 37 38 ;
set S_rack[13] :=  
39 40 41 ;
set S_rack[14] :=  
42 43 44 ;
set S_rack[15] :=  
45 46 47 ;
set S_rack[16] :=  
48 49 50 ;
set S_rack[17] :=  
51 52 53 ;
param CPU := 
0 51.0
1 56.0
2 56.0
3 26.0
4 36.0
5 56.0
6 28.0
7 28.0
8 28.0
9 40.0
10 46.0
11 56.0
12 16.0
13 12.0
14 12.0
15 9.0
16 25.0
17 26.0
18 28.0
19 28.0
20 28.0
21 12.0
22 16.0
23 12.0
24 56.0
25 56.0
26 56.0
27 56.0
28 56.0
29 56.0
30 28.0
31 28.0
32 28.0
33 17.285714387893677
34 8.952381134033203
35 28.0
36 28.0
37 28.0
38 28.0
39 28.0
40 28.0
41 28.0
42 28.0
43 28.0
44 28.0
45 20.0
46 20.0
47 28.0
48 27.0
49 28.0
50 28.0
51 22.0
52 12.0
53 28.0
;
param MEM := 
0 184.0
1 192.0
2 192.0
3 72.0
4 112.0
5 192.0
6 192.0
7 192.0
8 192.0
9 128.0
10 156.0
11 192.0
12 144.0
13 128.0
14 128.0
15 118.0
16 187.0
17 188.0
18 96.0
19 96.0
20 96.0
21 128.0
22 144.0
23 128.0
24 192.0
25 192.0
26 192.0
27 192.0
28 192.0
29 192.0
30 192.0
31 192.0
32 192.0
33 62.0
34 32.0
35 96.0
36 48.0
37 48.0
38 48.0
39 96.0
40 96.0
41 96.0
42 48.0
43 48.0
44 48.0
45 16.0
46 16.0
47 48.0
48 190.0
49 192.0
50 192.0
51 168.0
52 128.0
53 192.0
;
param DISK := 
0 352.0
1 384.0
2 384.0
3 204.8
4 254.8
5 384.0
6 384.0
7 384.0
8 384.0
9 238.0
10 284.0
11 384.0
12 298.0
13 284.0
14 284.0
15 288.0
16 364.0
17 368.0
18 192.0
19 192.0
20 192.0
21 284.0
22 298.0
23 284.0
24 384.0
25 384.0
26 384.0
27 384.0
28 384.0
29 384.0
30 384.0
31 384.0
32 384.0
33 112.0
34 128.0
35 192.0
36 96.0
37 96.0
38 96.0
39 192.0
40 192.0
41 192.0
42 96.0
43 96.0
44 96.0
45 46.0
46 46.0
47 96.0
48 376.0
49 384.0
50 384.0
51 324.0
52 320.0
53 384.0
;
param BDW_out := 
0 9.250971428571429
1 10.0
2 10.0
3 6.710772
4 7.5833368
5 10.0
6 10.0
7 10.0
8 10.0
9 3.5178544
10 7.561233142857143
11 10.0
12 9.097652
13 8.2578
14 8.2578
15 9.37106715151515
16 8.777407418181818
17 8.870277818181819
18 10.0
19 10.0
20 10.0
21 8.98499232
22 9.00140848
23 8.0370464
24 10.0
25 10.0
26 10.0
27 10.0
28 10.0
29 10.0
30 10.0
31 10.0
32 10.0
33 9.448728380952382
34 9.9370624
35 10.0
36 10.0
37 10.0
38 10.0
39 10.0
40 10.0
41 10.0
42 10.0
43 10.0
44 10.0
45 9.1289
46 9.0185232
47 10.0
48 9.43513890909091
49 10.0
50 10.0
51 9.804064
52 9.84432448
53 10.0
;
param BDW_in := 
0 9.982522666666666
1 10.0
2 10.0
3 9.9589488
4 9.982824
5 10.0
6 10.0
7 10.0
8 10.0
9 9.969184
10 9.9751184
11 10.0
12 9.97396
13 9.98512
14 9.98512
15 9.84522050909091
16 9.982980460606061
17 9.990351127272728
18 10.0
19 10.0
20 10.0
21 9.96542128
22 9.97415328
23 9.98323456
24 10.0
25 10.0
26 10.0
27 10.0
28 10.0
29 10.0
30 10.0
31 10.0
32 10.0
33 9.924347733333333
34 9.993642666666666
35 10.0
36 10.0
37 10.0
38 10.0
39 10.0
40 10.0
41 10.0
42 10.0
43 10.0
44 10.0
45 9.99256
46 9.99161728
47 10.0
48 9.995175563636364
49 10.0
50 10.0
51 9.83995648
52 9.991264
53 10.0
;
param mem := 
1 8.0
2 8.0
3 8.0
4 8.0
5 8.0
6 32.0
7 8.0
8 16.0
9 64.0
58 8.0
10 32.0
11 32.0
12 32.0
13 32.0
14 32.0
15 32.0
16 64.0
17 16.0
18 4.0
19 8.0
20 16.0
21 32.0
22 32.0
23 32.0
24 32.0
25 32.0
26 32.0
27 16.0
28 1.0
29 1.0
30 2.0
31 4.0
59 2.0
60 1.0
61 4.0
32 8.0
33 64.0
34 8.0
35 8.0
36 16.0
37 16.0
38 2.0
39 64.0
62 2.0
63 2.0
64 16.0
40 32.0
41 32.0
42 32.0
43 16.0
44 2.0
45 2.0
46 2.0
47 2.0
48 2.0
49 2.0
50 8.0
51 1.0
65 2.0
66 1.0
67 2.0
68 2.0
69 2.0
70 1.0
71 2.0
52 8.0
53 8.0
54 8.0
55 64.0
56 32.0
57 8.0
;
param disk := 
1 24.0
2 24.0
3 24.0
4 24.0
5 24.0
6 50.0
7 24.0
8 36.0
9 64.0
58 24.0
10 50.0
11 50.0
12 50.0
13 50.0
14 50.0
15 50.0
16 64.0
17 36.0
18 16.0
19 24.0
20 36.0
21 50.0
22 50.0
23 50.0
24 50.0
25 50.0
26 50.0
27 36.0
28 4.0
29 4.0
30 8.0
31 16.0
59 8.0
60 4.0
61 16.0
32 24.0
33 64.0
34 24.0
35 24.0
36 36.0
37 36.0
38 8.0
39 64.0
62 8.0
63 8.0
64 36.0
40 43.2
41 43.2
42 50.0
43 36.0
44 8.0
45 8.0
46 8.0
47 8.0
48 8.0
49 8.0
50 24.0
51 4.0
65 8.0
66 4.0
67 8.0
68 8.0
69 8.0
70 4.0
71 8.0
52 24.0
53 24.0
54 24.0
55 64.0
56 50.0
57 24.0
;
param cpu : 
0 1 2 3 4 5 6 7 8 9 10 11 12 13 14 15 16 17 18 19 20 21 22 23 24 25 26 27 28 29 30 31 32 33 34 35 36 37 38 39 40 41 42 43 44 45 46 47 48 49 50 51 52 53 := 
1 2.0 2.0 2.0 2.0 2.0 2.0 2.0 2.0 2.0 2.0 2.0 2.0 2.0 2.0 2.0 2.0 2.0 2.0 2.380952380952381 2.380952380952381 2.380952380952381 2.0 2.0 2.0 2.0 2.0 2.0 2.0 2.0 2.0 2.0 2.0 2.0 2.380952380952381 2.380952380952381 2.380952380952381 2.0 2.0 2.0 2.380952380952381 2.380952380952381 2.380952380952381 2.0 2.0 2.0 2.0 2.0 2.0 2.0 2.0 2.0 2.0 2.0 2.0 
2 2.0 2.0 2.0 2.0 2.0 2.0 2.0 2.0 2.0 2.0 2.0 2.0 2.0 2.0 2.0 2.0 2.0 2.0 2.380952380952381 2.380952380952381 2.380952380952381 2.0 2.0 2.0 2.0 2.0 2.0 2.0 2.0 2.0 2.0 2.0 2.0 2.380952380952381 2.380952380952381 2.380952380952381 2.0 2.0 2.0 2.380952380952381 2.380952380952381 2.380952380952381 2.0 2.0 2.0 2.0 2.0 2.0 2.0 2.0 2.0 2.0 2.0 2.0 
3 2.0 2.0 2.0 2.0 2.0 2.0 2.0 2.0 2.0 2.0 2.0 2.0 2.0 2.0 2.0 2.0 2.0 2.0 2.380952380952381 2.380952380952381 2.380952380952381 2.0 2.0 2.0 2.0 2.0 2.0 2.0 2.0 2.0 2.0 2.0 2.0 2.380952380952381 2.380952380952381 2.380952380952381 2.0 2.0 2.0 2.380952380952381 2.380952380952381 2.380952380952381 2.0 2.0 2.0 2.0 2.0 2.0 2.0 2.0 2.0 2.0 2.0 2.0 
4 2.0 2.0 2.0 2.0 2.0 2.0 2.0 2.0 2.0 2.0 2.0 2.0 2.0 2.0 2.0 2.0 2.0 2.0 2.380952380952381 2.380952380952381 2.380952380952381 2.0 2.0 2.0 2.0 2.0 2.0 2.0 2.0 2.0 2.0 2.0 2.0 2.380952380952381 2.380952380952381 2.380952380952381 2.0 2.0 2.0 2.380952380952381 2.380952380952381 2.380952380952381 2.0 2.0 2.0 2.0 2.0 2.0 2.0 2.0 2.0 2.0 2.0 2.0 
5 2.0 2.0 2.0 2.0 2.0 2.0 2.0 2.0 2.0 2.0 2.0 2.0 2.0 2.0 2.0 2.0 2.0 2.0 2.380952380952381 2.380952380952381 2.380952380952381 2.0 2.0 2.0 2.0 2.0 2.0 2.0 2.0 2.0 2.0 2.0 2.0 2.380952380952381 2.380952380952381 2.380952380952381 2.0 2.0 2.0 2.380952380952381 2.380952380952381 2.380952380952381 2.0 2.0 2.0 2.0 2.0 2.0 2.0 2.0 2.0 2.0 2.0 2.0 
6 8.0 8.0 8.0 8.0 8.0 8.0 8.0 8.0 8.0 8.0 8.0 8.0 8.0 8.0 8.0 8.0 8.0 8.0 9.523809523809524 9.523809523809524 9.523809523809524 8.0 8.0 8.0 8.0 8.0 8.0 8.0 8.0 8.0 8.0 8.0 8.0 9.523809523809524 9.523809523809524 9.523809523809524 8.0 8.0 8.0 9.523809523809524 9.523809523809524 9.523809523809524 8.0 8.0 8.0 8.0 8.0 8.0 8.0 8.0 8.0 8.0 8.0 8.0 
7 2.0 2.0 2.0 2.0 2.0 2.0 2.0 2.0 2.0 2.0 2.0 2.0 2.0 2.0 2.0 2.0 2.0 2.0 2.380952380952381 2.380952380952381 2.380952380952381 2.0 2.0 2.0 2.0 2.0 2.0 2.0 2.0 2.0 2.0 2.0 2.0 2.380952380952381 2.380952380952381 2.380952380952381 2.0 2.0 2.0 2.380952380952381 2.380952380952381 2.380952380952381 2.0 2.0 2.0 2.0 2.0 2.0 2.0 2.0 2.0 2.0 2.0 2.0 
8 4.0 4.0 4.0 4.0 4.0 4.0 4.0 4.0 4.0 4.0 4.0 4.0 4.0 4.0 4.0 4.0 4.0 4.0 4.761904761904762 4.761904761904762 4.761904761904762 4.0 4.0 4.0 4.0 4.0 4.0 4.0 4.0 4.0 4.0 4.0 4.0 4.761904761904762 4.761904761904762 4.761904761904762 4.0 4.0 4.0 4.761904761904762 4.761904761904762 4.761904761904762 4.0 4.0 4.0 4.0 4.0 4.0 4.0 4.0 4.0 4.0 4.0 4.0 
9 16.0 16.0 16.0 16.0 16.0 16.0 16.0 16.0 16.0 16.0 16.0 16.0 16.0 16.0 16.0 16.0 16.0 16.0 19.047619047619047 19.047619047619047 19.047619047619047 16.0 16.0 16.0 16.0 16.0 16.0 16.0 16.0 16.0 16.0 16.0 16.0 19.047619047619047 19.047619047619047 19.047619047619047 16.0 16.0 16.0 19.047619047619047 19.047619047619047 19.047619047619047 16.0 16.0 16.0 16.0 16.0 16.0 16.0 16.0 16.0 16.0 16.0 16.0 
58 2.0 2.0 2.0 2.0 2.0 2.0 2.0 2.0 2.0 2.0 2.0 2.0 2.0 2.0 2.0 2.0 2.0 2.0 2.380952380952381 2.380952380952381 2.380952380952381 2.0 2.0 2.0 2.0 2.0 2.0 2.0 2.0 2.0 2.0 2.0 2.0 2.380952380952381 2.380952380952381 2.380952380952381 2.0 2.0 2.0 2.380952380952381 2.380952380952381 2.380952380952381 2.0 2.0 2.0 2.0 2.0 2.0 2.0 2.0 2.0 2.0 2.0 2.0 
10 8.0 8.0 8.0 8.0 8.0 8.0 8.0 8.0 8.0 8.0 8.0 8.0 8.0 8.0 8.0 8.0 8.0 8.0 9.523809523809524 9.523809523809524 9.523809523809524 8.0 8.0 8.0 8.0 8.0 8.0 8.0 8.0 8.0 8.0 8.0 8.0 9.523809523809524 9.523809523809524 9.523809523809524 8.0 8.0 8.0 9.523809523809524 9.523809523809524 9.523809523809524 8.0 8.0 8.0 8.0 8.0 8.0 8.0 8.0 8.0 8.0 8.0 8.0 
11 8.0 8.0 8.0 8.0 8.0 8.0 8.0 8.0 8.0 8.0 8.0 8.0 8.0 8.0 8.0 8.0 8.0 8.0 9.523809523809524 9.523809523809524 9.523809523809524 8.0 8.0 8.0 8.0 8.0 8.0 8.0 8.0 8.0 8.0 8.0 8.0 9.523809523809524 9.523809523809524 9.523809523809524 8.0 8.0 8.0 9.523809523809524 9.523809523809524 9.523809523809524 8.0 8.0 8.0 8.0 8.0 8.0 8.0 8.0 8.0 8.0 8.0 8.0 
12 8.0 8.0 8.0 8.0 8.0 8.0 8.0 8.0 8.0 8.0 8.0 8.0 8.0 8.0 8.0 8.0 8.0 8.0 9.523809523809524 9.523809523809524 9.523809523809524 8.0 8.0 8.0 8.0 8.0 8.0 8.0 8.0 8.0 8.0 8.0 8.0 9.523809523809524 9.523809523809524 9.523809523809524 8.0 8.0 8.0 9.523809523809524 9.523809523809524 9.523809523809524 8.0 8.0 8.0 8.0 8.0 8.0 8.0 8.0 8.0 8.0 8.0 8.0 
13 8.0 8.0 8.0 8.0 8.0 8.0 8.0 8.0 8.0 8.0 8.0 8.0 8.0 8.0 8.0 8.0 8.0 8.0 9.523809523809524 9.523809523809524 9.523809523809524 8.0 8.0 8.0 8.0 8.0 8.0 8.0 8.0 8.0 8.0 8.0 8.0 9.523809523809524 9.523809523809524 9.523809523809524 8.0 8.0 8.0 9.523809523809524 9.523809523809524 9.523809523809524 8.0 8.0 8.0 8.0 8.0 8.0 8.0 8.0 8.0 8.0 8.0 8.0 
14 8.0 8.0 8.0 8.0 8.0 8.0 8.0 8.0 8.0 8.0 8.0 8.0 8.0 8.0 8.0 8.0 8.0 8.0 9.523809523809524 9.523809523809524 9.523809523809524 8.0 8.0 8.0 8.0 8.0 8.0 8.0 8.0 8.0 8.0 8.0 8.0 9.523809523809524 9.523809523809524 9.523809523809524 8.0 8.0 8.0 9.523809523809524 9.523809523809524 9.523809523809524 8.0 8.0 8.0 8.0 8.0 8.0 8.0 8.0 8.0 8.0 8.0 8.0 
15 8.0 8.0 8.0 8.0 8.0 8.0 8.0 8.0 8.0 8.0 8.0 8.0 8.0 8.0 8.0 8.0 8.0 8.0 9.523809523809524 9.523809523809524 9.523809523809524 8.0 8.0 8.0 8.0 8.0 8.0 8.0 8.0 8.0 8.0 8.0 8.0 9.523809523809524 9.523809523809524 9.523809523809524 8.0 8.0 8.0 9.523809523809524 9.523809523809524 9.523809523809524 8.0 8.0 8.0 8.0 8.0 8.0 8.0 8.0 8.0 8.0 8.0 8.0 
16 16.0 16.0 16.0 16.0 16.0 16.0 16.0 16.0 16.0 16.0 16.0 16.0 16.0 16.0 16.0 16.0 16.0 16.0 19.047619047619047 19.047619047619047 19.047619047619047 16.0 16.0 16.0 16.0 16.0 16.0 16.0 16.0 16.0 16.0 16.0 16.0 19.047619047619047 19.047619047619047 19.047619047619047 16.0 16.0 16.0 19.047619047619047 19.047619047619047 19.047619047619047 16.0 16.0 16.0 16.0 16.0 16.0 16.0 16.0 16.0 16.0 16.0 16.0 
17 4.0 4.0 4.0 4.0 4.0 4.0 4.0 4.0 4.0 4.0 4.0 4.0 4.0 4.0 4.0 4.0 4.0 4.0 4.761904761904762 4.761904761904762 4.761904761904762 4.0 4.0 4.0 4.0 4.0 4.0 4.0 4.0 4.0 4.0 4.0 4.0 4.761904761904762 4.761904761904762 4.761904761904762 4.0 4.0 4.0 4.761904761904762 4.761904761904762 4.761904761904762 4.0 4.0 4.0 4.0 4.0 4.0 4.0 4.0 4.0 4.0 4.0 4.0 
18 2.0 2.0 2.0 2.0 2.0 2.0 2.0 2.0 2.0 2.0 2.0 2.0 2.0 2.0 2.0 2.0 2.0 2.0 2.380952380952381 2.380952380952381 2.380952380952381 2.0 2.0 2.0 2.0 2.0 2.0 2.0 2.0 2.0 2.0 2.0 2.0 2.380952380952381 2.380952380952381 2.380952380952381 2.0 2.0 2.0 2.380952380952381 2.380952380952381 2.380952380952381 2.0 2.0 2.0 2.0 2.0 2.0 2.0 2.0 2.0 2.0 2.0 2.0 
19 2.0 2.0 2.0 2.0 2.0 2.0 2.0 2.0 2.0 2.0 2.0 2.0 2.0 2.0 2.0 2.0 2.0 2.0 2.380952380952381 2.380952380952381 2.380952380952381 2.0 2.0 2.0 2.0 2.0 2.0 2.0 2.0 2.0 2.0 2.0 2.0 2.380952380952381 2.380952380952381 2.380952380952381 2.0 2.0 2.0 2.380952380952381 2.380952380952381 2.380952380952381 2.0 2.0 2.0 2.0 2.0 2.0 2.0 2.0 2.0 2.0 2.0 2.0 
20 4.0 4.0 4.0 4.0 4.0 4.0 4.0 4.0 4.0 4.0 4.0 4.0 4.0 4.0 4.0 4.0 4.0 4.0 4.761904761904762 4.761904761904762 4.761904761904762 4.0 4.0 4.0 4.0 4.0 4.0 4.0 4.0 4.0 4.0 4.0 4.0 4.761904761904762 4.761904761904762 4.761904761904762 4.0 4.0 4.0 4.761904761904762 4.761904761904762 4.761904761904762 4.0 4.0 4.0 4.0 4.0 4.0 4.0 4.0 4.0 4.0 4.0 4.0 
21 8.0 8.0 8.0 8.0 8.0 8.0 8.0 8.0 8.0 8.0 8.0 8.0 8.0 8.0 8.0 8.0 8.0 8.0 9.523809523809524 9.523809523809524 9.523809523809524 8.0 8.0 8.0 8.0 8.0 8.0 8.0 8.0 8.0 8.0 8.0 8.0 9.523809523809524 9.523809523809524 9.523809523809524 8.0 8.0 8.0 9.523809523809524 9.523809523809524 9.523809523809524 8.0 8.0 8.0 8.0 8.0 8.0 8.0 8.0 8.0 8.0 8.0 8.0 
22 8.0 8.0 8.0 8.0 8.0 8.0 8.0 8.0 8.0 8.0 8.0 8.0 8.0 8.0 8.0 8.0 8.0 8.0 9.523809523809524 9.523809523809524 9.523809523809524 8.0 8.0 8.0 8.0 8.0 8.0 8.0 8.0 8.0 8.0 8.0 8.0 9.523809523809524 9.523809523809524 9.523809523809524 8.0 8.0 8.0 9.523809523809524 9.523809523809524 9.523809523809524 8.0 8.0 8.0 8.0 8.0 8.0 8.0 8.0 8.0 8.0 8.0 8.0 
23 8.0 8.0 8.0 8.0 8.0 8.0 8.0 8.0 8.0 8.0 8.0 8.0 8.0 8.0 8.0 8.0 8.0 8.0 9.523809523809524 9.523809523809524 9.523809523809524 8.0 8.0 8.0 8.0 8.0 8.0 8.0 8.0 8.0 8.0 8.0 8.0 9.523809523809524 9.523809523809524 9.523809523809524 8.0 8.0 8.0 9.523809523809524 9.523809523809524 9.523809523809524 8.0 8.0 8.0 8.0 8.0 8.0 8.0 8.0 8.0 8.0 8.0 8.0 
24 8.0 8.0 8.0 8.0 8.0 8.0 8.0 8.0 8.0 8.0 8.0 8.0 8.0 8.0 8.0 8.0 8.0 8.0 9.523809523809524 9.523809523809524 9.523809523809524 8.0 8.0 8.0 8.0 8.0 8.0 8.0 8.0 8.0 8.0 8.0 8.0 9.523809523809524 9.523809523809524 9.523809523809524 8.0 8.0 8.0 9.523809523809524 9.523809523809524 9.523809523809524 8.0 8.0 8.0 8.0 8.0 8.0 8.0 8.0 8.0 8.0 8.0 8.0 
25 8.0 8.0 8.0 8.0 8.0 8.0 8.0 8.0 8.0 8.0 8.0 8.0 8.0 8.0 8.0 8.0 8.0 8.0 9.523809523809524 9.523809523809524 9.523809523809524 8.0 8.0 8.0 8.0 8.0 8.0 8.0 8.0 8.0 8.0 8.0 8.0 9.523809523809524 9.523809523809524 9.523809523809524 8.0 8.0 8.0 9.523809523809524 9.523809523809524 9.523809523809524 8.0 8.0 8.0 8.0 8.0 8.0 8.0 8.0 8.0 8.0 8.0 8.0 
26 8.0 8.0 8.0 8.0 8.0 8.0 8.0 8.0 8.0 8.0 8.0 8.0 8.0 8.0 8.0 8.0 8.0 8.0 9.523809523809524 9.523809523809524 9.523809523809524 8.0 8.0 8.0 8.0 8.0 8.0 8.0 8.0 8.0 8.0 8.0 8.0 9.523809523809524 9.523809523809524 9.523809523809524 8.0 8.0 8.0 9.523809523809524 9.523809523809524 9.523809523809524 8.0 8.0 8.0 8.0 8.0 8.0 8.0 8.0 8.0 8.0 8.0 8.0 
27 4.0 4.0 4.0 4.0 4.0 4.0 4.0 4.0 4.0 4.0 4.0 4.0 4.0 4.0 4.0 4.0 4.0 4.0 4.761904761904762 4.761904761904762 4.761904761904762 4.0 4.0 4.0 4.0 4.0 4.0 4.0 4.0 4.0 4.0 4.0 4.0 4.761904761904762 4.761904761904762 4.761904761904762 4.0 4.0 4.0 4.761904761904762 4.761904761904762 4.761904761904762 4.0 4.0 4.0 4.0 4.0 4.0 4.0 4.0 4.0 4.0 4.0 4.0 
28 1.0 1.0 1.0 1.0 1.0 1.0 1.0 1.0 1.0 1.0 1.0 1.0 1.0 1.0 1.0 1.0 1.0 1.0 1.1904761904761905 1.1904761904761905 1.1904761904761905 1.0 1.0 1.0 1.0 1.0 1.0 1.0 1.0 1.0 1.0 1.0 1.0 1.1904761904761905 1.1904761904761905 1.1904761904761905 1.0 1.0 1.0 1.1904761904761905 1.1904761904761905 1.1904761904761905 1.0 1.0 1.0 1.0 1.0 1.0 1.0 1.0 1.0 1.0 1.0 1.0 
29 1.0 1.0 1.0 1.0 1.0 1.0 1.0 1.0 1.0 1.0 1.0 1.0 1.0 1.0 1.0 1.0 1.0 1.0 1.1904761904761905 1.1904761904761905 1.1904761904761905 1.0 1.0 1.0 1.0 1.0 1.0 1.0 1.0 1.0 1.0 1.0 1.0 1.1904761904761905 1.1904761904761905 1.1904761904761905 1.0 1.0 1.0 1.1904761904761905 1.1904761904761905 1.1904761904761905 1.0 1.0 1.0 1.0 1.0 1.0 1.0 1.0 1.0 1.0 1.0 1.0 
30 1.0 1.0 1.0 1.0 1.0 1.0 1.0 1.0 1.0 1.0 1.0 1.0 1.0 1.0 1.0 1.0 1.0 1.0 1.1904761904761905 1.1904761904761905 1.1904761904761905 1.0 1.0 1.0 1.0 1.0 1.0 1.0 1.0 1.0 1.0 1.0 1.0 1.1904761904761905 1.1904761904761905 1.1904761904761905 1.0 1.0 1.0 1.1904761904761905 1.1904761904761905 1.1904761904761905 1.0 1.0 1.0 1.0 1.0 1.0 1.0 1.0 1.0 1.0 1.0 1.0 
31 2.0 2.0 2.0 2.0 2.0 2.0 2.0 2.0 2.0 2.0 2.0 2.0 2.0 2.0 2.0 2.0 2.0 2.0 2.380952380952381 2.380952380952381 2.380952380952381 2.0 2.0 2.0 2.0 2.0 2.0 2.0 2.0 2.0 2.0 2.0 2.0 2.380952380952381 2.380952380952381 2.380952380952381 2.0 2.0 2.0 2.380952380952381 2.380952380952381 2.380952380952381 2.0 2.0 2.0 2.0 2.0 2.0 2.0 2.0 2.0 2.0 2.0 2.0 
59 1.0 1.0 1.0 1.0 1.0 1.0 1.0 1.0 1.0 1.0 1.0 1.0 1.0 1.0 1.0 1.0 1.0 1.0 1.1904761904761905 1.1904761904761905 1.1904761904761905 1.0 1.0 1.0 1.0 1.0 1.0 1.0 1.0 1.0 1.0 1.0 1.0 1.1904761904761905 1.1904761904761905 1.1904761904761905 1.0 1.0 1.0 1.1904761904761905 1.1904761904761905 1.1904761904761905 1.0 1.0 1.0 1.0 1.0 1.0 1.0 1.0 1.0 1.0 1.0 1.0 
60 1.0 1.0 1.0 1.0 1.0 1.0 1.0 1.0 1.0 1.0 1.0 1.0 1.0 1.0 1.0 1.0 1.0 1.0 1.1904761904761905 1.1904761904761905 1.1904761904761905 1.0 1.0 1.0 1.0 1.0 1.0 1.0 1.0 1.0 1.0 1.0 1.0 1.1904761904761905 1.1904761904761905 1.1904761904761905 1.0 1.0 1.0 1.1904761904761905 1.1904761904761905 1.1904761904761905 1.0 1.0 1.0 1.0 1.0 1.0 1.0 1.0 1.0 1.0 1.0 1.0 
61 2.0 2.0 2.0 2.0 2.0 2.0 2.0 2.0 2.0 2.0 2.0 2.0 2.0 2.0 2.0 2.0 2.0 2.0 2.380952380952381 2.380952380952381 2.380952380952381 2.0 2.0 2.0 2.0 2.0 2.0 2.0 2.0 2.0 2.0 2.0 2.0 2.380952380952381 2.380952380952381 2.380952380952381 2.0 2.0 2.0 2.380952380952381 2.380952380952381 2.380952380952381 2.0 2.0 2.0 2.0 2.0 2.0 2.0 2.0 2.0 2.0 2.0 2.0 
32 2.0 2.0 2.0 2.0 2.0 2.0 2.0 2.0 2.0 2.0 2.0 2.0 2.0 2.0 2.0 2.0 2.0 2.0 2.380952380952381 2.380952380952381 2.380952380952381 2.0 2.0 2.0 2.0 2.0 2.0 2.0 2.0 2.0 2.0 2.0 2.0 2.380952380952381 2.380952380952381 2.380952380952381 2.0 2.0 2.0 2.380952380952381 2.380952380952381 2.380952380952381 2.0 2.0 2.0 2.0 2.0 2.0 2.0 2.0 2.0 2.0 2.0 2.0 
33 16.0 16.0 16.0 16.0 16.0 16.0 16.0 16.0 16.0 16.0 16.0 16.0 16.0 16.0 16.0 16.0 16.0 16.0 19.047619047619047 19.047619047619047 19.047619047619047 16.0 16.0 16.0 16.0 16.0 16.0 16.0 16.0 16.0 16.0 16.0 16.0 19.047619047619047 19.047619047619047 19.047619047619047 16.0 16.0 16.0 19.047619047619047 19.047619047619047 19.047619047619047 16.0 16.0 16.0 16.0 16.0 16.0 16.0 16.0 16.0 16.0 16.0 16.0 
34 2.0 2.0 2.0 2.0 2.0 2.0 2.0 2.0 2.0 2.0 2.0 2.0 2.0 2.0 2.0 2.0 2.0 2.0 2.380952380952381 2.380952380952381 2.380952380952381 2.0 2.0 2.0 2.0 2.0 2.0 2.0 2.0 2.0 2.0 2.0 2.0 2.380952380952381 2.380952380952381 2.380952380952381 2.0 2.0 2.0 2.380952380952381 2.380952380952381 2.380952380952381 2.0 2.0 2.0 2.0 2.0 2.0 2.0 2.0 2.0 2.0 2.0 2.0 
35 2.0 2.0 2.0 2.0 2.0 2.0 2.0 2.0 2.0 2.0 2.0 2.0 2.0 2.0 2.0 2.0 2.0 2.0 2.380952380952381 2.380952380952381 2.380952380952381 2.0 2.0 2.0 2.0 2.0 2.0 2.0 2.0 2.0 2.0 2.0 2.0 2.380952380952381 2.380952380952381 2.380952380952381 2.0 2.0 2.0 2.380952380952381 2.380952380952381 2.380952380952381 2.0 2.0 2.0 2.0 2.0 2.0 2.0 2.0 2.0 2.0 2.0 2.0 
36 4.0 4.0 4.0 4.0 4.0 4.0 4.0 4.0 4.0 4.0 4.0 4.0 4.0 4.0 4.0 4.0 4.0 4.0 4.761904761904762 4.761904761904762 4.761904761904762 4.0 4.0 4.0 4.0 4.0 4.0 4.0 4.0 4.0 4.0 4.0 4.0 4.761904761904762 4.761904761904762 4.761904761904762 4.0 4.0 4.0 4.761904761904762 4.761904761904762 4.761904761904762 4.0 4.0 4.0 4.0 4.0 4.0 4.0 4.0 4.0 4.0 4.0 4.0 
37 4.0 4.0 4.0 4.0 4.0 4.0 4.0 4.0 4.0 4.0 4.0 4.0 4.0 4.0 4.0 4.0 4.0 4.0 4.761904761904762 4.761904761904762 4.761904761904762 4.0 4.0 4.0 4.0 4.0 4.0 4.0 4.0 4.0 4.0 4.0 4.0 4.761904761904762 4.761904761904762 4.761904761904762 4.0 4.0 4.0 4.761904761904762 4.761904761904762 4.761904761904762 4.0 4.0 4.0 4.0 4.0 4.0 4.0 4.0 4.0 4.0 4.0 4.0 
38 1.0 1.0 1.0 1.0 1.0 1.0 1.0 1.0 1.0 1.0 1.0 1.0 1.0 1.0 1.0 1.0 1.0 1.0 1.1904761904761905 1.1904761904761905 1.1904761904761905 1.0 1.0 1.0 1.0 1.0 1.0 1.0 1.0 1.0 1.0 1.0 1.0 1.1904761904761905 1.1904761904761905 1.1904761904761905 1.0 1.0 1.0 1.1904761904761905 1.1904761904761905 1.1904761904761905 1.0 1.0 1.0 1.0 1.0 1.0 1.0 1.0 1.0 1.0 1.0 1.0 
39 16.0 16.0 16.0 16.0 16.0 16.0 16.0 16.0 16.0 16.0 16.0 16.0 16.0 16.0 16.0 16.0 16.0 16.0 19.047619047619047 19.047619047619047 19.047619047619047 16.0 16.0 16.0 16.0 16.0 16.0 16.0 16.0 16.0 16.0 16.0 16.0 19.047619047619047 19.047619047619047 19.047619047619047 16.0 16.0 16.0 19.047619047619047 19.047619047619047 19.047619047619047 16.0 16.0 16.0 16.0 16.0 16.0 16.0 16.0 16.0 16.0 16.0 16.0 
62 1.0 1.0 1.0 1.0 1.0 1.0 1.0 1.0 1.0 1.0 1.0 1.0 1.0 1.0 1.0 1.0 1.0 1.0 1.1904761904761905 1.1904761904761905 1.1904761904761905 1.0 1.0 1.0 1.0 1.0 1.0 1.0 1.0 1.0 1.0 1.0 1.0 1.1904761904761905 1.1904761904761905 1.1904761904761905 1.0 1.0 1.0 1.1904761904761905 1.1904761904761905 1.1904761904761905 1.0 1.0 1.0 1.0 1.0 1.0 1.0 1.0 1.0 1.0 1.0 1.0 
63 1.0 1.0 1.0 1.0 1.0 1.0 1.0 1.0 1.0 1.0 1.0 1.0 1.0 1.0 1.0 1.0 1.0 1.0 1.1904761904761905 1.1904761904761905 1.1904761904761905 1.0 1.0 1.0 1.0 1.0 1.0 1.0 1.0 1.0 1.0 1.0 1.0 1.1904761904761905 1.1904761904761905 1.1904761904761905 1.0 1.0 1.0 1.1904761904761905 1.1904761904761905 1.1904761904761905 1.0 1.0 1.0 1.0 1.0 1.0 1.0 1.0 1.0 1.0 1.0 1.0 
64 4.0 4.0 4.0 4.0 4.0 4.0 4.0 4.0 4.0 4.0 4.0 4.0 4.0 4.0 4.0 4.0 4.0 4.0 4.761904761904762 4.761904761904762 4.761904761904762 4.0 4.0 4.0 4.0 4.0 4.0 4.0 4.0 4.0 4.0 4.0 4.0 4.761904761904762 4.761904761904762 4.761904761904762 4.0 4.0 4.0 4.761904761904762 4.761904761904762 4.761904761904762 4.0 4.0 4.0 4.0 4.0 4.0 4.0 4.0 4.0 4.0 4.0 4.0 
40 8.0 8.0 8.0 8.0 8.0 8.0 8.0 8.0 8.0 8.0 8.0 8.0 8.0 8.0 8.0 8.0 8.0 8.0 9.523809523809524 9.523809523809524 9.523809523809524 8.0 8.0 8.0 8.0 8.0 8.0 8.0 8.0 8.0 8.0 8.0 8.0 9.523809523809524 9.523809523809524 9.523809523809524 8.0 8.0 8.0 9.523809523809524 9.523809523809524 9.523809523809524 8.0 8.0 8.0 8.0 8.0 8.0 8.0 8.0 8.0 8.0 8.0 8.0 
41 8.0 8.0 8.0 8.0 8.0 8.0 8.0 8.0 8.0 8.0 8.0 8.0 8.0 8.0 8.0 8.0 8.0 8.0 9.523809523809524 9.523809523809524 9.523809523809524 8.0 8.0 8.0 8.0 8.0 8.0 8.0 8.0 8.0 8.0 8.0 8.0 9.523809523809524 9.523809523809524 9.523809523809524 8.0 8.0 8.0 9.523809523809524 9.523809523809524 9.523809523809524 8.0 8.0 8.0 8.0 8.0 8.0 8.0 8.0 8.0 8.0 8.0 8.0 
42 8.0 8.0 8.0 8.0 8.0 8.0 8.0 8.0 8.0 8.0 8.0 8.0 8.0 8.0 8.0 8.0 8.0 8.0 9.523809523809524 9.523809523809524 9.523809523809524 8.0 8.0 8.0 8.0 8.0 8.0 8.0 8.0 8.0 8.0 8.0 8.0 9.523809523809524 9.523809523809524 9.523809523809524 8.0 8.0 8.0 9.523809523809524 9.523809523809524 9.523809523809524 8.0 8.0 8.0 8.0 8.0 8.0 8.0 8.0 8.0 8.0 8.0 8.0 
43 4.0 4.0 4.0 4.0 4.0 4.0 4.0 4.0 4.0 4.0 4.0 4.0 4.0 4.0 4.0 4.0 4.0 4.0 4.761904761904762 4.761904761904762 4.761904761904762 4.0 4.0 4.0 4.0 4.0 4.0 4.0 4.0 4.0 4.0 4.0 4.0 4.761904761904762 4.761904761904762 4.761904761904762 4.0 4.0 4.0 4.761904761904762 4.761904761904762 4.761904761904762 4.0 4.0 4.0 4.0 4.0 4.0 4.0 4.0 4.0 4.0 4.0 4.0 
44 1.0 1.0 1.0 1.0 1.0 1.0 1.0 1.0 1.0 1.0 1.0 1.0 1.0 1.0 1.0 1.0 1.0 1.0 1.1904761904761905 1.1904761904761905 1.1904761904761905 1.0 1.0 1.0 1.0 1.0 1.0 1.0 1.0 1.0 1.0 1.0 1.0 1.1904761904761905 1.1904761904761905 1.1904761904761905 1.0 1.0 1.0 1.1904761904761905 1.1904761904761905 1.1904761904761905 1.0 1.0 1.0 1.0 1.0 1.0 1.0 1.0 1.0 1.0 1.0 1.0 
45 1.0 1.0 1.0 1.0 1.0 1.0 1.0 1.0 1.0 1.0 1.0 1.0 1.0 1.0 1.0 1.0 1.0 1.0 1.1904761904761905 1.1904761904761905 1.1904761904761905 1.0 1.0 1.0 1.0 1.0 1.0 1.0 1.0 1.0 1.0 1.0 1.0 1.1904761904761905 1.1904761904761905 1.1904761904761905 1.0 1.0 1.0 1.1904761904761905 1.1904761904761905 1.1904761904761905 1.0 1.0 1.0 1.0 1.0 1.0 1.0 1.0 1.0 1.0 1.0 1.0 
46 1.0 1.0 1.0 1.0 1.0 1.0 1.0 1.0 1.0 1.0 1.0 1.0 1.0 1.0 1.0 1.0 1.0 1.0 1.1904761904761905 1.1904761904761905 1.1904761904761905 1.0 1.0 1.0 1.0 1.0 1.0 1.0 1.0 1.0 1.0 1.0 1.0 1.1904761904761905 1.1904761904761905 1.1904761904761905 1.0 1.0 1.0 1.1904761904761905 1.1904761904761905 1.1904761904761905 1.0 1.0 1.0 1.0 1.0 1.0 1.0 1.0 1.0 1.0 1.0 1.0 
47 1.0 1.0 1.0 1.0 1.0 1.0 1.0 1.0 1.0 1.0 1.0 1.0 1.0 1.0 1.0 1.0 1.0 1.0 1.1904761904761905 1.1904761904761905 1.1904761904761905 1.0 1.0 1.0 1.0 1.0 1.0 1.0 1.0 1.0 1.0 1.0 1.0 1.1904761904761905 1.1904761904761905 1.1904761904761905 1.0 1.0 1.0 1.1904761904761905 1.1904761904761905 1.1904761904761905 1.0 1.0 1.0 1.0 1.0 1.0 1.0 1.0 1.0 1.0 1.0 1.0 
48 1.0 1.0 1.0 1.0 1.0 1.0 1.0 1.0 1.0 1.0 1.0 1.0 1.0 1.0 1.0 1.0 1.0 1.0 1.1904761904761905 1.1904761904761905 1.1904761904761905 1.0 1.0 1.0 1.0 1.0 1.0 1.0 1.0 1.0 1.0 1.0 1.0 1.1904761904761905 1.1904761904761905 1.1904761904761905 1.0 1.0 1.0 1.1904761904761905 1.1904761904761905 1.1904761904761905 1.0 1.0 1.0 1.0 1.0 1.0 1.0 1.0 1.0 1.0 1.0 1.0 
49 1.0 1.0 1.0 1.0 1.0 1.0 1.0 1.0 1.0 1.0 1.0 1.0 1.0 1.0 1.0 1.0 1.0 1.0 1.1904761904761905 1.1904761904761905 1.1904761904761905 1.0 1.0 1.0 1.0 1.0 1.0 1.0 1.0 1.0 1.0 1.0 1.0 1.1904761904761905 1.1904761904761905 1.1904761904761905 1.0 1.0 1.0 1.1904761904761905 1.1904761904761905 1.1904761904761905 1.0 1.0 1.0 1.0 1.0 1.0 1.0 1.0 1.0 1.0 1.0 1.0 
50 2.0 2.0 2.0 2.0 2.0 2.0 2.0 2.0 2.0 2.0 2.0 2.0 2.0 2.0 2.0 2.0 2.0 2.0 2.380952380952381 2.380952380952381 2.380952380952381 2.0 2.0 2.0 2.0 2.0 2.0 2.0 2.0 2.0 2.0 2.0 2.0 2.380952380952381 2.380952380952381 2.380952380952381 2.0 2.0 2.0 2.380952380952381 2.380952380952381 2.380952380952381 2.0 2.0 2.0 2.0 2.0 2.0 2.0 2.0 2.0 2.0 2.0 2.0 
51 1.0 1.0 1.0 1.0 1.0 1.0 1.0 1.0 1.0 1.0 1.0 1.0 1.0 1.0 1.0 1.0 1.0 1.0 1.1904761904761905 1.1904761904761905 1.1904761904761905 1.0 1.0 1.0 1.0 1.0 1.0 1.0 1.0 1.0 1.0 1.0 1.0 1.1904761904761905 1.1904761904761905 1.1904761904761905 1.0 1.0 1.0 1.1904761904761905 1.1904761904761905 1.1904761904761905 1.0 1.0 1.0 1.0 1.0 1.0 1.0 1.0 1.0 1.0 1.0 1.0 
65 1.0 1.0 1.0 1.0 1.0 1.0 1.0 1.0 1.0 1.0 1.0 1.0 1.0 1.0 1.0 1.0 1.0 1.0 1.1904761904761905 1.1904761904761905 1.1904761904761905 1.0 1.0 1.0 1.0 1.0 1.0 1.0 1.0 1.0 1.0 1.0 1.0 1.1904761904761905 1.1904761904761905 1.1904761904761905 1.0 1.0 1.0 1.1904761904761905 1.1904761904761905 1.1904761904761905 1.0 1.0 1.0 1.0 1.0 1.0 1.0 1.0 1.0 1.0 1.0 1.0 
66 1.0 1.0 1.0 1.0 1.0 1.0 1.0 1.0 1.0 1.0 1.0 1.0 1.0 1.0 1.0 1.0 1.0 1.0 1.1904761904761905 1.1904761904761905 1.1904761904761905 1.0 1.0 1.0 1.0 1.0 1.0 1.0 1.0 1.0 1.0 1.0 1.0 1.1904761904761905 1.1904761904761905 1.1904761904761905 1.0 1.0 1.0 1.1904761904761905 1.1904761904761905 1.1904761904761905 1.0 1.0 1.0 1.0 1.0 1.0 1.0 1.0 1.0 1.0 1.0 1.0 
67 1.0 1.0 1.0 1.0 1.0 1.0 1.0 1.0 1.0 1.0 1.0 1.0 1.0 1.0 1.0 1.0 1.0 1.0 1.1904761904761905 1.1904761904761905 1.1904761904761905 1.0 1.0 1.0 1.0 1.0 1.0 1.0 1.0 1.0 1.0 1.0 1.0 1.1904761904761905 1.1904761904761905 1.1904761904761905 1.0 1.0 1.0 1.1904761904761905 1.1904761904761905 1.1904761904761905 1.0 1.0 1.0 1.0 1.0 1.0 1.0 1.0 1.0 1.0 1.0 1.0 
68 1.0 1.0 1.0 1.0 1.0 1.0 1.0 1.0 1.0 1.0 1.0 1.0 1.0 1.0 1.0 1.0 1.0 1.0 1.1904761904761905 1.1904761904761905 1.1904761904761905 1.0 1.0 1.0 1.0 1.0 1.0 1.0 1.0 1.0 1.0 1.0 1.0 1.1904761904761905 1.1904761904761905 1.1904761904761905 1.0 1.0 1.0 1.1904761904761905 1.1904761904761905 1.1904761904761905 1.0 1.0 1.0 1.0 1.0 1.0 1.0 1.0 1.0 1.0 1.0 1.0 
69 1.0 1.0 1.0 1.0 1.0 1.0 1.0 1.0 1.0 1.0 1.0 1.0 1.0 1.0 1.0 1.0 1.0 1.0 1.1904761904761905 1.1904761904761905 1.1904761904761905 1.0 1.0 1.0 1.0 1.0 1.0 1.0 1.0 1.0 1.0 1.0 1.0 1.1904761904761905 1.1904761904761905 1.1904761904761905 1.0 1.0 1.0 1.1904761904761905 1.1904761904761905 1.1904761904761905 1.0 1.0 1.0 1.0 1.0 1.0 1.0 1.0 1.0 1.0 1.0 1.0 
70 1.0 1.0 1.0 1.0 1.0 1.0 1.0 1.0 1.0 1.0 1.0 1.0 1.0 1.0 1.0 1.0 1.0 1.0 1.1904761904761905 1.1904761904761905 1.1904761904761905 1.0 1.0 1.0 1.0 1.0 1.0 1.0 1.0 1.0 1.0 1.0 1.0 1.1904761904761905 1.1904761904761905 1.1904761904761905 1.0 1.0 1.0 1.1904761904761905 1.1904761904761905 1.1904761904761905 1.0 1.0 1.0 1.0 1.0 1.0 1.0 1.0 1.0 1.0 1.0 1.0 
71 1.0 1.0 1.0 1.0 1.0 1.0 1.0 1.0 1.0 1.0 1.0 1.0 1.0 1.0 1.0 1.0 1.0 1.0 1.1904761904761905 1.1904761904761905 1.1904761904761905 1.0 1.0 1.0 1.0 1.0 1.0 1.0 1.0 1.0 1.0 1.0 1.0 1.1904761904761905 1.1904761904761905 1.1904761904761905 1.0 1.0 1.0 1.1904761904761905 1.1904761904761905 1.1904761904761905 1.0 1.0 1.0 1.0 1.0 1.0 1.0 1.0 1.0 1.0 1.0 1.0 
52 2.0 2.0 2.0 2.0 2.0 2.0 2.0 2.0 2.0 2.0 2.0 2.0 2.0 2.0 2.0 2.0 2.0 2.0 2.380952380952381 2.380952380952381 2.380952380952381 2.0 2.0 2.0 2.0 2.0 2.0 2.0 2.0 2.0 2.0 2.0 2.0 2.380952380952381 2.380952380952381 2.380952380952381 2.0 2.0 2.0 2.380952380952381 2.380952380952381 2.380952380952381 2.0 2.0 2.0 2.0 2.0 2.0 2.0 2.0 2.0 2.0 2.0 2.0 
53 2.0 2.0 2.0 2.0 2.0 2.0 2.0 2.0 2.0 2.0 2.0 2.0 2.0 2.0 2.0 2.0 2.0 2.0 2.380952380952381 2.380952380952381 2.380952380952381 2.0 2.0 2.0 2.0 2.0 2.0 2.0 2.0 2.0 2.0 2.0 2.0 2.380952380952381 2.380952380952381 2.380952380952381 2.0 2.0 2.0 2.380952380952381 2.380952380952381 2.380952380952381 2.0 2.0 2.0 2.0 2.0 2.0 2.0 2.0 2.0 2.0 2.0 2.0 
54 2.0 2.0 2.0 2.0 2.0 2.0 2.0 2.0 2.0 2.0 2.0 2.0 2.0 2.0 2.0 2.0 2.0 2.0 2.380952380952381 2.380952380952381 2.380952380952381 2.0 2.0 2.0 2.0 2.0 2.0 2.0 2.0 2.0 2.0 2.0 2.0 2.380952380952381 2.380952380952381 2.380952380952381 2.0 2.0 2.0 2.380952380952381 2.380952380952381 2.380952380952381 2.0 2.0 2.0 2.0 2.0 2.0 2.0 2.0 2.0 2.0 2.0 2.0 
55 16.0 16.0 16.0 16.0 16.0 16.0 16.0 16.0 16.0 16.0 16.0 16.0 16.0 16.0 16.0 16.0 16.0 16.0 19.047619047619047 19.047619047619047 19.047619047619047 16.0 16.0 16.0 16.0 16.0 16.0 16.0 16.0 16.0 16.0 16.0 16.0 19.047619047619047 19.047619047619047 19.047619047619047 16.0 16.0 16.0 19.047619047619047 19.047619047619047 19.047619047619047 16.0 16.0 16.0 16.0 16.0 16.0 16.0 16.0 16.0 16.0 16.0 16.0 
56 8.0 8.0 8.0 8.0 8.0 8.0 8.0 8.0 8.0 8.0 8.0 8.0 8.0 8.0 8.0 8.0 8.0 8.0 9.523809523809524 9.523809523809524 9.523809523809524 8.0 8.0 8.0 8.0 8.0 8.0 8.0 8.0 8.0 8.0 8.0 8.0 9.523809523809524 9.523809523809524 9.523809523809524 8.0 8.0 8.0 9.523809523809524 9.523809523809524 9.523809523809524 8.0 8.0 8.0 8.0 8.0 8.0 8.0 8.0 8.0 8.0 8.0 8.0 
57 2.0 2.0 2.0 2.0 2.0 2.0 2.0 2.0 2.0 2.0 2.0 2.0 2.0 2.0 2.0 2.0 2.0 2.0 2.380952380952381 2.380952380952381 2.380952380952381 2.0 2.0 2.0 2.0 2.0 2.0 2.0 2.0 2.0 2.0 2.0 2.0 2.380952380952381 2.380952380952381 2.380952380952381 2.0 2.0 2.0 2.380952380952381 2.380952380952381 2.380952380952381 2.0 2.0 2.0 2.0 2.0 2.0 2.0 2.0 2.0 2.0 2.0 2.0 
;
set c_0 := 0;
param d := 
[0,*,*] : 
0 1 2 3 4 5 6 := 
0 0 0.007704 0.007704 0.007704 0.007704 0 0 
1 2.15712 0 0 0 0 0.007704 0 
2 2.15712 0 0 0 0 0.007704 0 
3 2.15712 0 0 0 0 0.007704 0 
4 2.15712 0 0 0 0 0.007704 0 
5 0 0.0107856 0.0107856 0.0107856 0.0107856 0 0.030816 
6 0 0 0 0 0 0.37965312 0 
[1,*,*] : 
0 7 8 9 58 := 
0 0 0.004368 0 0 0.004368 
7 0.18720000000000003 0 0.004368 0 0 
8 0 0.014414400000000003 0 0.008736 0.014414400000000003 
9 0 0 0.15567552000000004 0 0 
58 0.18720000000000003 0 0.004368 0 0 
[2,*,*] : 
0 10 11 12 13 14 15 16 17 := 
0 0 0.0031 0.0031 0.0031 0.0031 0.0031 0.0031 0 0 
10 0.8679999999999999 0 0 0 0 0 0 0.0031 0 
11 0.8679999999999999 0 0 0 0 0 0 0.0031 0 
12 0.8679999999999999 0 0 0 0 0 0 0.0031 0 
13 0.8679999999999999 0 0 0 0 0 0 0.0031 0 
14 0.8679999999999999 0 0 0 0 0 0 0.0031 0 
15 0.8679999999999999 0 0 0 0 0 0 0.0031 0 
16 0 0.004339999999999999 0.004339999999999999 0.004339999999999999 0.004339999999999999 0.004339999999999999 0.004339999999999999 0 0.0186 
17 0 0 0 0 0 0 0 0.031247999999999995 0 
[3,*,*] : 
0 18 19 20 := 
0 0 0.006392 0 0 
18 0.27394285714285715 0 0.006392 0 
19 0 0.047939999999999997 0 0.006392 
20 0 0 0.057527999999999996 0 
[4,*,*] : 
0 21 22 23 24 25 26 27 := 
0 0 0.0034928 0.0034928 0.0034928 0.0034928 0.0034928 0 0 
21 0.977984 0 0 0 0 0 0.0034928 0 
22 0.977984 0 0 0 0 0 0.0034928 0 
23 0.977984 0 0 0 0 0 0.0034928 0 
24 0.977984 0 0 0 0 0 0.0034928 0 
25 0.977984 0 0 0 0 0 0.0034928 0 
26 0 0.004889920000000001 0.004889920000000001 0.004889920000000001 0.004889920000000001 0.004889920000000001 0 0.017464 
27 0 0 0 0 0 0 0.01711472 0 
[5,*,*] : 
0 28 29 30 31 59 60 61 := 
0 0 0.008738666666666667 0.008738666666666667 0 0 0 0.008738666666666667 0 
28 0.37451428571428574 0 0 0.004369333333333334 0 0.004369333333333334 0 0 
29 0.37451428571428574 0 0 0.004369333333333334 0 0.004369333333333334 0 0 
30 0 0.0144188 0.0144188 0 0.006554 0 0.0144188 0.006554 
31 0 0 0 0.0432564 0 0.0432564 0 0 
59 0 0.0144188 0.0144188 0 0.006554 0 0.0144188 0.006554 
60 0.37451428571428574 0 0 0.004369333333333334 0 0.004369333333333334 0 0 
61 0 0 0 0.0432564 0 0.0432564 0 0 
[6,*,*] : 
0 32 33 34 35 := 
0 0 0.02044 0 0 0 
32 0.876 0 0.02044 0 0 
33 0 0.067452 0 0.01022 0.01022 
34 0 0 0.2259642 0 0 
35 0 0 0.2259642 0 0 
[7,*,*] : 
0 36 37 38 39 62 63 64 := 
0 0 0.006357333333333333 0.006357333333333333 0 0 0 0 0.006357333333333333 
36 0.2724571428571429 0 0 0.002119111111111111 0 0.002119111111111111 0.002119111111111111 0 
37 0.2724571428571429 0 0 0.002119111111111111 0 0.002119111111111111 0.002119111111111111 0 
38 0 0.006993066666666666 0.006993066666666666 0 0.006357333333333333 0 0 0.006993066666666666 
39 0 0 0 0.0629376 0 0.0629376 0.0629376 0 
62 0 0.006993066666666666 0.006993066666666666 0 0.006357333333333333 0 0 0.006993066666666666 
63 0 0.006993066666666666 0.006993066666666666 0 0.006357333333333333 0 0 0.006993066666666666 
64 0.2724571428571429 0 0 0.002119111111111111 0 0.002119111111111111 0.002119111111111111 0 
[8,*,*] : 
0 40 41 42 43 := 
0 0 0.008588 0.008588 0 0 
40 2.40464 0 0 0.008588 0 
41 2.40464 0 0 0.008588 0 
42 0 0.012023200000000001 0.012023200000000001 0 0.017176 
43 0 0 0 0.17072944 0 
[9,*,*] : 
0 44 45 46 47 48 49 50 51 65 66 67 68 69 70 71 := 
0 0 0.002010181818181818 0.002010181818181818 0.002010181818181818 0.002010181818181818 0.002010181818181818 0.002010181818181818 0 0 0.002010181818181818 0 0.002010181818181818 0.002010181818181818 0.002010181818181818 0 0.002010181818181818 
44 0.5628509090909091 0 0 0 0 0 0 0.002010181818181818 0 0 0 0 0 0 0 0 
45 0.5628509090909091 0 0 0 0 0 0 0.002010181818181818 0 0 0 0 0 0 0 0 
46 0.5628509090909091 0 0 0 0 0 0 0.002010181818181818 0 0 0 0 0 0 0 0 
47 0.5628509090909091 0 0 0 0 0 0 0.002010181818181818 0 0 0 0 0 0 0 0 
48 0.5628509090909091 0 0 0 0 0 0 0.002010181818181818 0 0 0 0 0 0 0 0 
49 0.5628509090909091 0 0 0 0 0 0 0.002010181818181818 0 0 0 0 0 0 0 0 
50 0 0.0028142545454545452 0.0028142545454545452 0.0028142545454545452 0.0028142545454545452 0.0028142545454545452 0.0028142545454545452 0 0.007370666666666667 0.0028142545454545452 0.007370666666666667 0.0028142545454545452 0.0028142545454545452 0.0028142545454545452 0.007370666666666667 0.0028142545454545452 
51 0 0 0 0 0 0 0 0.0928704 0 0 0 0 0 0 0 0 
65 0.5628509090909091 0 0 0 0 0 0 0.002010181818181818 0 0 0 0 0 0 0 0 
66 0 0 0 0 0 0 0 0.0928704 0 0 0 0 0 0 0 0 
67 0.5628509090909091 0 0 0 0 0 0 0.002010181818181818 0 0 0 0 0 0 0 0 
68 0.5628509090909091 0 0 0 0 0 0 0.002010181818181818 0 0 0 0 0 0 0 0 
69 0.5628509090909091 0 0 0 0 0 0 0.002010181818181818 0 0 0 0 0 0 0 0 
70 0 0 0 0 0 0 0 0.0928704 0 0 0 0 0 0 0 0 
71 0.5628509090909091 0 0 0 0 0 0 0.002010181818181818 0 0 0 0 0 0 0 0 
[10,*,*] : 
0 52 53 54 55 56 57 := 
0 0 8.82E-4 8.82E-4 8.82E-4 0 0 8.82E-4 
52 0.24695999999999999 0 0 0 8.82E-4 0 0 
53 0.24695999999999999 0 0 0 8.82E-4 0 0 
54 0.24695999999999999 0 0 0 8.82E-4 0 0 
55 0 0.0012347999999999999 0.0012347999999999999 0.0012347999999999999 0 0.003528 0.0012347999999999999 
56 0 0 0 0 0.030623039999999997 0 0 
57 0.24695999999999999 0 0 0 8.82E-4 0 0 
;
param x_bar : 0 1 2 3 4 5 6 7 8 9 10 11 12 13 14 15 16 17 18 19 20 21 22 23 24 25 26 27 28 29 30 31 32 33 34 35 36 37 38 39 40 41 42 43 44 45 46 47 48 49 50 51 52 53  := 
0 0 0 0 0 0 0 0 0 0 0 0 0 0 0 0 0 0 0 0 0 0 0 0 0 0 0 0 0 0 0 0 0 0 0 0 0 0 0 0 0 0 0 0 0 0 0 0 0 0 0 0 0 0 0 
1 0 0 0 0 0 0 0 0 0 1 0 0 0 0 0 0 0 0 0 0 0 0 0 0 0 0 0 0 0 0 0 0 0 0 0 0 0 0 0 0 0 0 0 0 0 0 0 0 0 0 0 0 0 0 
2 0 0 0 0 0 0 0 0 0 1 0 0 0 0 0 0 0 0 0 0 0 0 0 0 0 0 0 0 0 0 0 0 0 0 0 0 0 0 0 0 0 0 0 0 0 0 0 0 0 0 0 0 0 0 
3 0 0 0 0 0 0 0 0 0 1 0 0 0 0 0 0 0 0 0 0 0 0 0 0 0 0 0 0 0 0 0 0 0 0 0 0 0 0 0 0 0 0 0 0 0 0 0 0 0 0 0 0 0 0 
4 0 0 0 0 0 0 0 0 0 0 1 0 0 0 0 0 0 0 0 0 0 0 0 0 0 0 0 0 0 0 0 0 0 0 0 0 0 0 0 0 0 0 0 0 0 0 0 0 0 0 0 0 0 0 
5 0 0 0 0 0 0 0 0 0 1 0 0 0 0 0 0 0 0 0 0 0 0 0 0 0 0 0 0 0 0 0 0 0 0 0 0 0 0 0 0 0 0 0 0 0 0 0 0 0 0 0 0 0 0 
6 0 0 0 0 0 0 0 0 0 1 0 0 0 0 0 0 0 0 0 0 0 0 0 0 0 0 0 0 0 0 0 0 0 0 0 0 0 0 0 0 0 0 0 0 0 0 0 0 0 0 0 0 0 0 
7 0 0 0 0 0 0 0 0 0 0 0 0 0 0 0 0 0 0 0 0 0 0 0 0 0 0 0 0 0 0 0 0 0 0 0 0 0 0 0 0 0 0 0 0 0 0 0 0 0 0 0 1 0 0 
8 0 0 0 0 0 0 0 0 0 0 0 0 0 0 0 0 0 0 0 0 0 0 0 0 0 0 0 0 0 0 0 0 0 0 0 0 0 0 0 0 0 0 0 0 0 0 0 0 0 0 0 1 0 0 
9 0 0 0 0 0 0 0 0 0 0 0 0 0 0 0 0 0 0 0 0 0 0 0 0 0 0 0 0 0 0 0 0 0 0 0 0 0 0 0 0 0 0 0 0 0 0 0 0 0 0 0 0 1 0 
10 0 0 0 0 0 0 0 0 0 0 0 0 1 0 0 0 0 0 0 0 0 0 0 0 0 0 0 0 0 0 0 0 0 0 0 0 0 0 0 0 0 0 0 0 0 0 0 0 0 0 0 0 0 0 
11 0 0 0 0 0 0 0 0 0 0 0 0 0 1 0 0 0 0 0 0 0 0 0 0 0 0 0 0 0 0 0 0 0 0 0 0 0 0 0 0 0 0 0 0 0 0 0 0 0 0 0 0 0 0 
12 0 0 0 0 0 0 0 0 0 0 0 0 0 1 0 0 0 0 0 0 0 0 0 0 0 0 0 0 0 0 0 0 0 0 0 0 0 0 0 0 0 0 0 0 0 0 0 0 0 0 0 0 0 0 
13 0 0 0 0 0 0 0 0 0 0 0 0 0 0 1 0 0 0 0 0 0 0 0 0 0 0 0 0 0 0 0 0 0 0 0 0 0 0 0 0 0 0 0 0 0 0 0 0 0 0 0 0 0 0 
14 0 0 0 0 0 0 0 0 0 0 0 0 0 0 1 0 0 0 0 0 0 0 0 0 0 0 0 0 0 0 0 0 0 0 0 0 0 0 0 0 0 0 0 0 0 0 0 0 0 0 0 0 0 0 
15 0 0 0 0 0 0 0 0 0 0 0 0 0 0 0 0 0 0 0 0 0 0 0 0 0 0 0 0 0 0 0 0 0 0 0 0 0 0 0 0 0 0 0 0 0 1 0 0 0 0 0 0 0 0 
16 0 0 0 0 0 0 0 0 0 0 0 0 0 0 0 1 0 0 0 0 0 0 0 0 0 0 0 0 0 0 0 0 0 0 0 0 0 0 0 0 0 0 0 0 0 0 0 0 0 0 0 0 0 0 
17 0 0 0 0 0 0 0 0 0 0 0 0 1 0 0 0 0 0 0 0 0 0 0 0 0 0 0 0 0 0 0 0 0 0 0 0 0 0 0 0 0 0 0 0 0 0 0 0 0 0 0 0 0 0 
18 0 0 0 0 0 0 0 0 0 0 1 0 0 0 0 0 0 0 0 0 0 0 0 0 0 0 0 0 0 0 0 0 0 0 0 0 0 0 0 0 0 0 0 0 0 0 0 0 0 0 0 0 0 0 
19 0 0 0 0 0 0 0 0 0 0 1 0 0 0 0 0 0 0 0 0 0 0 0 0 0 0 0 0 0 0 0 0 0 0 0 0 0 0 0 0 0 0 0 0 0 0 0 0 0 0 0 0 0 0 
20 0 0 0 0 0 0 0 0 0 0 1 0 0 0 0 0 0 0 0 0 0 0 0 0 0 0 0 0 0 0 0 0 0 0 0 0 0 0 0 0 0 0 0 0 0 0 0 0 0 0 0 0 0 0 
21 0 0 0 0 0 0 0 0 0 0 0 0 0 0 0 0 0 0 0 0 0 1 0 0 0 0 0 0 0 0 0 0 0 0 0 0 0 0 0 0 0 0 0 0 0 0 0 0 0 0 0 0 0 0 
22 0 0 0 0 0 0 0 0 0 0 0 0 0 0 0 0 0 0 0 0 0 0 1 0 0 0 0 0 0 0 0 0 0 0 0 0 0 0 0 0 0 0 0 0 0 0 0 0 0 0 0 0 0 0 
23 0 0 0 0 0 0 0 0 0 0 0 0 0 0 0 0 0 0 0 0 0 0 0 1 0 0 0 0 0 0 0 0 0 0 0 0 0 0 0 0 0 0 0 0 0 0 0 0 0 0 0 0 0 0 
24 0 0 0 0 0 0 0 0 0 0 0 0 0 0 0 0 0 0 0 0 0 0 0 1 0 0 0 0 0 0 0 0 0 0 0 0 0 0 0 0 0 0 0 0 0 0 0 0 0 0 0 0 0 0 
25 0 0 0 0 0 0 0 0 0 0 0 0 0 0 0 0 0 0 0 0 0 0 0 0 0 0 0 0 0 0 0 0 0 0 0 0 0 0 0 0 0 0 0 0 0 0 1 0 0 0 0 0 0 0 
26 0 0 0 0 0 0 0 0 0 0 0 0 0 0 0 0 0 0 0 0 0 1 0 0 0 0 0 0 0 0 0 0 0 0 0 0 0 0 0 0 0 0 0 0 0 0 0 0 0 0 0 0 0 0 
27 0 0 0 0 0 0 0 0 0 0 0 0 0 0 0 0 0 0 0 0 0 0 1 0 0 0 0 0 0 0 0 0 0 0 0 0 0 0 0 0 0 0 0 0 0 0 0 0 0 0 0 0 0 0 
28 1 0 0 0 0 0 0 0 0 0 0 0 0 0 0 0 0 0 0 0 0 0 0 0 0 0 0 0 0 0 0 0 0 0 0 0 0 0 0 0 0 0 0 0 0 0 0 0 0 0 0 0 0 0 
29 1 0 0 0 0 0 0 0 0 0 0 0 0 0 0 0 0 0 0 0 0 0 0 0 0 0 0 0 0 0 0 0 0 0 0 0 0 0 0 0 0 0 0 0 0 0 0 0 0 0 0 0 0 0 
30 1 0 0 0 0 0 0 0 0 0 0 0 0 0 0 0 0 0 0 0 0 0 0 0 0 0 0 0 0 0 0 0 0 0 0 0 0 0 0 0 0 0 0 0 0 0 0 0 0 0 0 0 0 0 
31 1 0 0 0 0 0 0 0 0 0 0 0 0 0 0 0 0 0 0 0 0 0 0 0 0 0 0 0 0 0 0 0 0 0 0 0 0 0 0 0 0 0 0 0 0 0 0 0 0 0 0 0 0 0 
32 0 0 0 1 0 0 0 0 0 0 0 0 0 0 0 0 0 0 0 0 0 0 0 0 0 0 0 0 0 0 0 0 0 0 0 0 0 0 0 0 0 0 0 0 0 0 0 0 0 0 0 0 0 0 
33 0 0 0 1 0 0 0 0 0 0 0 0 0 0 0 0 0 0 0 0 0 0 0 0 0 0 0 0 0 0 0 0 0 0 0 0 0 0 0 0 0 0 0 0 0 0 0 0 0 0 0 0 0 0 
34 0 0 0 1 0 0 0 0 0 0 0 0 0 0 0 0 0 0 0 0 0 0 0 0 0 0 0 0 0 0 0 0 0 0 0 0 0 0 0 0 0 0 0 0 0 0 0 0 0 0 0 0 0 0 
35 0 0 0 1 0 0 0 0 0 0 0 0 0 0 0 0 0 0 0 0 0 0 0 0 0 0 0 0 0 0 0 0 0 0 0 0 0 0 0 0 0 0 0 0 0 0 0 0 0 0 0 0 0 0 
36 0 0 0 0 0 0 0 0 0 0 0 0 0 0 0 0 0 0 0 0 0 0 0 0 0 0 0 0 0 0 0 0 0 1 0 0 0 0 0 0 0 0 0 0 0 0 0 0 0 0 0 0 0 0 
37 0 0 0 0 0 0 0 0 0 0 0 0 0 0 0 0 0 0 0 0 0 0 0 0 0 0 0 0 0 0 0 0 0 1 0 0 0 0 0 0 0 0 0 0 0 0 0 0 0 0 0 0 0 0 
38 0 0 0 0 0 0 0 0 0 0 0 0 0 0 0 0 0 0 0 0 0 0 0 0 0 0 0 0 0 0 0 0 0 1 0 0 0 0 0 0 0 0 0 0 0 0 0 0 0 0 0 0 0 0 
39 0 0 0 0 0 0 0 0 0 0 0 0 0 0 0 0 0 0 0 0 0 0 0 0 0 0 0 0 0 0 0 0 0 0 1 0 0 0 0 0 0 0 0 0 0 0 0 0 0 0 0 0 0 0 
40 0 0 0 1 0 0 0 0 0 0 0 0 0 0 0 0 0 0 0 0 0 0 0 0 0 0 0 0 0 0 0 0 0 0 0 0 0 0 0 0 0 0 0 0 0 0 0 0 0 0 0 0 0 0 
41 0 0 0 0 1 0 0 0 0 0 0 0 0 0 0 0 0 0 0 0 0 0 0 0 0 0 0 0 0 0 0 0 0 0 0 0 0 0 0 0 0 0 0 0 0 0 0 0 0 0 0 0 0 0 
42 0 0 0 0 1 0 0 0 0 0 0 0 0 0 0 0 0 0 0 0 0 0 0 0 0 0 0 0 0 0 0 0 0 0 0 0 0 0 0 0 0 0 0 0 0 0 0 0 0 0 0 0 0 0 
43 0 0 0 0 1 0 0 0 0 0 0 0 0 0 0 0 0 0 0 0 0 0 0 0 0 0 0 0 0 0 0 0 0 0 0 0 0 0 0 0 0 0 0 0 0 0 0 0 0 0 0 0 0 0 
44 0 0 0 0 0 0 0 0 0 0 0 0 0 0 0 1 0 0 0 0 0 0 0 0 0 0 0 0 0 0 0 0 0 0 0 0 0 0 0 0 0 0 0 0 0 0 0 0 0 0 0 0 0 0 
45 0 0 0 0 0 0 0 0 0 0 0 0 0 0 0 0 1 0 0 0 0 0 0 0 0 0 0 0 0 0 0 0 0 0 0 0 0 0 0 0 0 0 0 0 0 0 0 0 0 0 0 0 0 0 
46 0 0 0 0 0 0 0 0 0 0 0 0 0 0 0 0 1 0 0 0 0 0 0 0 0 0 0 0 0 0 0 0 0 0 0 0 0 0 0 0 0 0 0 0 0 0 0 0 0 0 0 0 0 0 
47 0 0 0 0 0 0 0 0 0 0 0 0 0 0 0 0 0 1 0 0 0 0 0 0 0 0 0 0 0 0 0 0 0 0 0 0 0 0 0 0 0 0 0 0 0 0 0 0 0 0 0 0 0 0 
48 0 0 0 0 0 0 0 0 0 0 0 0 0 0 0 0 0 1 0 0 0 0 0 0 0 0 0 0 0 0 0 0 0 0 0 0 0 0 0 0 0 0 0 0 0 0 0 0 0 0 0 0 0 0 
49 0 0 0 0 0 0 0 0 0 0 0 0 0 0 0 0 0 0 0 0 0 0 0 0 0 0 0 0 0 0 0 0 0 0 0 0 0 0 0 0 0 0 0 0 0 0 0 0 1 0 0 0 0 0 
50 0 0 0 0 0 0 0 0 0 0 0 0 0 0 0 1 0 0 0 0 0 0 0 0 0 0 0 0 0 0 0 0 0 0 0 0 0 0 0 0 0 0 0 0 0 0 0 0 0 0 0 0 0 0 
51 0 0 0 0 0 0 0 0 0 0 0 0 0 0 0 0 1 0 0 0 0 0 0 0 0 0 0 0 0 0 0 0 0 0 0 0 0 0 0 0 0 0 0 0 0 0 0 0 0 0 0 0 0 0 
;
