data;
set C_bar :=  1 2 3 4 5 6 7 8 9 10 11 12 13 ;
set C :=  14 15 16 17 18 19 20 21 31 33 34 35 22 23 24 25 26 27 28 29 30 36 37 38 39 40 41 42 43 32 ;
set R := 0 1 2 3 4 5 ;
set C_bar_r[0] :=  
1 2 3 ;
set C_bar_r[1] :=  
4 5 6 7 ;
set C_bar_r[2] :=  
8 9 10 ;
set C_bar_r[3] :=  
11 12 13 ;
set C_r[0] :=  
22 23 24 ;
set C_r[1] :=  
25 26 27 28 29 30 ;
set C_r[2] :=  
36 37 38 39 40 41 42 43 ;
set C_r[3] :=  
32 ;
set C_r[4] :=  
14 15 16 17 18 ;
set C_r[5] :=  
19 20 21 31 33 34 35 ;
set S :=  0 1 2 3 4 5 6 7 8 9 10 11 12 13 14 15 ;
set S_u :=  0 1 2 3 4 5 6 7 8 9 10 11 12 13 14 15 ;
set S_r[0] := 
12 ;
set S_r[1] := 
14 ;
set S_r[2] := 
8 ;
set S_r[3] := 
0 1 ;
set Rack :=  0 1 2 3 4 5 6 7 ;
param COST : 0 1 2 3 4 5 6 7 8 9 10 11 12 13 14 15 :=
0 0 1 3 3 5 5 5 5 5 5 5 5 5 5 5 5 
1 1 0 3 3 5 5 5 5 5 5 5 5 5 5 5 5 
2 3 3 0 1 5 5 5 5 5 5 5 5 5 5 5 5 
3 3 3 1 0 5 5 5 5 5 5 5 5 5 5 5 5 
4 5 5 5 5 0 1 3 3 5 5 5 5 5 5 5 5 
5 5 5 5 5 1 0 3 3 5 5 5 5 5 5 5 5 
6 5 5 5 5 3 3 0 1 5 5 5 5 5 5 5 5 
7 5 5 5 5 3 3 1 0 5 5 5 5 5 5 5 5 
8 5 5 5 5 5 5 5 5 0 1 3 3 5 5 5 5 
9 5 5 5 5 5 5 5 5 1 0 3 3 5 5 5 5 
10 5 5 5 5 5 5 5 5 3 3 0 1 5 5 5 5 
11 5 5 5 5 5 5 5 5 3 3 1 0 5 5 5 5 
12 5 5 5 5 5 5 5 5 5 5 5 5 0 1 3 3 
13 5 5 5 5 5 5 5 5 5 5 5 5 1 0 3 3 
14 5 5 5 5 5 5 5 5 5 5 5 5 3 3 0 1 
15 5 5 5 5 5 5 5 5 5 5 5 5 3 3 1 0 
;
set S_rack[0] :=  
0 1 ;
set S_rack[1] :=  
2 3 ;
set S_rack[2] :=  
4 5 ;
set S_rack[3] :=  
6 7 ;
set S_rack[4] :=  
8 9 ;
set S_rack[5] :=  
10 11 ;
set S_rack[6] :=  
12 13 ;
set S_rack[7] :=  
14 15 ;
param CPU := 
0 22.0
1 12.0
2 56.0
3 56.0
4 28.0
5 28.0
6 28.0
7 28.0
8 22.0
9 28.0
10 28.0
11 28.0
12 46.0
13 56.0
14 34.909090995788574
15 44.0
;
param MEM := 
0 168.0
1 128.0
2 192.0
3 192.0
4 192.0
5 192.0
6 96.0
7 96.0
8 28.0
9 48.0
10 96.0
11 96.0
12 156.0
13 192.0
14 100.0
15 128.0
;
param DISK := 
0 324.0
1 320.0
2 384.0
3 384.0
4 384.0
5 384.0
6 192.0
7 192.0
8 32.0
9 96.0
10 192.0
11 192.0
12 296.0
13 384.0
14 180.0
15 256.0
;
param BDW_out := 
0 8.09606368
1 9.9920512
2 10.0
3 10.0
4 10.0
5 10.0
6 10.0
7 10.0
8 9.699657142857143
9 10.0
10 10.0
11 10.0
12 9.884685714285714
13 10.0
14 9.101013333333334
15 10.0
;
param BDW_in := 
0 9.9854272
1 9.95078368
2 10.0
3 10.0
4 10.0
5 10.0
6 10.0
7 10.0
8 9.992992
9 10.0
10 10.0
11 10.0
12 9.997309333333334
13 10.0
14 9.996789333333334
15 10.0
;
param mem := 
1 16.0
2 4.0
3 16.0
22 16.0
23 16.0
24 16.0
4 2.0
5 2.0
6 8.0
7 16.0
25 8.0
26 8.0
27 2.0
28 8.0
29 16.0
30 16.0
8 8.0
9 4.0
10 8.0
36 4.0
37 4.0
38 4.0
39 8.0
40 8.0
41 4.0
42 8.0
43 4.0
11 16.0
12 64.0
13 8.0
32 64.0
14 4.0
15 4.0
16 4.0
17 64.0
18 4.0
19 8.0
20 32.0
21 1.0
31 32.0
33 8.0
34 32.0
35 32.0
;
param disk := 
1 36.0
2 16.0
3 36.0
22 36.0
23 36.0
24 36.0
4 8.0
5 8.0
6 24.0
7 36.0
25 24.0
26 24.0
27 8.0
28 24.0
29 36.0
30 36.0
8 24.0
9 16.0
10 24.0
36 16.0
37 16.0
38 16.0
39 24.0
40 24.0
41 16.0
42 24.0
43 16.0
11 36.0
12 64.0
13 24.0
32 64.0
14 16.0
15 16.0
16 16.0
17 64.0
18 16.0
19 24.0
20 43.2
21 4.0
31 43.2
33 24.0
34 43.2
35 43.2
;
param cpu : 
0 1 2 3 4 5 6 7 8 9 10 11 12 13 14 15 := 
1 4.0 4.0 4.0 4.0 4.0 4.0 4.761904761904762 4.761904761904762 4.0 4.0 4.761904761904762 4.761904761904762 4.0 4.0 4.545454545454546 4.545454545454546 
2 2.0 2.0 2.0 2.0 2.0 2.0 2.380952380952381 2.380952380952381 2.0 2.0 2.380952380952381 2.380952380952381 2.0 2.0 2.272727272727273 2.272727272727273 
3 4.0 4.0 4.0 4.0 4.0 4.0 4.761904761904762 4.761904761904762 4.0 4.0 4.761904761904762 4.761904761904762 4.0 4.0 4.545454545454546 4.545454545454546 
22 4.0 4.0 4.0 4.0 4.0 4.0 4.761904761904762 4.761904761904762 4.0 4.0 4.761904761904762 4.761904761904762 4.0 4.0 4.545454545454546 4.545454545454546 
23 4.0 4.0 4.0 4.0 4.0 4.0 4.761904761904762 4.761904761904762 4.0 4.0 4.761904761904762 4.761904761904762 4.0 4.0 4.545454545454546 4.545454545454546 
24 4.0 4.0 4.0 4.0 4.0 4.0 4.761904761904762 4.761904761904762 4.0 4.0 4.761904761904762 4.761904761904762 4.0 4.0 4.545454545454546 4.545454545454546 
4 1.0 1.0 1.0 1.0 1.0 1.0 1.1904761904761905 1.1904761904761905 1.0 1.0 1.1904761904761905 1.1904761904761905 1.0 1.0 1.1363636363636365 1.1363636363636365 
5 1.0 1.0 1.0 1.0 1.0 1.0 1.1904761904761905 1.1904761904761905 1.0 1.0 1.1904761904761905 1.1904761904761905 1.0 1.0 1.1363636363636365 1.1363636363636365 
6 2.0 2.0 2.0 2.0 2.0 2.0 2.380952380952381 2.380952380952381 2.0 2.0 2.380952380952381 2.380952380952381 2.0 2.0 2.272727272727273 2.272727272727273 
7 4.0 4.0 4.0 4.0 4.0 4.0 4.761904761904762 4.761904761904762 4.0 4.0 4.761904761904762 4.761904761904762 4.0 4.0 4.545454545454546 4.545454545454546 
25 2.0 2.0 2.0 2.0 2.0 2.0 2.380952380952381 2.380952380952381 2.0 2.0 2.380952380952381 2.380952380952381 2.0 2.0 2.272727272727273 2.272727272727273 
26 2.0 2.0 2.0 2.0 2.0 2.0 2.380952380952381 2.380952380952381 2.0 2.0 2.380952380952381 2.380952380952381 2.0 2.0 2.272727272727273 2.272727272727273 
27 1.0 1.0 1.0 1.0 1.0 1.0 1.1904761904761905 1.1904761904761905 1.0 1.0 1.1904761904761905 1.1904761904761905 1.0 1.0 1.1363636363636365 1.1363636363636365 
28 2.0 2.0 2.0 2.0 2.0 2.0 2.380952380952381 2.380952380952381 2.0 2.0 2.380952380952381 2.380952380952381 2.0 2.0 2.272727272727273 2.272727272727273 
29 4.0 4.0 4.0 4.0 4.0 4.0 4.761904761904762 4.761904761904762 4.0 4.0 4.761904761904762 4.761904761904762 4.0 4.0 4.545454545454546 4.545454545454546 
30 4.0 4.0 4.0 4.0 4.0 4.0 4.761904761904762 4.761904761904762 4.0 4.0 4.761904761904762 4.761904761904762 4.0 4.0 4.545454545454546 4.545454545454546 
8 2.0 2.0 2.0 2.0 2.0 2.0 2.380952380952381 2.380952380952381 2.0 2.0 2.380952380952381 2.380952380952381 2.0 2.0 2.272727272727273 2.272727272727273 
9 2.0 2.0 2.0 2.0 2.0 2.0 2.380952380952381 2.380952380952381 2.0 2.0 2.380952380952381 2.380952380952381 2.0 2.0 2.272727272727273 2.272727272727273 
10 2.0 2.0 2.0 2.0 2.0 2.0 2.380952380952381 2.380952380952381 2.0 2.0 2.380952380952381 2.380952380952381 2.0 2.0 2.272727272727273 2.272727272727273 
36 2.0 2.0 2.0 2.0 2.0 2.0 2.380952380952381 2.380952380952381 2.0 2.0 2.380952380952381 2.380952380952381 2.0 2.0 2.272727272727273 2.272727272727273 
37 2.0 2.0 2.0 2.0 2.0 2.0 2.380952380952381 2.380952380952381 2.0 2.0 2.380952380952381 2.380952380952381 2.0 2.0 2.272727272727273 2.272727272727273 
38 2.0 2.0 2.0 2.0 2.0 2.0 2.380952380952381 2.380952380952381 2.0 2.0 2.380952380952381 2.380952380952381 2.0 2.0 2.272727272727273 2.272727272727273 
39 2.0 2.0 2.0 2.0 2.0 2.0 2.380952380952381 2.380952380952381 2.0 2.0 2.380952380952381 2.380952380952381 2.0 2.0 2.272727272727273 2.272727272727273 
40 2.0 2.0 2.0 2.0 2.0 2.0 2.380952380952381 2.380952380952381 2.0 2.0 2.380952380952381 2.380952380952381 2.0 2.0 2.272727272727273 2.272727272727273 
41 2.0 2.0 2.0 2.0 2.0 2.0 2.380952380952381 2.380952380952381 2.0 2.0 2.380952380952381 2.380952380952381 2.0 2.0 2.272727272727273 2.272727272727273 
42 2.0 2.0 2.0 2.0 2.0 2.0 2.380952380952381 2.380952380952381 2.0 2.0 2.380952380952381 2.380952380952381 2.0 2.0 2.272727272727273 2.272727272727273 
43 2.0 2.0 2.0 2.0 2.0 2.0 2.380952380952381 2.380952380952381 2.0 2.0 2.380952380952381 2.380952380952381 2.0 2.0 2.272727272727273 2.272727272727273 
11 4.0 4.0 4.0 4.0 4.0 4.0 4.761904761904762 4.761904761904762 4.0 4.0 4.761904761904762 4.761904761904762 4.0 4.0 4.545454545454546 4.545454545454546 
12 16.0 16.0 16.0 16.0 16.0 16.0 19.047619047619047 19.047619047619047 16.0 16.0 19.047619047619047 19.047619047619047 16.0 16.0 18.181818181818183 18.181818181818183 
13 2.0 2.0 2.0 2.0 2.0 2.0 2.380952380952381 2.380952380952381 2.0 2.0 2.380952380952381 2.380952380952381 2.0 2.0 2.272727272727273 2.272727272727273 
32 16.0 16.0 16.0 16.0 16.0 16.0 19.047619047619047 19.047619047619047 16.0 16.0 19.047619047619047 19.047619047619047 16.0 16.0 18.181818181818183 18.181818181818183 
14 2.0 2.0 2.0 2.0 2.0 2.0 2.380952380952381 2.380952380952381 2.0 2.0 2.380952380952381 2.380952380952381 2.0 2.0 2.272727272727273 2.272727272727273 
15 2.0 2.0 2.0 2.0 2.0 2.0 2.380952380952381 2.380952380952381 2.0 2.0 2.380952380952381 2.380952380952381 2.0 2.0 2.272727272727273 2.272727272727273 
16 2.0 2.0 2.0 2.0 2.0 2.0 2.380952380952381 2.380952380952381 2.0 2.0 2.380952380952381 2.380952380952381 2.0 2.0 2.272727272727273 2.272727272727273 
17 16.0 16.0 16.0 16.0 16.0 16.0 19.047619047619047 19.047619047619047 16.0 16.0 19.047619047619047 19.047619047619047 16.0 16.0 18.181818181818183 18.181818181818183 
18 2.0 2.0 2.0 2.0 2.0 2.0 2.380952380952381 2.380952380952381 2.0 2.0 2.380952380952381 2.380952380952381 2.0 2.0 2.272727272727273 2.272727272727273 
19 2.0 2.0 2.0 2.0 2.0 2.0 2.380952380952381 2.380952380952381 2.0 2.0 2.380952380952381 2.380952380952381 2.0 2.0 2.272727272727273 2.272727272727273 
20 8.0 8.0 8.0 8.0 8.0 8.0 9.523809523809524 9.523809523809524 8.0 8.0 9.523809523809524 9.523809523809524 8.0 8.0 9.090909090909092 9.090909090909092 
21 1.0 1.0 1.0 1.0 1.0 1.0 1.1904761904761905 1.1904761904761905 1.0 1.0 1.1904761904761905 1.1904761904761905 1.0 1.0 1.1363636363636365 1.1363636363636365 
31 8.0 8.0 8.0 8.0 8.0 8.0 9.523809523809524 9.523809523809524 8.0 8.0 9.523809523809524 9.523809523809524 8.0 8.0 9.090909090909092 9.090909090909092 
33 2.0 2.0 2.0 2.0 2.0 2.0 2.380952380952381 2.380952380952381 2.0 2.0 2.380952380952381 2.380952380952381 2.0 2.0 2.272727272727273 2.272727272727273 
34 8.0 8.0 8.0 8.0 8.0 8.0 9.523809523809524 9.523809523809524 8.0 8.0 9.523809523809524 9.523809523809524 8.0 8.0 9.090909090909092 9.090909090909092 
35 8.0 8.0 8.0 8.0 8.0 8.0 9.523809523809524 9.523809523809524 8.0 8.0 9.523809523809524 9.523809523809524 8.0 8.0 9.090909090909092 9.090909090909092 
;
set c_0 := 0;
param d := 
[0,*,*] : 
0 1 2 3 22 23 24 := 
0 0 0.0026906666666666663 0 0 0.0026906666666666663 0 0.0026906666666666663 
1 0.11531428571428572 0 0.0026906666666666663 0 0 0 0 
2 0 0.008879199999999999 0 0.004036 0.008879199999999999 0.004036 0.008879199999999999 
3 0 0 0.04528391999999999 0 0 0 0 
22 0.11531428571428572 0 0.0026906666666666663 0 0 0 0 
23 0 0 0.04528391999999999 0 0 0 0 
24 0.11531428571428572 0 0.0026906666666666663 0 0 0 0 
[1,*,*] : 
0 4 5 6 7 25 26 27 28 29 30 := 
0 0 0.0016053333333333334 0.0016053333333333334 0 0 0 0 0.0016053333333333334 0 0 0 
4 0.4494933333333333 0 0 4.0133333333333335E-4 0 4.0133333333333335E-4 4.0133333333333335E-4 0 4.0133333333333335E-4 0 0 
5 0.4494933333333333 0 0 4.0133333333333335E-4 0 4.0133333333333335E-4 4.0133333333333335E-4 0 4.0133333333333335E-4 0 0 
6 0 5.618666666666667E-4 5.618666666666667E-4 0 4.0133333333333335E-4 0 0 5.618666666666667E-4 0 4.0133333333333335E-4 4.0133333333333335E-4 
7 0 0 0 0.003146453333333333 0 0.003146453333333333 0.003146453333333333 0 0.003146453333333333 0 0 
25 0 5.618666666666667E-4 5.618666666666667E-4 0 4.0133333333333335E-4 0 0 5.618666666666667E-4 0 4.0133333333333335E-4 4.0133333333333335E-4 
26 0 5.618666666666667E-4 5.618666666666667E-4 0 4.0133333333333335E-4 0 0 5.618666666666667E-4 0 4.0133333333333335E-4 4.0133333333333335E-4 
27 0.4494933333333333 0 0 4.0133333333333335E-4 0 4.0133333333333335E-4 4.0133333333333335E-4 0 4.0133333333333335E-4 0 0 
28 0 5.618666666666667E-4 5.618666666666667E-4 0 4.0133333333333335E-4 0 0 5.618666666666667E-4 0 4.0133333333333335E-4 4.0133333333333335E-4 
29 0 0 0 0.003146453333333333 0 0.003146453333333333 0.003146453333333333 0 0.003146453333333333 0 0 
30 0 0 0 0.003146453333333333 0 0.003146453333333333 0.003146453333333333 0 0.003146453333333333 0 0 
[2,*,*] : 
0 8 9 10 36 37 38 39 40 41 42 43 := 
0 0 0.007008 0 0 0 0 0 0.007008 0 0 0 0 
8 0.3003428571428572 0 0.001168 0 0.001168 0.001168 0.001168 0 0 0.001168 0 0.001168 
9 0 0.0038544000000000004 0 7.786666666666667E-4 0 0 0 0.0038544000000000004 7.786666666666667E-4 0 7.786666666666667E-4 0 
10 0 0 7.708799999999999E-4 0 7.708799999999999E-4 7.708799999999999E-4 7.708799999999999E-4 0 0 7.708799999999999E-4 0 7.708799999999999E-4 
36 0 0.0038544000000000004 0 7.786666666666667E-4 0 0 0 0.0038544000000000004 7.786666666666667E-4 0 7.786666666666667E-4 0 
37 0 0.0038544000000000004 0 7.786666666666667E-4 0 0 0 0.0038544000000000004 7.786666666666667E-4 0 7.786666666666667E-4 0 
38 0 0.0038544000000000004 0 7.786666666666667E-4 0 0 0 0.0038544000000000004 7.786666666666667E-4 0 7.786666666666667E-4 0 
39 0.3003428571428572 0 0.001168 0 0.001168 0.001168 0.001168 0 0 0.001168 0 0.001168 
40 0 0 7.708799999999999E-4 0 7.708799999999999E-4 7.708799999999999E-4 7.708799999999999E-4 0 0 7.708799999999999E-4 0 7.708799999999999E-4 
41 0 0.0038544000000000004 0 7.786666666666667E-4 0 0 0 0.0038544000000000004 7.786666666666667E-4 0 7.786666666666667E-4 0 
42 0 0 7.708799999999999E-4 0 7.708799999999999E-4 7.708799999999999E-4 7.708799999999999E-4 0 0 7.708799999999999E-4 0 7.708799999999999E-4 
43 0 0.0038544000000000004 0 7.786666666666667E-4 0 0 0 0.0038544000000000004 7.786666666666667E-4 0 7.786666666666667E-4 0 
[3,*,*] : 
0 11 12 13 32 := 
0 0 0.006624 0 0 0 
11 1.85472 0 0.003312 0 0.003312 
12 0 0.0046368 0 0.003312 0 
13 0 0 0.04590432 0 0.04590432 
32 0 0.0046368 0 0.003312 0 
[4,*,*] : 
0 14 15 16 17 18 := 
0 0 0.004490666666666666 0.004490666666666666 0.004490666666666666 0 0 
14 1.2573866666666667 0 0 0 0.004490666666666666 0 
15 1.2573866666666667 0 0 0 0.004490666666666666 0 
16 1.2573866666666667 0 0 0 0.004490666666666666 0 
17 0 0.006286933333333334 0.006286933333333334 0.006286933333333334 0 0.013472 
18 0 0 0 0 0.15277248 0 
[5,*,*] : 
0 19 20 21 31 33 34 35 := 
0 0 0.007616 0 0 0 0.007616 0 0 
19 0.3264 0 0.001904 0 0.001904 0 0.001904 0.001904 
20 0 0.0062832 0 0.003808 0 0.0062832 0 0 
21 0 0 0.00251328 0 0.00251328 0 0.00251328 0.00251328 
31 0 0.0062832 0 0.003808 0 0.0062832 0 0 
33 0.3264 0 0.001904 0 0.001904 0 0.001904 0.001904 
34 0 0.0062832 0 0.003808 0 0.0062832 0 0 
35 0 0.0062832 0 0.003808 0 0.0062832 0 0 
;
param x_bar : 0 1 2 3 4 5 6 7 8 9 10 11 12 13 14 15  := 
0 0 0 0 0 0 0 0 0 0 0 0 0 0 0 0 0 
1 0 0 0 0 0 0 0 0 0 0 0 0 1 0 0 0 
2 0 0 0 0 0 0 0 0 0 0 0 0 1 0 0 0 
3 0 0 0 0 0 0 0 0 0 0 0 0 1 0 0 0 
4 0 0 0 0 0 0 0 0 0 0 0 0 0 0 1 0 
5 0 0 0 0 0 0 0 0 0 0 0 0 0 0 1 0 
6 0 0 0 0 0 0 0 0 0 0 0 0 0 0 1 0 
7 0 0 0 0 0 0 0 0 0 0 0 0 0 0 1 0 
8 0 0 0 0 0 0 0 0 1 0 0 0 0 0 0 0 
9 0 0 0 0 0 0 0 0 1 0 0 0 0 0 0 0 
10 0 0 0 0 0 0 0 0 1 0 0 0 0 0 0 0 
11 1 0 0 0 0 0 0 0 0 0 0 0 0 0 0 0 
12 0 1 0 0 0 0 0 0 0 0 0 0 0 0 0 0 
13 1 0 0 0 0 0 0 0 0 0 0 0 0 0 0 0 
;
