data;
set C_bar :=  1 2 3 4 5 6 7 8 9 10 11 12 13 14 15 16 17 18 ;
set C :=  19 20 21 26 27 28 29 22 23 24 25 30 31 32 33 34 35 36 37 38 39 40 41 42 43 44 45 46 47 48 ;
set R := 0 1 2 3 4 5 ;
set C_bar_r[0] :=  
1 2 3 4 ;
set C_bar_r[1] :=  
5 6 7 ;
set C_bar_r[2] :=  
8 9 10 11 ;
set C_bar_r[3] :=  
12 13 14 15 16 17 18 ;
set C_r[0] :=  
32 33 34 35 36 37 38 39 40 41 42 43 44 45 46 47 48 ;
set C_r[1] :=  
;
set C_r[2] :=  
;
set C_r[3] :=  
;
set C_r[4] :=  
19 20 21 26 27 28 29 ;
set C_r[5] :=  
22 23 24 25 30 31 ;
set S :=  0 1 2 3 4 5 6 7 8 9 10 11 12 13 14 15 ;
set S_u :=  0 1 2 3 4 5 6 7 8 9 10 11 13 14 15 ;
set S_r[0] := 
2 ;
set S_r[1] := 
14 ;
set S_r[2] := 
12 13 ;
set S_r[3] := 
12 13 ;
set Rack :=  0 1 2 3 4 5 6 7 ;
param COST : 0 1 2 3 4 5 6 7 8 9 10 11 12 13 14 15 :=
0 0 1 3 3 5 5 5 5 5 5 5 5 5 5 5 5 
1 1 0 3 3 5 5 5 5 5 5 5 5 5 5 5 5 
2 3 3 0 1 5 5 5 5 5 5 5 5 5 5 5 5 
3 3 3 1 0 5 5 5 5 5 5 5 5 5 5 5 5 
4 5 5 5 5 0 1 3 3 5 5 5 5 5 5 5 5 
5 5 5 5 5 1 0 3 3 5 5 5 5 5 5 5 5 
6 5 5 5 5 3 3 0 1 5 5 5 5 5 5 5 5 
7 5 5 5 5 3 3 1 0 5 5 5 5 5 5 5 5 
8 5 5 5 5 5 5 5 5 0 1 3 3 5 5 5 5 
9 5 5 5 5 5 5 5 5 1 0 3 3 5 5 5 5 
10 5 5 5 5 5 5 5 5 3 3 0 1 5 5 5 5 
11 5 5 5 5 5 5 5 5 3 3 1 0 5 5 5 5 
12 5 5 5 5 5 5 5 5 5 5 5 5 0 1 3 3 
13 5 5 5 5 5 5 5 5 5 5 5 5 1 0 3 3 
14 5 5 5 5 5 5 5 5 5 5 5 5 3 3 0 1 
15 5 5 5 5 5 5 5 5 5 5 5 5 3 3 1 0 
;
set S_rack[0] :=  
0 1 ;
set S_rack[1] :=  
2 3 ;
set S_rack[2] :=  
4 5 ;
set S_rack[3] :=  
6 7 ;
set S_rack[4] :=  
8 9 ;
set S_rack[5] :=  
10 11 ;
set S_rack[6] :=  
12 13 ;
set S_rack[7] :=  
14 15 ;
param CPU := 
0 28.0
1 28.0
2 28.0
3 56.0
4 28.0
5 28.0
6 56.0
7 56.0
8 28.0
9 28.0
10 28.0
11 28.0
12 22.0
13 38.0
14 28.0
15 56.0
;
param MEM := 
0 96.0
1 96.0
2 80.0
3 192.0
4 48.0
5 48.0
6 192.0
7 192.0
8 192.0
9 192.0
10 48.0
11 48.0
12 65.0
13 124.0
14 80.0
15 192.0
;
param DISK := 
0 192.0
1 192.0
2 212.0
3 384.0
4 96.0
5 96.0
6 384.0
7 384.0
8 384.0
9 384.0
10 96.0
11 96.0
12 182.0
13 304.0
14 234.0
15 384.0
;
param BDW_out := 
0 10.0
1 10.0
2 8.87272
3 10.0
4 10.0
5 10.0
6 10.0
7 10.0
8 10.0
9 10.0
10 10.0
11 10.0
12 5.67541344
13 6.6644176
14 7.45088
15 10.0
;
param BDW_in := 
0 10.0
1 10.0
2 9.995974
3 10.0
4 10.0
5 10.0
6 10.0
7 10.0
8 10.0
9 10.0
10 10.0
11 10.0
12 9.972744
13 9.97151104
14 9.990896
15 10.0
;
param mem := 
1 16.0
2 16.0
3 16.0
4 64.0
32 16.0
33 16.0
34 64.0
35 16.0
36 16.0
37 16.0
38 64.0
39 16.0
40 64.0
41 16.0
42 64.0
43 16.0
44 64.0
45 64.0
46 16.0
47 16.0
48 16.0
5 16.0
6 64.0
7 32.0
8 64.0
9 64.0
10 16.0
11 8.0
12 2.0
13 2.0
14 2.0
15 2.0
16 2.0
17 32.0
18 1.0
19 8.0
20 8.0
21 8.0
26 8.0
27 8.0
28 8.0
29 8.0
22 8.0
23 16.0
24 8.0
25 8.0
30 8.0
31 16.0
;
param disk := 
1 36.0
2 36.0
3 36.0
4 64.0
32 36.0
33 36.0
34 64.0
35 36.0
36 36.0
37 36.0
38 64.0
39 36.0
40 64.0
41 36.0
42 64.0
43 36.0
44 64.0
45 64.0
46 36.0
47 36.0
48 36.0
5 36.0
6 64.0
7 50.0
8 64.0
9 64.0
10 36.0
11 24.0
12 8.0
13 8.0
14 8.0
15 8.0
16 8.0
17 50.0
18 4.0
19 24.0
20 24.0
21 24.0
26 24.0
27 24.0
28 24.0
29 24.0
22 24.0
23 36.0
24 24.0
25 24.0
30 24.0
31 36.0
;
param cpu : 
0 1 2 3 4 5 6 7 8 9 10 11 12 13 14 15 := 
1 4.761904761904762 4.761904761904762 4.0 4.0 4.0 4.0 4.0 4.0 4.0 4.0 4.0 4.0 4.0 4.0 4.0 4.0 
2 4.761904761904762 4.761904761904762 4.0 4.0 4.0 4.0 4.0 4.0 4.0 4.0 4.0 4.0 4.0 4.0 4.0 4.0 
3 4.761904761904762 4.761904761904762 4.0 4.0 4.0 4.0 4.0 4.0 4.0 4.0 4.0 4.0 4.0 4.0 4.0 4.0 
4 19.047619047619047 19.047619047619047 16.0 16.0 16.0 16.0 16.0 16.0 16.0 16.0 16.0 16.0 16.0 16.0 16.0 16.0 
32 4.761904761904762 4.761904761904762 4.0 4.0 4.0 4.0 4.0 4.0 4.0 4.0 4.0 4.0 4.0 4.0 4.0 4.0 
33 4.761904761904762 4.761904761904762 4.0 4.0 4.0 4.0 4.0 4.0 4.0 4.0 4.0 4.0 4.0 4.0 4.0 4.0 
34 19.047619047619047 19.047619047619047 16.0 16.0 16.0 16.0 16.0 16.0 16.0 16.0 16.0 16.0 16.0 16.0 16.0 16.0 
35 4.761904761904762 4.761904761904762 4.0 4.0 4.0 4.0 4.0 4.0 4.0 4.0 4.0 4.0 4.0 4.0 4.0 4.0 
36 4.761904761904762 4.761904761904762 4.0 4.0 4.0 4.0 4.0 4.0 4.0 4.0 4.0 4.0 4.0 4.0 4.0 4.0 
37 4.761904761904762 4.761904761904762 4.0 4.0 4.0 4.0 4.0 4.0 4.0 4.0 4.0 4.0 4.0 4.0 4.0 4.0 
38 19.047619047619047 19.047619047619047 16.0 16.0 16.0 16.0 16.0 16.0 16.0 16.0 16.0 16.0 16.0 16.0 16.0 16.0 
39 4.761904761904762 4.761904761904762 4.0 4.0 4.0 4.0 4.0 4.0 4.0 4.0 4.0 4.0 4.0 4.0 4.0 4.0 
40 19.047619047619047 19.047619047619047 16.0 16.0 16.0 16.0 16.0 16.0 16.0 16.0 16.0 16.0 16.0 16.0 16.0 16.0 
41 4.761904761904762 4.761904761904762 4.0 4.0 4.0 4.0 4.0 4.0 4.0 4.0 4.0 4.0 4.0 4.0 4.0 4.0 
42 19.047619047619047 19.047619047619047 16.0 16.0 16.0 16.0 16.0 16.0 16.0 16.0 16.0 16.0 16.0 16.0 16.0 16.0 
43 4.761904761904762 4.761904761904762 4.0 4.0 4.0 4.0 4.0 4.0 4.0 4.0 4.0 4.0 4.0 4.0 4.0 4.0 
44 19.047619047619047 19.047619047619047 16.0 16.0 16.0 16.0 16.0 16.0 16.0 16.0 16.0 16.0 16.0 16.0 16.0 16.0 
45 19.047619047619047 19.047619047619047 16.0 16.0 16.0 16.0 16.0 16.0 16.0 16.0 16.0 16.0 16.0 16.0 16.0 16.0 
46 4.761904761904762 4.761904761904762 4.0 4.0 4.0 4.0 4.0 4.0 4.0 4.0 4.0 4.0 4.0 4.0 4.0 4.0 
47 4.761904761904762 4.761904761904762 4.0 4.0 4.0 4.0 4.0 4.0 4.0 4.0 4.0 4.0 4.0 4.0 4.0 4.0 
48 4.761904761904762 4.761904761904762 4.0 4.0 4.0 4.0 4.0 4.0 4.0 4.0 4.0 4.0 4.0 4.0 4.0 4.0 
5 4.761904761904762 4.761904761904762 4.0 4.0 4.0 4.0 4.0 4.0 4.0 4.0 4.0 4.0 4.0 4.0 4.0 4.0 
6 19.047619047619047 19.047619047619047 16.0 16.0 16.0 16.0 16.0 16.0 16.0 16.0 16.0 16.0 16.0 16.0 16.0 16.0 
7 9.523809523809524 9.523809523809524 8.0 8.0 8.0 8.0 8.0 8.0 8.0 8.0 8.0 8.0 8.0 8.0 8.0 8.0 
8 19.047619047619047 19.047619047619047 16.0 16.0 16.0 16.0 16.0 16.0 16.0 16.0 16.0 16.0 16.0 16.0 16.0 16.0 
9 19.047619047619047 19.047619047619047 16.0 16.0 16.0 16.0 16.0 16.0 16.0 16.0 16.0 16.0 16.0 16.0 16.0 16.0 
10 4.761904761904762 4.761904761904762 4.0 4.0 4.0 4.0 4.0 4.0 4.0 4.0 4.0 4.0 4.0 4.0 4.0 4.0 
11 2.380952380952381 2.380952380952381 2.0 2.0 2.0 2.0 2.0 2.0 2.0 2.0 2.0 2.0 2.0 2.0 2.0 2.0 
12 1.1904761904761905 1.1904761904761905 1.0 1.0 1.0 1.0 1.0 1.0 1.0 1.0 1.0 1.0 1.0 1.0 1.0 1.0 
13 1.1904761904761905 1.1904761904761905 1.0 1.0 1.0 1.0 1.0 1.0 1.0 1.0 1.0 1.0 1.0 1.0 1.0 1.0 
14 1.1904761904761905 1.1904761904761905 1.0 1.0 1.0 1.0 1.0 1.0 1.0 1.0 1.0 1.0 1.0 1.0 1.0 1.0 
15 1.1904761904761905 1.1904761904761905 1.0 1.0 1.0 1.0 1.0 1.0 1.0 1.0 1.0 1.0 1.0 1.0 1.0 1.0 
16 1.1904761904761905 1.1904761904761905 1.0 1.0 1.0 1.0 1.0 1.0 1.0 1.0 1.0 1.0 1.0 1.0 1.0 1.0 
17 9.523809523809524 9.523809523809524 8.0 8.0 8.0 8.0 8.0 8.0 8.0 8.0 8.0 8.0 8.0 8.0 8.0 8.0 
18 1.1904761904761905 1.1904761904761905 1.0 1.0 1.0 1.0 1.0 1.0 1.0 1.0 1.0 1.0 1.0 1.0 1.0 1.0 
19 2.380952380952381 2.380952380952381 2.0 2.0 2.0 2.0 2.0 2.0 2.0 2.0 2.0 2.0 2.0 2.0 2.0 2.0 
20 2.380952380952381 2.380952380952381 2.0 2.0 2.0 2.0 2.0 2.0 2.0 2.0 2.0 2.0 2.0 2.0 2.0 2.0 
21 2.380952380952381 2.380952380952381 2.0 2.0 2.0 2.0 2.0 2.0 2.0 2.0 2.0 2.0 2.0 2.0 2.0 2.0 
26 2.380952380952381 2.380952380952381 2.0 2.0 2.0 2.0 2.0 2.0 2.0 2.0 2.0 2.0 2.0 2.0 2.0 2.0 
27 2.380952380952381 2.380952380952381 2.0 2.0 2.0 2.0 2.0 2.0 2.0 2.0 2.0 2.0 2.0 2.0 2.0 2.0 
28 2.380952380952381 2.380952380952381 2.0 2.0 2.0 2.0 2.0 2.0 2.0 2.0 2.0 2.0 2.0 2.0 2.0 2.0 
29 2.380952380952381 2.380952380952381 2.0 2.0 2.0 2.0 2.0 2.0 2.0 2.0 2.0 2.0 2.0 2.0 2.0 2.0 
22 2.380952380952381 2.380952380952381 2.0 2.0 2.0 2.0 2.0 2.0 2.0 2.0 2.0 2.0 2.0 2.0 2.0 2.0 
23 4.761904761904762 4.761904761904762 4.0 4.0 4.0 4.0 4.0 4.0 4.0 4.0 4.0 4.0 4.0 4.0 4.0 4.0 
24 2.380952380952381 2.380952380952381 2.0 2.0 2.0 2.0 2.0 2.0 2.0 2.0 2.0 2.0 2.0 2.0 2.0 2.0 
25 2.380952380952381 2.380952380952381 2.0 2.0 2.0 2.0 2.0 2.0 2.0 2.0 2.0 2.0 2.0 2.0 2.0 2.0 
30 2.380952380952381 2.380952380952381 2.0 2.0 2.0 2.0 2.0 2.0 2.0 2.0 2.0 2.0 2.0 2.0 2.0 2.0 
31 4.761904761904762 4.761904761904762 4.0 4.0 4.0 4.0 4.0 4.0 4.0 4.0 4.0 4.0 4.0 4.0 4.0 4.0 
;
set c_0 := 0;
param d := 
[0,*,*] : 
0 1 2 3 4 32 33 34 35 36 37 38 39 40 41 42 43 44 45 46 47 48 := 
0 0 0.002013 0.002013 0 0 0.002013 0 0 0 0 0.002013 0 0.002013 0 0.002013 0 0.002013 0 0 0 0 0.002013 
1 0.56364 0 0 3.355E-4 0 0 3.355E-4 0 3.355E-4 3.355E-4 0 0 0 0 0 0 0 0 0 3.355E-4 3.355E-4 0 
2 0.56364 0 0 3.355E-4 0 0 3.355E-4 0 3.355E-4 3.355E-4 0 0 0 0 0 0 0 0 0 3.355E-4 3.355E-4 0 
3 0 4.6970000000000003E-4 4.6970000000000003E-4 0 3.8342857142857146E-4 4.6970000000000003E-4 0 3.8342857142857146E-4 0 0 4.6970000000000003E-4 3.8342857142857146E-4 4.6970000000000003E-4 3.8342857142857146E-4 4.6970000000000003E-4 3.8342857142857146E-4 4.6970000000000003E-4 3.8342857142857146E-4 3.8342857142857146E-4 0 0 4.6970000000000003E-4 
4 0 0 0 5.904800000000001E-4 0 0 5.904800000000001E-4 0 5.904800000000001E-4 5.904800000000001E-4 0 0 0 0 0 0 0 0 0 5.904800000000001E-4 5.904800000000001E-4 0 
32 0.56364 0 0 3.355E-4 0 0 3.355E-4 0 3.355E-4 3.355E-4 0 0 0 0 0 0 0 0 0 3.355E-4 3.355E-4 0 
33 0 4.6970000000000003E-4 4.6970000000000003E-4 0 3.8342857142857146E-4 4.6970000000000003E-4 0 3.8342857142857146E-4 0 0 4.6970000000000003E-4 3.8342857142857146E-4 4.6970000000000003E-4 3.8342857142857146E-4 4.6970000000000003E-4 3.8342857142857146E-4 4.6970000000000003E-4 3.8342857142857146E-4 3.8342857142857146E-4 0 0 4.6970000000000003E-4 
34 0 0 0 5.904800000000001E-4 0 0 5.904800000000001E-4 0 5.904800000000001E-4 5.904800000000001E-4 0 0 0 0 0 0 0 0 0 5.904800000000001E-4 5.904800000000001E-4 0 
35 0 4.6970000000000003E-4 4.6970000000000003E-4 0 3.8342857142857146E-4 4.6970000000000003E-4 0 3.8342857142857146E-4 0 0 4.6970000000000003E-4 3.8342857142857146E-4 4.6970000000000003E-4 3.8342857142857146E-4 4.6970000000000003E-4 3.8342857142857146E-4 4.6970000000000003E-4 3.8342857142857146E-4 3.8342857142857146E-4 0 0 4.6970000000000003E-4 
36 0 4.6970000000000003E-4 4.6970000000000003E-4 0 3.8342857142857146E-4 4.6970000000000003E-4 0 3.8342857142857146E-4 0 0 4.6970000000000003E-4 3.8342857142857146E-4 4.6970000000000003E-4 3.8342857142857146E-4 4.6970000000000003E-4 3.8342857142857146E-4 4.6970000000000003E-4 3.8342857142857146E-4 3.8342857142857146E-4 0 0 4.6970000000000003E-4 
37 0.56364 0 0 3.355E-4 0 0 3.355E-4 0 3.355E-4 3.355E-4 0 0 0 0 0 0 0 0 0 3.355E-4 3.355E-4 0 
38 0 0 0 5.904800000000001E-4 0 0 5.904800000000001E-4 0 5.904800000000001E-4 5.904800000000001E-4 0 0 0 0 0 0 0 0 0 5.904800000000001E-4 5.904800000000001E-4 0 
39 0.56364 0 0 3.355E-4 0 0 3.355E-4 0 3.355E-4 3.355E-4 0 0 0 0 0 0 0 0 0 3.355E-4 3.355E-4 0 
40 0 0 0 5.904800000000001E-4 0 0 5.904800000000001E-4 0 5.904800000000001E-4 5.904800000000001E-4 0 0 0 0 0 0 0 0 0 5.904800000000001E-4 5.904800000000001E-4 0 
41 0.56364 0 0 3.355E-4 0 0 3.355E-4 0 3.355E-4 3.355E-4 0 0 0 0 0 0 0 0 0 3.355E-4 3.355E-4 0 
42 0 0 0 5.904800000000001E-4 0 0 5.904800000000001E-4 0 5.904800000000001E-4 5.904800000000001E-4 0 0 0 0 0 0 0 0 0 5.904800000000001E-4 5.904800000000001E-4 0 
43 0.56364 0 0 3.355E-4 0 0 3.355E-4 0 3.355E-4 3.355E-4 0 0 0 0 0 0 0 0 0 3.355E-4 3.355E-4 0 
44 0 0 0 5.904800000000001E-4 0 0 5.904800000000001E-4 0 5.904800000000001E-4 5.904800000000001E-4 0 0 0 0 0 0 0 0 0 5.904800000000001E-4 5.904800000000001E-4 0 
45 0 0 0 5.904800000000001E-4 0 0 5.904800000000001E-4 0 5.904800000000001E-4 5.904800000000001E-4 0 0 0 0 0 0 0 0 0 5.904800000000001E-4 5.904800000000001E-4 0 
46 0 4.6970000000000003E-4 4.6970000000000003E-4 0 3.8342857142857146E-4 4.6970000000000003E-4 0 3.8342857142857146E-4 0 0 4.6970000000000003E-4 3.8342857142857146E-4 4.6970000000000003E-4 3.8342857142857146E-4 4.6970000000000003E-4 3.8342857142857146E-4 4.6970000000000003E-4 3.8342857142857146E-4 3.8342857142857146E-4 0 0 4.6970000000000003E-4 
47 0 4.6970000000000003E-4 4.6970000000000003E-4 0 3.8342857142857146E-4 4.6970000000000003E-4 0 3.8342857142857146E-4 0 0 4.6970000000000003E-4 3.8342857142857146E-4 4.6970000000000003E-4 3.8342857142857146E-4 4.6970000000000003E-4 3.8342857142857146E-4 4.6970000000000003E-4 3.8342857142857146E-4 3.8342857142857146E-4 0 0 4.6970000000000003E-4 
48 0.56364 0 0 3.355E-4 0 0 3.355E-4 0 3.355E-4 3.355E-4 0 0 0 0 0 0 0 0 0 3.355E-4 3.355E-4 0 
[1,*,*] : 
0 5 6 7 := 
0 0 0.009104 0 0 
5 2.54912 0 0.009104 0 
6 0 0.0127456 0 0.009104 
7 0 0 0.00127456 0 
[2,*,*] : 
0 8 9 10 11 := 
0 0 0.00484 0.00484 0 0 
8 1.3552 0 0 0.00484 0 
9 1.3552 0 0 0.00484 0 
10 0 0.006776 0.006776 0 0.00968 
11 0 0 0 0.0867328 0 
[3,*,*] : 
0 12 13 14 15 16 17 18 := 
0 0 0.0035152000000000004 0.0035152000000000004 0.0035152000000000004 0.0035152000000000004 0.0035152000000000004 0 0 
12 0.984256 0 0 0 0 0 0.0035152000000000004 0 
13 0.984256 0 0 0 0 0 0.0035152000000000004 0 
14 0.984256 0 0 0 0 0 0.0035152000000000004 0 
15 0.984256 0 0 0 0 0 0.0035152000000000004 0 
16 0.984256 0 0 0 0 0 0.0035152000000000004 0 
17 0 0.00492128 0.00492128 0.00492128 0.00492128 0.00492128 0 0.017576 
18 0 0 0 0 0 0 0.09104368 0 
[4,*,*] : 
0 19 20 21 26 27 28 29 := 
0 0 0.004936 0 0 0 0 0 0 
19 0.21154285714285717 0 0.002468 0 0 0 0.002468 0 
20 0 0.008144400000000001 0 6.17E-4 6.17E-4 6.17E-4 0 6.17E-4 
21 0 0 0.004072200000000001 0 0 0 0.004072200000000001 0 
26 0 0 0.004072200000000001 0 0 0 0.004072200000000001 0 
27 0 0 0.004072200000000001 0 0 0 0.004072200000000001 0 
28 0 0.008144400000000001 0 6.17E-4 6.17E-4 6.17E-4 0 6.17E-4 
29 0 0 0.004072200000000001 0 0 0 0.004072200000000001 0 
[5,*,*] : 
0 22 23 24 25 30 31 := 
0 0 0.00746 0 0 0.00746 0 0 
22 0.31971428571428573 0 0.00373 0 0 0 0.00373 
23 0 0.012309 0 0.00373 0.012309 0.00373 0 
24 0 0 0.0640068 0 0 0 0.0640068 
25 0.31971428571428573 0 0.00373 0 0 0 0.00373 
30 0 0 0.0640068 0 0 0 0.0640068 
31 0 0.012309 0 0.00373 0.012309 0.00373 0 
;
param x_bar : 0 1 2 3 4 5 6 7 8 9 10 11 12 13 14 15  := 
0 0 0 0 0 0 0 0 0 0 0 0 0 0 0 0 0 
1 0 0 1 0 0 0 0 0 0 0 0 0 0 0 0 0 
2 0 0 1 0 0 0 0 0 0 0 0 0 0 0 0 0 
3 0 0 1 0 0 0 0 0 0 0 0 0 0 0 0 0 
4 0 0 1 0 0 0 0 0 0 0 0 0 0 0 0 0 
5 0 0 0 0 0 0 0 0 0 0 0 0 0 0 1 0 
6 0 0 0 0 0 0 0 0 0 0 0 0 0 0 1 0 
7 0 0 0 0 0 0 0 0 0 0 0 0 0 0 1 0 
8 0 0 0 0 0 0 0 0 0 0 0 0 1 0 0 0 
9 0 0 0 0 0 0 0 0 0 0 0 0 0 1 0 0 
10 0 0 0 0 0 0 0 0 0 0 0 0 1 0 0 0 
11 0 0 0 0 0 0 0 0 0 0 0 0 1 0 0 0 
12 0 0 0 0 0 0 0 0 0 0 0 0 1 0 0 0 
13 0 0 0 0 0 0 0 0 0 0 0 0 1 0 0 0 
14 0 0 0 0 0 0 0 0 0 0 0 0 1 0 0 0 
15 0 0 0 0 0 0 0 0 0 0 0 0 0 1 0 0 
16 0 0 0 0 0 0 0 0 0 0 0 0 0 1 0 0 
17 0 0 0 0 0 0 0 0 0 0 0 0 1 0 0 0 
18 0 0 0 0 0 0 0 0 0 0 0 0 1 0 0 0 
;
