data;
set C_bar :=  1 2 3 4 5 6 7 8 9 10 11 12 13 14 15 16 17 18 19 20 21 22 23 ;
set C :=  24 25 26 27 28 29 30 31 32 33 34 36 39 40 42 43 44 45 46 47 48 49 50 51 52 53 41 35 37 38 ;
set R := 0 1 2 3 4 5 ;
set C_bar_r[0] :=  
1 2 3 ;
set C_bar_r[1] :=  
4 5 6 7 ;
set C_bar_r[2] :=  
8 9 10 11 12 13 ;
set C_bar_r[3] :=  
14 15 16 17 18 19 20 21 22 23 ;
set C_r[0] :=  
36 ;
set C_r[1] :=  
39 40 42 43 44 45 46 47 48 49 50 51 52 53 ;
set C_r[2] :=  
41 ;
set C_r[3] :=  
35 37 38 ;
set C_r[4] :=  
24 25 26 27 ;
set C_r[5] :=  
28 29 30 31 32 33 34 ;
set S :=  0 1 2 3 4 5 6 7 8 9 10 11 12 13 14 15 ;
set S_u :=  0 1 2 3 4 5 6 8 9 10 11 12 13 14 15 ;
set S_r[0] := 
6 ;
set S_r[1] := 
4 ;
set S_r[2] := 
0 1 5 ;
set S_r[3] := 
2 3 6 7 8 12 13 ;
set Rack :=  0 1 2 3 4 5 6 7 ;
param COST : 0 1 2 3 4 5 6 7 8 9 10 11 12 13 14 15 :=
0 0 1 3 3 5 5 5 5 5 5 5 5 5 5 5 5 
1 1 0 3 3 5 5 5 5 5 5 5 5 5 5 5 5 
2 3 3 0 1 5 5 5 5 5 5 5 5 5 5 5 5 
3 3 3 1 0 5 5 5 5 5 5 5 5 5 5 5 5 
4 5 5 5 5 0 1 3 3 5 5 5 5 5 5 5 5 
5 5 5 5 5 1 0 3 3 5 5 5 5 5 5 5 5 
6 5 5 5 5 3 3 0 1 5 5 5 5 5 5 5 5 
7 5 5 5 5 3 3 1 0 5 5 5 5 5 5 5 5 
8 5 5 5 5 5 5 5 5 0 1 3 3 5 5 5 5 
9 5 5 5 5 5 5 5 5 1 0 3 3 5 5 5 5 
10 5 5 5 5 5 5 5 5 3 3 0 1 5 5 5 5 
11 5 5 5 5 5 5 5 5 3 3 1 0 5 5 5 5 
12 5 5 5 5 5 5 5 5 5 5 5 5 0 1 3 3 
13 5 5 5 5 5 5 5 5 5 5 5 5 1 0 3 3 
14 5 5 5 5 5 5 5 5 5 5 5 5 3 3 0 1 
15 5 5 5 5 5 5 5 5 5 5 5 5 3 3 1 0 
;
set S_rack[0] :=  
0 1 ;
set S_rack[1] :=  
2 3 ;
set S_rack[2] :=  
4 5 ;
set S_rack[3] :=  
6 7 ;
set S_rack[4] :=  
8 9 ;
set S_rack[5] :=  
10 11 ;
set S_rack[6] :=  
12 13 ;
set S_rack[7] :=  
14 15 ;
param CPU := 
0 28.0
1 40.0
2 16.0
3 12.0
4 15.0
5 20.0
6 13.714285850524902
7 8.952381134033203
8 20.0
9 28.0
10 56.0
11 56.0
12 20.0
13 20.0
14 28.0
15 28.0
;
param MEM := 
0 80.0
1 128.0
2 144.0
3 128.0
4 143.0
5 160.0
6 57.0
7 32.0
8 160.0
9 192.0
10 192.0
11 192.0
12 16.0
13 16.0
14 48.0
15 48.0
;
param DISK := 
0 234.0
1 284.0
2 298.0
3 290.8
4 288.8
5 334.0
6 114.0
7 92.0
8 334.0
9 384.0
10 384.0
11 384.0
12 46.0
13 46.0
14 96.0
15 96.0
;
param BDW_out := 
0 9.2178816
1 8.453376
2 9.175815688888889
3 9.127093666666667
4 9.11992888888889
5 9.226688
6 9.044902666666667
7 8.389805333333333
8 9.194902666666666
9 10.0
10 10.0
11 10.0
12 9.194902666666666
13 9.194902666666666
14 10.0
15 10.0
;
param BDW_in := 
0 9.988992
1 9.9867904
2 9.919275
3 9.988662622222222
4 9.996856888888889
5 9.9933952
6 9.991620622222221
7 9.990241244444444
8 9.995120622222222
9 10.0
10 10.0
11 10.0
12 9.995120622222222
13 9.995120622222222
14 10.0
15 10.0
;
param mem := 
1 2.0
2 1.0
3 4.0
36 2.0
4 8.0
5 8.0
6 32.0
7 1.0
39 8.0
40 1.0
42 8.0
43 8.0
44 8.0
45 8.0
46 1.0
47 8.0
48 1.0
49 1.0
50 32.0
51 1.0
52 32.0
53 8.0
8 32.0
9 32.0
10 32.0
11 32.0
12 64.0
13 16.0
41 16.0
14 32.0
15 32.0
16 32.0
17 32.0
18 32.0
19 32.0
20 32.0
21 32.0
22 16.0
23 32.0
35 16.0
37 32.0
38 32.0
24 8.0
25 8.0
26 1.0
27 16.0
28 4.0
29 4.0
30 4.0
31 4.0
32 4.0
33 8.0
34 32.0
;
param disk := 
1 8.0
2 4.0
3 16.0
36 8.0
4 24.0
5 24.0
6 43.2
7 4.0
39 24.0
40 4.0
42 24.0
43 24.0
44 24.0
45 24.0
46 4.0
47 24.0
48 4.0
49 4.0
50 43.2
51 4.0
52 43.2
53 24.0
8 50.0
9 50.0
10 50.0
11 50.0
12 64.0
13 36.0
41 36.0
14 50.0
15 50.0
16 50.0
17 50.0
18 50.0
19 50.0
20 50.0
21 50.0
22 36.0
23 43.2
35 36.0
37 50.0
38 43.2
24 24.0
25 24.0
26 4.0
27 36.0
28 16.0
29 16.0
30 16.0
31 16.0
32 16.0
33 24.0
34 43.2
;
param cpu : 
0 1 2 3 4 5 6 7 8 9 10 11 12 13 14 15 := 
1 1.0 1.0 1.0 1.0 1.0 1.0 1.1904761904761905 1.1904761904761905 1.0 1.0 1.0 1.0 1.0 1.0 1.0 1.0 
2 1.0 1.0 1.0 1.0 1.0 1.0 1.1904761904761905 1.1904761904761905 1.0 1.0 1.0 1.0 1.0 1.0 1.0 1.0 
3 2.0 2.0 2.0 2.0 2.0 2.0 2.380952380952381 2.380952380952381 2.0 2.0 2.0 2.0 2.0 2.0 2.0 2.0 
36 1.0 1.0 1.0 1.0 1.0 1.0 1.1904761904761905 1.1904761904761905 1.0 1.0 1.0 1.0 1.0 1.0 1.0 1.0 
4 2.0 2.0 2.0 2.0 2.0 2.0 2.380952380952381 2.380952380952381 2.0 2.0 2.0 2.0 2.0 2.0 2.0 2.0 
5 2.0 2.0 2.0 2.0 2.0 2.0 2.380952380952381 2.380952380952381 2.0 2.0 2.0 2.0 2.0 2.0 2.0 2.0 
6 8.0 8.0 8.0 8.0 8.0 8.0 9.523809523809524 9.523809523809524 8.0 8.0 8.0 8.0 8.0 8.0 8.0 8.0 
7 1.0 1.0 1.0 1.0 1.0 1.0 1.1904761904761905 1.1904761904761905 1.0 1.0 1.0 1.0 1.0 1.0 1.0 1.0 
39 2.0 2.0 2.0 2.0 2.0 2.0 2.380952380952381 2.380952380952381 2.0 2.0 2.0 2.0 2.0 2.0 2.0 2.0 
40 1.0 1.0 1.0 1.0 1.0 1.0 1.1904761904761905 1.1904761904761905 1.0 1.0 1.0 1.0 1.0 1.0 1.0 1.0 
42 2.0 2.0 2.0 2.0 2.0 2.0 2.380952380952381 2.380952380952381 2.0 2.0 2.0 2.0 2.0 2.0 2.0 2.0 
43 2.0 2.0 2.0 2.0 2.0 2.0 2.380952380952381 2.380952380952381 2.0 2.0 2.0 2.0 2.0 2.0 2.0 2.0 
44 2.0 2.0 2.0 2.0 2.0 2.0 2.380952380952381 2.380952380952381 2.0 2.0 2.0 2.0 2.0 2.0 2.0 2.0 
45 2.0 2.0 2.0 2.0 2.0 2.0 2.380952380952381 2.380952380952381 2.0 2.0 2.0 2.0 2.0 2.0 2.0 2.0 
46 1.0 1.0 1.0 1.0 1.0 1.0 1.1904761904761905 1.1904761904761905 1.0 1.0 1.0 1.0 1.0 1.0 1.0 1.0 
47 2.0 2.0 2.0 2.0 2.0 2.0 2.380952380952381 2.380952380952381 2.0 2.0 2.0 2.0 2.0 2.0 2.0 2.0 
48 1.0 1.0 1.0 1.0 1.0 1.0 1.1904761904761905 1.1904761904761905 1.0 1.0 1.0 1.0 1.0 1.0 1.0 1.0 
49 1.0 1.0 1.0 1.0 1.0 1.0 1.1904761904761905 1.1904761904761905 1.0 1.0 1.0 1.0 1.0 1.0 1.0 1.0 
50 8.0 8.0 8.0 8.0 8.0 8.0 9.523809523809524 9.523809523809524 8.0 8.0 8.0 8.0 8.0 8.0 8.0 8.0 
51 1.0 1.0 1.0 1.0 1.0 1.0 1.1904761904761905 1.1904761904761905 1.0 1.0 1.0 1.0 1.0 1.0 1.0 1.0 
52 8.0 8.0 8.0 8.0 8.0 8.0 9.523809523809524 9.523809523809524 8.0 8.0 8.0 8.0 8.0 8.0 8.0 8.0 
53 2.0 2.0 2.0 2.0 2.0 2.0 2.380952380952381 2.380952380952381 2.0 2.0 2.0 2.0 2.0 2.0 2.0 2.0 
8 8.0 8.0 8.0 8.0 8.0 8.0 9.523809523809524 9.523809523809524 8.0 8.0 8.0 8.0 8.0 8.0 8.0 8.0 
9 8.0 8.0 8.0 8.0 8.0 8.0 9.523809523809524 9.523809523809524 8.0 8.0 8.0 8.0 8.0 8.0 8.0 8.0 
10 8.0 8.0 8.0 8.0 8.0 8.0 9.523809523809524 9.523809523809524 8.0 8.0 8.0 8.0 8.0 8.0 8.0 8.0 
11 8.0 8.0 8.0 8.0 8.0 8.0 9.523809523809524 9.523809523809524 8.0 8.0 8.0 8.0 8.0 8.0 8.0 8.0 
12 16.0 16.0 16.0 16.0 16.0 16.0 19.047619047619047 19.047619047619047 16.0 16.0 16.0 16.0 16.0 16.0 16.0 16.0 
13 4.0 4.0 4.0 4.0 4.0 4.0 4.761904761904762 4.761904761904762 4.0 4.0 4.0 4.0 4.0 4.0 4.0 4.0 
41 4.0 4.0 4.0 4.0 4.0 4.0 4.761904761904762 4.761904761904762 4.0 4.0 4.0 4.0 4.0 4.0 4.0 4.0 
14 8.0 8.0 8.0 8.0 8.0 8.0 9.523809523809524 9.523809523809524 8.0 8.0 8.0 8.0 8.0 8.0 8.0 8.0 
15 8.0 8.0 8.0 8.0 8.0 8.0 9.523809523809524 9.523809523809524 8.0 8.0 8.0 8.0 8.0 8.0 8.0 8.0 
16 8.0 8.0 8.0 8.0 8.0 8.0 9.523809523809524 9.523809523809524 8.0 8.0 8.0 8.0 8.0 8.0 8.0 8.0 
17 8.0 8.0 8.0 8.0 8.0 8.0 9.523809523809524 9.523809523809524 8.0 8.0 8.0 8.0 8.0 8.0 8.0 8.0 
18 8.0 8.0 8.0 8.0 8.0 8.0 9.523809523809524 9.523809523809524 8.0 8.0 8.0 8.0 8.0 8.0 8.0 8.0 
19 8.0 8.0 8.0 8.0 8.0 8.0 9.523809523809524 9.523809523809524 8.0 8.0 8.0 8.0 8.0 8.0 8.0 8.0 
20 8.0 8.0 8.0 8.0 8.0 8.0 9.523809523809524 9.523809523809524 8.0 8.0 8.0 8.0 8.0 8.0 8.0 8.0 
21 8.0 8.0 8.0 8.0 8.0 8.0 9.523809523809524 9.523809523809524 8.0 8.0 8.0 8.0 8.0 8.0 8.0 8.0 
22 4.0 4.0 4.0 4.0 4.0 4.0 4.761904761904762 4.761904761904762 4.0 4.0 4.0 4.0 4.0 4.0 4.0 4.0 
23 8.0 8.0 8.0 8.0 8.0 8.0 9.523809523809524 9.523809523809524 8.0 8.0 8.0 8.0 8.0 8.0 8.0 8.0 
35 4.0 4.0 4.0 4.0 4.0 4.0 4.761904761904762 4.761904761904762 4.0 4.0 4.0 4.0 4.0 4.0 4.0 4.0 
37 8.0 8.0 8.0 8.0 8.0 8.0 9.523809523809524 9.523809523809524 8.0 8.0 8.0 8.0 8.0 8.0 8.0 8.0 
38 8.0 8.0 8.0 8.0 8.0 8.0 9.523809523809524 9.523809523809524 8.0 8.0 8.0 8.0 8.0 8.0 8.0 8.0 
24 2.0 2.0 2.0 2.0 2.0 2.0 2.380952380952381 2.380952380952381 2.0 2.0 2.0 2.0 2.0 2.0 2.0 2.0 
25 2.0 2.0 2.0 2.0 2.0 2.0 2.380952380952381 2.380952380952381 2.0 2.0 2.0 2.0 2.0 2.0 2.0 2.0 
26 1.0 1.0 1.0 1.0 1.0 1.0 1.1904761904761905 1.1904761904761905 1.0 1.0 1.0 1.0 1.0 1.0 1.0 1.0 
27 4.0 4.0 4.0 4.0 4.0 4.0 4.761904761904762 4.761904761904762 4.0 4.0 4.0 4.0 4.0 4.0 4.0 4.0 
28 2.0 2.0 2.0 2.0 2.0 2.0 2.380952380952381 2.380952380952381 2.0 2.0 2.0 2.0 2.0 2.0 2.0 2.0 
29 2.0 2.0 2.0 2.0 2.0 2.0 2.380952380952381 2.380952380952381 2.0 2.0 2.0 2.0 2.0 2.0 2.0 2.0 
30 2.0 2.0 2.0 2.0 2.0 2.0 2.380952380952381 2.380952380952381 2.0 2.0 2.0 2.0 2.0 2.0 2.0 2.0 
31 2.0 2.0 2.0 2.0 2.0 2.0 2.380952380952381 2.380952380952381 2.0 2.0 2.0 2.0 2.0 2.0 2.0 2.0 
32 2.0 2.0 2.0 2.0 2.0 2.0 2.380952380952381 2.380952380952381 2.0 2.0 2.0 2.0 2.0 2.0 2.0 2.0 
33 2.0 2.0 2.0 2.0 2.0 2.0 2.380952380952381 2.380952380952381 2.0 2.0 2.0 2.0 2.0 2.0 2.0 2.0 
34 8.0 8.0 8.0 8.0 8.0 8.0 9.523809523809524 9.523809523809524 8.0 8.0 8.0 8.0 8.0 8.0 8.0 8.0 
;
set c_0 := 0;
param d := 
[0,*,*] : 
0 1 2 3 36 := 
0 0 0.0035 0 0 0.0035 
1 0.15 0 0.0035 0 0 
2 0 0.01155 0 0.007 0.01155 
3 0 0 0.16401 0 0 
36 0.15 0 0.0035 0 0 
[1,*,*] : 
0 4 5 6 7 39 40 42 43 44 45 46 47 48 49 50 51 52 53 := 
0 0 0.0015715555555555556 0.0015715555555555556 0 0 0.0015715555555555556 0 0.0015715555555555556 0.0015715555555555556 0.0015715555555555556 0.0015715555555555556 0 0.0015715555555555556 0 0 0 0 0 0.0015715555555555556 
4 0.44003555555555557 0 0 5.238518518518518E-4 0 0 0 0 0 0 0 0 0 0 0 5.238518518518518E-4 0 5.238518518518518E-4 0 
5 0.44003555555555557 0 0 5.238518518518518E-4 0 0 0 0 0 0 0 0 0 0 0 5.238518518518518E-4 0 5.238518518518518E-4 0 
6 0 7.333925925925928E-4 7.333925925925928E-4 0 7.857777777777777E-4 7.333925925925928E-4 7.857777777777777E-4 7.333925925925928E-4 7.333925925925928E-4 7.333925925925928E-4 7.333925925925928E-4 7.857777777777777E-4 7.333925925925928E-4 7.857777777777777E-4 7.857777777777777E-4 0 7.857777777777777E-4 0 7.333925925925928E-4 
7 0 0 0 0.009460764444444445 0 0 0 0 0 0 0 0 0 0 0 0.009460764444444445 0 0.009460764444444445 0 
39 0.44003555555555557 0 0 5.238518518518518E-4 0 0 0 0 0 0 0 0 0 0 0 5.238518518518518E-4 0 5.238518518518518E-4 0 
40 0 0 0 0.009460764444444445 0 0 0 0 0 0 0 0 0 0 0 0.009460764444444445 0 0.009460764444444445 0 
42 0.44003555555555557 0 0 5.238518518518518E-4 0 0 0 0 0 0 0 0 0 0 0 5.238518518518518E-4 0 5.238518518518518E-4 0 
43 0.44003555555555557 0 0 5.238518518518518E-4 0 0 0 0 0 0 0 0 0 0 0 5.238518518518518E-4 0 5.238518518518518E-4 0 
44 0.44003555555555557 0 0 5.238518518518518E-4 0 0 0 0 0 0 0 0 0 0 0 5.238518518518518E-4 0 5.238518518518518E-4 0 
45 0.44003555555555557 0 0 5.238518518518518E-4 0 0 0 0 0 0 0 0 0 0 0 5.238518518518518E-4 0 5.238518518518518E-4 0 
46 0 0 0 0.009460764444444445 0 0 0 0 0 0 0 0 0 0 0 0.009460764444444445 0 0.009460764444444445 0 
47 0.44003555555555557 0 0 5.238518518518518E-4 0 0 0 0 0 0 0 0 0 0 0 5.238518518518518E-4 0 5.238518518518518E-4 0 
48 0 0 0 0.009460764444444445 0 0 0 0 0 0 0 0 0 0 0 0.009460764444444445 0 0.009460764444444445 0 
49 0 0 0 0.009460764444444445 0 0 0 0 0 0 0 0 0 0 0 0.009460764444444445 0 0.009460764444444445 0 
50 0 7.333925925925928E-4 7.333925925925928E-4 0 7.857777777777777E-4 7.333925925925928E-4 7.857777777777777E-4 7.333925925925928E-4 7.333925925925928E-4 7.333925925925928E-4 7.333925925925928E-4 7.857777777777777E-4 7.333925925925928E-4 7.857777777777777E-4 7.857777777777777E-4 0 7.857777777777777E-4 0 7.333925925925928E-4 
51 0 0 0 0.009460764444444445 0 0 0 0 0 0 0 0 0 0 0 0.009460764444444445 0 0.009460764444444445 0 
52 0 7.333925925925928E-4 7.333925925925928E-4 0 7.857777777777777E-4 7.333925925925928E-4 7.857777777777777E-4 7.333925925925928E-4 7.333925925925928E-4 7.333925925925928E-4 7.333925925925928E-4 7.857777777777777E-4 7.333925925925928E-4 7.857777777777777E-4 7.857777777777777E-4 0 7.857777777777777E-4 0 7.333925925925928E-4 
53 0.44003555555555557 0 0 5.238518518518518E-4 0 0 0 0 0 0 0 0 0 0 0 5.238518518518518E-4 0 5.238518518518518E-4 0 
[2,*,*] : 
0 8 9 10 11 12 13 41 := 
0 0 0.002752 0.002752 0.002752 0.002752 0 0 0 
8 0.77056 0 0 0 0 0.002752 0 0 
9 0.77056 0 0 0 0 0.002752 0 0 
10 0.77056 0 0 0 0 0.002752 0 0 
11 0.77056 0 0 0 0 0.002752 0 0 
12 0 0.0038528000000000004 0.0038528000000000004 0.0038528000000000004 0.0038528000000000004 0 0.005504 0.005504 
13 0 0 0 0 0 0.03852800000000001 0 0 
41 0 0 0 0 0 0.03852800000000001 0 0 
[3,*,*] : 
0 14 15 16 17 18 19 20 21 22 23 35 37 38 := 
0 0 0.0028702222222222224 0.0028702222222222224 0.0028702222222222224 0.0028702222222222224 0.0028702222222222224 0.0028702222222222224 0.0028702222222222224 0.0028702222222222224 0 0 0 0.0028702222222222224 0 
14 0.8036622222222223 0 0 0 0 0 0 0 0 0.0014351111111111112 0 0.0014351111111111112 0 0 
15 0.8036622222222223 0 0 0 0 0 0 0 0 0.0014351111111111112 0 0.0014351111111111112 0 0 
16 0.8036622222222223 0 0 0 0 0 0 0 0 0.0014351111111111112 0 0.0014351111111111112 0 0 
17 0.8036622222222223 0 0 0 0 0 0 0 0 0.0014351111111111112 0 0.0014351111111111112 0 0 
18 0.8036622222222223 0 0 0 0 0 0 0 0 0.0014351111111111112 0 0.0014351111111111112 0 0 
19 0.8036622222222223 0 0 0 0 0 0 0 0 0.0014351111111111112 0 0.0014351111111111112 0 0 
20 0.8036622222222223 0 0 0 0 0 0 0 0 0.0014351111111111112 0 0.0014351111111111112 0 0 
21 0.8036622222222223 0 0 0 0 0 0 0 0 0.0014351111111111112 0 0.0014351111111111112 0 0 
22 0 0.002009155555555556 0.002009155555555556 0.002009155555555556 0.002009155555555556 0.002009155555555556 0.002009155555555556 0.002009155555555556 0.002009155555555556 0 0.006458 0 0.002009155555555556 0.006458 
23 0 0 0 0 0 0 0 0 0 0.06780900000000001 0 0.06780900000000001 0 0 
35 0 0.002009155555555556 0.002009155555555556 0.002009155555555556 0.002009155555555556 0.002009155555555556 0.002009155555555556 0.002009155555555556 0.002009155555555556 0 0.006458 0 0.002009155555555556 0.006458 
37 0.8036622222222223 0 0 0 0 0 0 0 0 0.0014351111111111112 0 0.0014351111111111112 0 0 
38 0 0 0 0 0 0 0 0 0 0.06780900000000001 0 0.06780900000000001 0 0 
[4,*,*] : 
0 24 25 26 27 := 
0 0 0.0087 0.0087 0 0 
24 0.3728571428571429 0 0 0.0087 0 
25 0.3728571428571429 0 0 0.0087 0 
26 0 0.028710000000000003 0.028710000000000003 0 0.0174 
27 0 0 0 0.08613000000000001 0 
[5,*,*] : 
0 28 29 30 31 32 33 34 := 
0 0 0.0046736 0.0046736 0.0046736 0.0046736 0.0046736 0 0 
28 1.308608 0 0 0 0 0 0.0046736 0 
29 1.308608 0 0 0 0 0 0.0046736 0 
30 1.308608 0 0 0 0 0 0.0046736 0 
31 1.308608 0 0 0 0 0 0.0046736 0 
32 1.308608 0 0 0 0 0 0.0046736 0 
33 0 0.00654304 0.00654304 0.00654304 0.00654304 0.00654304 0 0.023368 
34 0 0 0 0 0 0 0.0327152 0 
;
param x_bar : 0 1 2 3 4 5 6 7 8 9 10 11 12 13 14 15  := 
0 0 0 0 0 0 0 0 0 0 0 0 0 0 0 0 0 
1 0 0 0 0 0 0 1 0 0 0 0 0 0 0 0 0 
2 0 0 0 0 0 0 1 0 0 0 0 0 0 0 0 0 
3 0 0 0 0 0 0 1 0 0 0 0 0 0 0 0 0 
4 0 0 0 0 1 0 0 0 0 0 0 0 0 0 0 0 
5 0 0 0 0 1 0 0 0 0 0 0 0 0 0 0 0 
6 0 0 0 0 1 0 0 0 0 0 0 0 0 0 0 0 
7 0 0 0 0 1 0 0 0 0 0 0 0 0 0 0 0 
8 1 0 0 0 0 0 0 0 0 0 0 0 0 0 0 0 
9 0 1 0 0 0 0 0 0 0 0 0 0 0 0 0 0 
10 0 1 0 0 0 0 0 0 0 0 0 0 0 0 0 0 
11 0 0 0 0 0 1 0 0 0 0 0 0 0 0 0 0 
12 1 0 0 0 0 0 0 0 0 0 0 0 0 0 0 0 
13 1 0 0 0 0 0 0 0 0 0 0 0 0 0 0 0 
14 0 0 0 0 0 0 0 0 0 0 0 0 1 0 0 0 
15 0 0 0 0 0 0 0 0 0 0 0 0 0 1 0 0 
16 0 0 1 0 0 0 0 0 0 0 0 0 0 0 0 0 
17 0 0 0 1 0 0 0 0 0 0 0 0 0 0 0 0 
18 0 0 0 0 0 0 1 0 0 0 0 0 0 0 0 0 
19 0 0 0 0 0 0 0 1 0 0 0 0 0 0 0 0 
20 0 0 0 0 0 0 0 1 0 0 0 0 0 0 0 0 
21 0 0 0 0 0 0 0 0 1 0 0 0 0 0 0 0 
22 0 0 1 0 0 0 0 0 0 0 0 0 0 0 0 0 
23 0 0 0 1 0 0 0 0 0 0 0 0 0 0 0 0 
;
