data;
set C_bar :=  1 2 3 4 5 6 7 8 9 10 11 12 13 14 15 16 17 18 19 ;
set C :=  20 21 22 23 24 25 44 45 46 26 27 28 29 30 31 32 33 34 35 36 37 38 39 40 41 42 43 47 48 49 ;
set R := 0 1 2 3 4 5 ;
set C_bar_r[0] :=  
1 2 3 4 ;
set C_bar_r[1] :=  
5 6 7 8 9 10 11 12 ;
set C_bar_r[2] :=  
13 14 15 16 ;
set C_bar_r[3] :=  
17 18 19 ;
set C_r[0] :=  
33 34 35 36 37 38 39 40 41 42 43 ;
set C_r[1] :=  
;
set C_r[2] :=  
;
set C_r[3] :=  
47 48 49 ;
set C_r[4] :=  
20 21 22 23 24 25 44 45 46 ;
set C_r[5] :=  
26 27 28 29 30 31 32 ;
set S :=  0 1 2 3 4 5 6 7 8 9 10 11 12 13 14 15 ;
set S_u :=  1 2 3 4 5 6 7 9 10 11 12 13 14 15 ;
set S_r[0] := 
0 ;
set S_r[1] := 
0 8 9 ;
set S_r[2] := 
0 6 7 ;
set S_r[3] := 
0 1 ;
set Rack :=  0 1 2 3 4 5 6 7 ;
param COST : 0 1 2 3 4 5 6 7 8 9 10 11 12 13 14 15 :=
0 0 1 3 3 5 5 5 5 5 5 5 5 5 5 5 5 
1 1 0 3 3 5 5 5 5 5 5 5 5 5 5 5 5 
2 3 3 0 1 5 5 5 5 5 5 5 5 5 5 5 5 
3 3 3 1 0 5 5 5 5 5 5 5 5 5 5 5 5 
4 5 5 5 5 0 1 3 3 5 5 5 5 5 5 5 5 
5 5 5 5 5 1 0 3 3 5 5 5 5 5 5 5 5 
6 5 5 5 5 3 3 0 1 5 5 5 5 5 5 5 5 
7 5 5 5 5 3 3 1 0 5 5 5 5 5 5 5 5 
8 5 5 5 5 5 5 5 5 0 1 3 3 5 5 5 5 
9 5 5 5 5 5 5 5 5 1 0 3 3 5 5 5 5 
10 5 5 5 5 5 5 5 5 3 3 0 1 5 5 5 5 
11 5 5 5 5 5 5 5 5 3 3 1 0 5 5 5 5 
12 5 5 5 5 5 5 5 5 5 5 5 5 0 1 3 3 
13 5 5 5 5 5 5 5 5 5 5 5 5 1 0 3 3 
14 5 5 5 5 5 5 5 5 5 5 5 5 3 3 0 1 
15 5 5 5 5 5 5 5 5 5 5 5 5 3 3 1 0 
;
set S_rack[0] :=  
0 1 ;
set S_rack[1] :=  
2 3 ;
set S_rack[2] :=  
4 5 ;
set S_rack[3] :=  
6 7 ;
set S_rack[4] :=  
8 9 ;
set S_rack[5] :=  
10 11 ;
set S_rack[6] :=  
12 13 ;
set S_rack[7] :=  
14 15 ;
param CPU := 
0 21.0
1 52.0
2 28.0
3 28.0
4 28.0
5 28.0
6 19.0
7 20.0
8 16.727272987365723
9 39.45454549789429
10 56.0
11 56.0
12 44.0
13 44.0
14 56.0
15 56.0
;
param MEM := 
0 64.0
1 176.0
2 96.0
3 96.0
4 48.0
5 48.0
6 15.0
7 16.0
8 48.0
9 120.0
10 192.0
11 192.0
12 128.0
13 128.0
14 192.0
15 192.0
;
param DISK := 
0 178.0
1 348.0
2 192.0
3 192.0
4 96.0
5 96.0
6 48.8
7 52.8
8 128.0
9 224.0
10 384.0
11 384.0
12 256.0
13 256.0
14 384.0
15 384.0
;
param BDW_out := 
0 7.915128076190475
1 9.95434912
2 10.0
3 10.0
4 10.0
5 10.0
6 7.2078688
7 7.288912
8 5.852163999999999
9 7.238706666666666
10 10.0
11 10.0
12 10.0
13 10.0
14 10.0
15 10.0
;
param BDW_in := 
0 9.826903253333333
1 9.998428
2 10.0
3 10.0
4 10.0
5 10.0
6 9.9575488
7 9.9768448
8 9.97052
9 9.976416
10 10.0
11 10.0
12 10.0
13 10.0
14 10.0
15 10.0
;
param mem := 
1 1.0
2 1.0
3 64.0
4 16.0
33 16.0
34 1.0
35 16.0
36 1.0
37 16.0
38 16.0
39 64.0
40 16.0
41 1.0
42 1.0
43 16.0
5 4.0
6 4.0
7 4.0
8 4.0
9 4.0
10 4.0
11 64.0
12 4.0
13 32.0
14 32.0
15 32.0
16 1.0
17 2.0
18 8.0
19 16.0
47 8.0
48 16.0
49 8.0
20 8.0
21 8.0
22 8.0
23 8.0
24 8.0
25 16.0
44 16.0
45 16.0
46 16.0
26 2.0
27 2.0
28 2.0
29 2.0
30 2.0
31 16.0
32 8.0
;
param disk := 
1 4.0
2 4.0
3 64.0
4 36.0
33 36.0
34 4.0
35 36.0
36 4.0
37 36.0
38 36.0
39 64.0
40 36.0
41 4.0
42 4.0
43 36.0
5 16.0
6 16.0
7 16.0
8 16.0
9 16.0
10 16.0
11 64.0
12 16.0
13 43.2
14 43.2
15 50.0
16 4.0
17 8.0
18 24.0
19 36.0
47 24.0
48 36.0
49 24.0
20 24.0
21 24.0
22 24.0
23 24.0
24 24.0
25 36.0
44 36.0
45 36.0
46 36.0
26 8.0
27 8.0
28 8.0
29 8.0
30 8.0
31 36.0
32 24.0
;
param cpu : 
0 1 2 3 4 5 6 7 8 9 10 11 12 13 14 15 := 
1 1.0 1.0 1.1904761904761905 1.1904761904761905 1.0 1.0 1.0 1.0 1.1363636363636365 1.1363636363636365 1.0 1.0 1.1363636363636365 1.1363636363636365 1.0 1.0 
2 1.0 1.0 1.1904761904761905 1.1904761904761905 1.0 1.0 1.0 1.0 1.1363636363636365 1.1363636363636365 1.0 1.0 1.1363636363636365 1.1363636363636365 1.0 1.0 
3 16.0 16.0 19.047619047619047 19.047619047619047 16.0 16.0 16.0 16.0 18.181818181818183 18.181818181818183 16.0 16.0 18.181818181818183 18.181818181818183 16.0 16.0 
4 4.0 4.0 4.761904761904762 4.761904761904762 4.0 4.0 4.0 4.0 4.545454545454546 4.545454545454546 4.0 4.0 4.545454545454546 4.545454545454546 4.0 4.0 
33 4.0 4.0 4.761904761904762 4.761904761904762 4.0 4.0 4.0 4.0 4.545454545454546 4.545454545454546 4.0 4.0 4.545454545454546 4.545454545454546 4.0 4.0 
34 1.0 1.0 1.1904761904761905 1.1904761904761905 1.0 1.0 1.0 1.0 1.1363636363636365 1.1363636363636365 1.0 1.0 1.1363636363636365 1.1363636363636365 1.0 1.0 
35 4.0 4.0 4.761904761904762 4.761904761904762 4.0 4.0 4.0 4.0 4.545454545454546 4.545454545454546 4.0 4.0 4.545454545454546 4.545454545454546 4.0 4.0 
36 1.0 1.0 1.1904761904761905 1.1904761904761905 1.0 1.0 1.0 1.0 1.1363636363636365 1.1363636363636365 1.0 1.0 1.1363636363636365 1.1363636363636365 1.0 1.0 
37 4.0 4.0 4.761904761904762 4.761904761904762 4.0 4.0 4.0 4.0 4.545454545454546 4.545454545454546 4.0 4.0 4.545454545454546 4.545454545454546 4.0 4.0 
38 4.0 4.0 4.761904761904762 4.761904761904762 4.0 4.0 4.0 4.0 4.545454545454546 4.545454545454546 4.0 4.0 4.545454545454546 4.545454545454546 4.0 4.0 
39 16.0 16.0 19.047619047619047 19.047619047619047 16.0 16.0 16.0 16.0 18.181818181818183 18.181818181818183 16.0 16.0 18.181818181818183 18.181818181818183 16.0 16.0 
40 4.0 4.0 4.761904761904762 4.761904761904762 4.0 4.0 4.0 4.0 4.545454545454546 4.545454545454546 4.0 4.0 4.545454545454546 4.545454545454546 4.0 4.0 
41 1.0 1.0 1.1904761904761905 1.1904761904761905 1.0 1.0 1.0 1.0 1.1363636363636365 1.1363636363636365 1.0 1.0 1.1363636363636365 1.1363636363636365 1.0 1.0 
42 1.0 1.0 1.1904761904761905 1.1904761904761905 1.0 1.0 1.0 1.0 1.1363636363636365 1.1363636363636365 1.0 1.0 1.1363636363636365 1.1363636363636365 1.0 1.0 
43 4.0 4.0 4.761904761904762 4.761904761904762 4.0 4.0 4.0 4.0 4.545454545454546 4.545454545454546 4.0 4.0 4.545454545454546 4.545454545454546 4.0 4.0 
5 2.0 2.0 2.380952380952381 2.380952380952381 2.0 2.0 2.0 2.0 2.272727272727273 2.272727272727273 2.0 2.0 2.272727272727273 2.272727272727273 2.0 2.0 
6 2.0 2.0 2.380952380952381 2.380952380952381 2.0 2.0 2.0 2.0 2.272727272727273 2.272727272727273 2.0 2.0 2.272727272727273 2.272727272727273 2.0 2.0 
7 2.0 2.0 2.380952380952381 2.380952380952381 2.0 2.0 2.0 2.0 2.272727272727273 2.272727272727273 2.0 2.0 2.272727272727273 2.272727272727273 2.0 2.0 
8 2.0 2.0 2.380952380952381 2.380952380952381 2.0 2.0 2.0 2.0 2.272727272727273 2.272727272727273 2.0 2.0 2.272727272727273 2.272727272727273 2.0 2.0 
9 2.0 2.0 2.380952380952381 2.380952380952381 2.0 2.0 2.0 2.0 2.272727272727273 2.272727272727273 2.0 2.0 2.272727272727273 2.272727272727273 2.0 2.0 
10 2.0 2.0 2.380952380952381 2.380952380952381 2.0 2.0 2.0 2.0 2.272727272727273 2.272727272727273 2.0 2.0 2.272727272727273 2.272727272727273 2.0 2.0 
11 16.0 16.0 19.047619047619047 19.047619047619047 16.0 16.0 16.0 16.0 18.181818181818183 18.181818181818183 16.0 16.0 18.181818181818183 18.181818181818183 16.0 16.0 
12 2.0 2.0 2.380952380952381 2.380952380952381 2.0 2.0 2.0 2.0 2.272727272727273 2.272727272727273 2.0 2.0 2.272727272727273 2.272727272727273 2.0 2.0 
13 8.0 8.0 9.523809523809524 9.523809523809524 8.0 8.0 8.0 8.0 9.090909090909092 9.090909090909092 8.0 8.0 9.090909090909092 9.090909090909092 8.0 8.0 
14 8.0 8.0 9.523809523809524 9.523809523809524 8.0 8.0 8.0 8.0 9.090909090909092 9.090909090909092 8.0 8.0 9.090909090909092 9.090909090909092 8.0 8.0 
15 8.0 8.0 9.523809523809524 9.523809523809524 8.0 8.0 8.0 8.0 9.090909090909092 9.090909090909092 8.0 8.0 9.090909090909092 9.090909090909092 8.0 8.0 
16 1.0 1.0 1.1904761904761905 1.1904761904761905 1.0 1.0 1.0 1.0 1.1363636363636365 1.1363636363636365 1.0 1.0 1.1363636363636365 1.1363636363636365 1.0 1.0 
17 1.0 1.0 1.1904761904761905 1.1904761904761905 1.0 1.0 1.0 1.0 1.1363636363636365 1.1363636363636365 1.0 1.0 1.1363636363636365 1.1363636363636365 1.0 1.0 
18 2.0 2.0 2.380952380952381 2.380952380952381 2.0 2.0 2.0 2.0 2.272727272727273 2.272727272727273 2.0 2.0 2.272727272727273 2.272727272727273 2.0 2.0 
19 4.0 4.0 4.761904761904762 4.761904761904762 4.0 4.0 4.0 4.0 4.545454545454546 4.545454545454546 4.0 4.0 4.545454545454546 4.545454545454546 4.0 4.0 
47 2.0 2.0 2.380952380952381 2.380952380952381 2.0 2.0 2.0 2.0 2.272727272727273 2.272727272727273 2.0 2.0 2.272727272727273 2.272727272727273 2.0 2.0 
48 4.0 4.0 4.761904761904762 4.761904761904762 4.0 4.0 4.0 4.0 4.545454545454546 4.545454545454546 4.0 4.0 4.545454545454546 4.545454545454546 4.0 4.0 
49 2.0 2.0 2.380952380952381 2.380952380952381 2.0 2.0 2.0 2.0 2.272727272727273 2.272727272727273 2.0 2.0 2.272727272727273 2.272727272727273 2.0 2.0 
20 2.0 2.0 2.380952380952381 2.380952380952381 2.0 2.0 2.0 2.0 2.272727272727273 2.272727272727273 2.0 2.0 2.272727272727273 2.272727272727273 2.0 2.0 
21 2.0 2.0 2.380952380952381 2.380952380952381 2.0 2.0 2.0 2.0 2.272727272727273 2.272727272727273 2.0 2.0 2.272727272727273 2.272727272727273 2.0 2.0 
22 2.0 2.0 2.380952380952381 2.380952380952381 2.0 2.0 2.0 2.0 2.272727272727273 2.272727272727273 2.0 2.0 2.272727272727273 2.272727272727273 2.0 2.0 
23 2.0 2.0 2.380952380952381 2.380952380952381 2.0 2.0 2.0 2.0 2.272727272727273 2.272727272727273 2.0 2.0 2.272727272727273 2.272727272727273 2.0 2.0 
24 2.0 2.0 2.380952380952381 2.380952380952381 2.0 2.0 2.0 2.0 2.272727272727273 2.272727272727273 2.0 2.0 2.272727272727273 2.272727272727273 2.0 2.0 
25 4.0 4.0 4.761904761904762 4.761904761904762 4.0 4.0 4.0 4.0 4.545454545454546 4.545454545454546 4.0 4.0 4.545454545454546 4.545454545454546 4.0 4.0 
44 4.0 4.0 4.761904761904762 4.761904761904762 4.0 4.0 4.0 4.0 4.545454545454546 4.545454545454546 4.0 4.0 4.545454545454546 4.545454545454546 4.0 4.0 
45 4.0 4.0 4.761904761904762 4.761904761904762 4.0 4.0 4.0 4.0 4.545454545454546 4.545454545454546 4.0 4.0 4.545454545454546 4.545454545454546 4.0 4.0 
46 4.0 4.0 4.761904761904762 4.761904761904762 4.0 4.0 4.0 4.0 4.545454545454546 4.545454545454546 4.0 4.0 4.545454545454546 4.545454545454546 4.0 4.0 
26 1.0 1.0 1.1904761904761905 1.1904761904761905 1.0 1.0 1.0 1.0 1.1363636363636365 1.1363636363636365 1.0 1.0 1.1363636363636365 1.1363636363636365 1.0 1.0 
27 1.0 1.0 1.1904761904761905 1.1904761904761905 1.0 1.0 1.0 1.0 1.1363636363636365 1.1363636363636365 1.0 1.0 1.1363636363636365 1.1363636363636365 1.0 1.0 
28 1.0 1.0 1.1904761904761905 1.1904761904761905 1.0 1.0 1.0 1.0 1.1363636363636365 1.1363636363636365 1.0 1.0 1.1363636363636365 1.1363636363636365 1.0 1.0 
29 1.0 1.0 1.1904761904761905 1.1904761904761905 1.0 1.0 1.0 1.0 1.1363636363636365 1.1363636363636365 1.0 1.0 1.1363636363636365 1.1363636363636365 1.0 1.0 
30 1.0 1.0 1.1904761904761905 1.1904761904761905 1.0 1.0 1.0 1.0 1.1363636363636365 1.1363636363636365 1.0 1.0 1.1363636363636365 1.1363636363636365 1.0 1.0 
31 4.0 4.0 4.761904761904762 4.761904761904762 4.0 4.0 4.0 4.0 4.545454545454546 4.545454545454546 4.0 4.0 4.545454545454546 4.545454545454546 4.0 4.0 
32 2.0 2.0 2.380952380952381 2.380952380952381 2.0 2.0 2.0 2.0 2.272727272727273 2.272727272727273 2.0 2.0 2.272727272727273 2.272727272727273 2.0 2.0 
;
set c_0 := 0;
param d := 
[0,*,*] : 
0 1 2 3 4 33 34 35 36 37 38 39 40 41 42 43 := 
0 0 0.0029413333333333336 0.0029413333333333336 0 0 0 0.0029413333333333336 0 0.0029413333333333336 0 0 0 0 0.0029413333333333336 0.0029413333333333336 0 
1 0.12605714285714287 0 0 0.0014706666666666668 0 0 0 0 0 0 0 0.0014706666666666668 0 0 0 0 
2 0.12605714285714287 0 0 0.0014706666666666668 0 0 0 0 0 0 0 0.0014706666666666668 0 0 0 0 
3 0 0.0048532 0.0048532 0 0.0012605714285714286 0.0012605714285714286 0.0048532 0.0012605714285714286 0.0048532 0.0012605714285714286 0.0012605714285714286 0 0.0012605714285714286 0.0048532 0.0048532 0.0012605714285714286 
4 0 0 0 0.01996745142857143 0 0 0 0 0 0 0 0.01996745142857143 0 0 0 0 
33 0 0 0 0.01996745142857143 0 0 0 0 0 0 0 0.01996745142857143 0 0 0 0 
34 0.12605714285714287 0 0 0.0014706666666666668 0 0 0 0 0 0 0 0.0014706666666666668 0 0 0 0 
35 0 0 0 0.01996745142857143 0 0 0 0 0 0 0 0.01996745142857143 0 0 0 0 
36 0.12605714285714287 0 0 0.0014706666666666668 0 0 0 0 0 0 0 0.0014706666666666668 0 0 0 0 
37 0 0 0 0.01996745142857143 0 0 0 0 0 0 0 0.01996745142857143 0 0 0 0 
38 0 0 0 0.01996745142857143 0 0 0 0 0 0 0 0.01996745142857143 0 0 0 0 
39 0 0.0048532 0.0048532 0 0.0012605714285714286 0.0012605714285714286 0.0048532 0.0012605714285714286 0.0048532 0.0012605714285714286 0.0012605714285714286 0 0.0012605714285714286 0.0048532 0.0048532 0.0012605714285714286 
40 0 0 0 0.01996745142857143 0 0 0 0 0 0 0 0.01996745142857143 0 0 0 0 
41 0.12605714285714287 0 0 0.0014706666666666668 0 0 0 0 0 0 0 0.0014706666666666668 0 0 0 0 
42 0.12605714285714287 0 0 0.0014706666666666668 0 0 0 0 0 0 0 0.0014706666666666668 0 0 0 0 
43 0 0 0 0.01996745142857143 0 0 0 0 0 0 0 0.01996745142857143 0 0 0 0 
[1,*,*] : 
0 5 6 7 8 9 10 11 12 := 
0 0 0.004913333333333333 0.004913333333333333 0.004913333333333333 0.004913333333333333 0.004913333333333333 0.004913333333333333 0 0 
5 1.3757333333333335 0 0 0 0 0 0 0.004913333333333333 0 
6 1.3757333333333335 0 0 0 0 0 0 0.004913333333333333 0 
7 1.3757333333333335 0 0 0 0 0 0 0.004913333333333333 0 
8 1.3757333333333335 0 0 0 0 0 0 0.004913333333333333 0 
9 1.3757333333333335 0 0 0 0 0 0 0.004913333333333333 0 
10 1.3757333333333335 0 0 0 0 0 0 0.004913333333333333 0 
11 0 0.0068786666666666675 0.0068786666666666675 0.0068786666666666675 0.0068786666666666675 0.0068786666666666675 0.0068786666666666675 0 0.02948 
12 0 0 0 0 0 0 0 0.024763200000000003 0 
[2,*,*] : 
0 13 14 15 16 := 
0 0 0.009648 0.009648 0 0 
13 2.7014400000000003 0 0 0.009648 0 
14 2.7014400000000003 0 0 0.009648 0 
15 0 0.013507200000000002 0.013507200000000002 0 0.019296 
16 0 0 0 0.08104320000000001 0 
[3,*,*] : 
0 17 18 19 47 48 49 := 
0 0 0.009432 0 0 0 0 0 
17 0.40422857142857144 0 0.0031439999999999997 0 0.0031439999999999997 0 0.0031439999999999997 
18 0 0.0103752 0 0.0015719999999999998 0 0.0015719999999999998 0 
19 0 0 0.045650880000000005 0 0.045650880000000005 0 0.045650880000000005 
47 0 0.0103752 0 0.0015719999999999998 0 0.0015719999999999998 0 
48 0 0 0.045650880000000005 0 0.045650880000000005 0 0.045650880000000005 
49 0 0.0103752 0 0.0015719999999999998 0 0.0015719999999999998 0 
[4,*,*] : 
0 20 21 22 23 24 25 44 45 46 := 
0 0 0.00708 0.00708 0.00708 0.00708 0 0 0 0 0 
20 1.9824000000000002 0 0 0 0 0.00708 0 0 0 0 
21 1.9824000000000002 0 0 0 0 0.00708 0 0 0 0 
22 1.9824000000000002 0 0 0 0 0.00708 0 0 0 0 
23 1.9824000000000002 0 0 0 0 0.00708 0 0 0 0 
24 0 0.009912 0.009912 0.009912 0.009912 0 0.00708 0.00708 0.00708 0.00708 
25 0 0 0 0 0 0.079296 0 0 0 0 
44 0 0 0 0 0 0.079296 0 0 0 0 
45 0 0 0 0 0 0.079296 0 0 0 0 
46 0 0 0 0 0 0.079296 0 0 0 0 
[5,*,*] : 
0 26 27 28 29 30 31 32 := 
0 0 0.0034368000000000003 0.0034368000000000003 0.0034368000000000003 0.0034368000000000003 0.0034368000000000003 0 0 
26 0.9623040000000002 0 0 0 0 0 0.0034368000000000003 0 
27 0.9623040000000002 0 0 0 0 0 0.0034368000000000003 0 
28 0.9623040000000002 0 0 0 0 0 0.0034368000000000003 0 
29 0.9623040000000002 0 0 0 0 0 0.0034368000000000003 0 
30 0.9623040000000002 0 0 0 0 0 0.0034368000000000003 0 
31 0 0.004811520000000001 0.004811520000000001 0.004811520000000001 0.004811520000000001 0.004811520000000001 0 0.017184 
32 0 0 0 0 0 0 0.014434560000000003 0 
;
param x_bar : 0 1 2 3 4 5 6 7 8 9 10 11 12 13 14 15  := 
0 0 0 0 0 0 0 0 0 0 0 0 0 0 0 0 0 
1 1 0 0 0 0 0 0 0 0 0 0 0 0 0 0 0 
2 1 0 0 0 0 0 0 0 0 0 0 0 0 0 0 0 
3 1 0 0 0 0 0 0 0 0 0 0 0 0 0 0 0 
4 1 0 0 0 0 0 0 0 0 0 0 0 0 0 0 0 
5 0 0 0 0 0 0 0 0 1 0 0 0 0 0 0 0 
6 0 0 0 0 0 0 0 0 1 0 0 0 0 0 0 0 
7 0 0 0 0 0 0 0 0 1 0 0 0 0 0 0 0 
8 0 0 0 0 0 0 0 0 0 1 0 0 0 0 0 0 
9 0 0 0 0 0 0 0 0 0 1 0 0 0 0 0 0 
10 1 0 0 0 0 0 0 0 0 0 0 0 0 0 0 0 
11 0 0 0 0 0 0 0 0 1 0 0 0 0 0 0 0 
12 0 0 0 0 0 0 0 0 1 0 0 0 0 0 0 0 
13 0 0 0 0 0 0 1 0 0 0 0 0 0 0 0 0 
14 0 0 0 0 0 0 0 1 0 0 0 0 0 0 0 0 
15 1 0 0 0 0 0 0 0 0 0 0 0 0 0 0 0 
16 0 0 0 0 0 0 1 0 0 0 0 0 0 0 0 0 
17 1 0 0 0 0 0 0 0 0 0 0 0 0 0 0 0 
18 1 0 0 0 0 0 0 0 0 0 0 0 0 0 0 0 
19 0 1 0 0 0 0 0 0 0 0 0 0 0 0 0 0 
;
