data;
set C_bar :=  1 2 3 4 5 6 7 8 9 10 11 12 13 14 ;
set C :=  15 16 17 18 19 20 21 22 23 24 25 26 27 28 29 30 32 33 34 37 38 39 40 41 42 44 31 35 36 43 ;
set R := 0 1 2 3 4 5 ;
set C_bar_r[0] :=  
1 2 3 ;
set C_bar_r[1] :=  
4 5 6 ;
set C_bar_r[2] :=  
7 8 9 10 11 ;
set C_bar_r[3] :=  
12 13 14 ;
set C_r[0] :=  
32 33 34 37 38 39 40 41 42 44 ;
set C_r[1] :=  
31 ;
set C_r[2] :=  
;
set C_r[3] :=  
35 36 43 ;
set C_r[4] :=  
15 16 17 18 19 20 21 22 23 24 25 ;
set C_r[5] :=  
26 27 28 29 30 ;
set S :=  0 1 2 3 4 5 6 7 8 9 10 11 12 13 14 15 ;
set S_u :=  0 1 2 3 4 5 6 7 8 9 10 11 12 13 14 15 ;
set S_r[0] := 
2 ;
set S_r[1] := 
6 ;
set S_r[2] := 
4 ;
set S_r[3] := 
14 ;
set Rack :=  0 1 2 3 4 5 6 7 ;
param COST : 0 1 2 3 4 5 6 7 8 9 10 11 12 13 14 15 :=
0 0 1 3 3 5 5 5 5 5 5 5 5 5 5 5 5 
1 1 0 3 3 5 5 5 5 5 5 5 5 5 5 5 5 
2 3 3 0 1 5 5 5 5 5 5 5 5 5 5 5 5 
3 3 3 1 0 5 5 5 5 5 5 5 5 5 5 5 5 
4 5 5 5 5 0 1 3 3 5 5 5 5 5 5 5 5 
5 5 5 5 5 1 0 3 3 5 5 5 5 5 5 5 5 
6 5 5 5 5 3 3 0 1 5 5 5 5 5 5 5 5 
7 5 5 5 5 3 3 1 0 5 5 5 5 5 5 5 5 
8 5 5 5 5 5 5 5 5 0 1 3 3 5 5 5 5 
9 5 5 5 5 5 5 5 5 1 0 3 3 5 5 5 5 
10 5 5 5 5 5 5 5 5 3 3 0 1 5 5 5 5 
11 5 5 5 5 5 5 5 5 3 3 1 0 5 5 5 5 
12 5 5 5 5 5 5 5 5 5 5 5 5 0 1 3 3 
13 5 5 5 5 5 5 5 5 5 5 5 5 1 0 3 3 
14 5 5 5 5 5 5 5 5 5 5 5 5 3 3 0 1 
15 5 5 5 5 5 5 5 5 5 5 5 5 3 3 1 0 
;
set S_rack[0] :=  
0 1 ;
set S_rack[1] :=  
2 3 ;
set S_rack[2] :=  
4 5 ;
set S_rack[3] :=  
6 7 ;
set S_rack[4] :=  
8 9 ;
set S_rack[5] :=  
10 11 ;
set S_rack[6] :=  
12 13 ;
set S_rack[7] :=  
14 15 ;
param CPU := 
0 56.0
1 56.0
2 31.0
3 56.0
4 38.0
5 56.0
6 31.0
7 56.0
8 28.0
9 28.0
10 56.0
11 56.0
12 56.0
13 56.0
14 45.0
15 56.0
;
param MEM := 
0 192.0
1 192.0
2 94.0
3 192.0
4 124.0
5 192.0
6 94.0
7 192.0
8 192.0
9 192.0
10 192.0
11 192.0
12 192.0
13 192.0
14 151.0
15 192.0
;
param DISK := 
0 384.0
1 384.0
2 268.8
3 384.0
4 224.0
5 384.0
6 262.0
7 384.0
8 384.0
9 384.0
10 384.0
11 384.0
12 384.0
13 384.0
14 306.0
15 384.0
;
param BDW_out := 
0 10.0
1 10.0
2 9.932525714285715
3 10.0
4 8.18112
5 10.0
6 9.7924
7 10.0
8 10.0
9 10.0
10 10.0
11 10.0
12 10.0
13 10.0
14 9.709085714285715
15 10.0
;
param BDW_in := 
0 10.0
1 10.0
2 9.9984256
3 10.0
4 9.993504
5 10.0
6 9.995156
7 10.0
8 10.0
9 10.0
10 10.0
11 10.0
12 10.0
13 10.0
14 9.993212
15 10.0
;
param mem := 
1 32.0
2 64.0
3 2.0
32 2.0
33 32.0
34 32.0
37 32.0
38 32.0
39 64.0
40 2.0
41 2.0
42 2.0
44 64.0
4 2.0
5 32.0
6 64.0
31 2.0
7 16.0
8 16.0
9 16.0
10 4.0
11 16.0
12 32.0
13 8.0
14 1.0
35 8.0
36 32.0
43 1.0
15 16.0
16 16.0
17 16.0
18 16.0
19 16.0
20 16.0
21 16.0
22 16.0
23 16.0
24 1.0
25 64.0
26 8.0
27 8.0
28 8.0
29 32.0
30 4.0
;
param disk := 
1 43.2
2 64.0
3 8.0
32 8.0
33 43.2
34 43.2
37 43.2
38 43.2
39 64.0
40 8.0
41 8.0
42 8.0
44 64.0
4 8.0
5 50.0
6 64.0
31 8.0
7 36.0
8 36.0
9 36.0
10 16.0
11 36.0
12 50.0
13 24.0
14 4.0
35 24.0
36 50.0
43 4.0
15 36.0
16 36.0
17 36.0
18 36.0
19 36.0
20 36.0
21 36.0
22 36.0
23 36.0
24 4.0
25 64.0
26 24.0
27 24.0
28 24.0
29 50.0
30 16.0
;
param cpu : 
0 1 2 3 4 5 6 7 8 9 10 11 12 13 14 15 := 
1 8.0 8.0 8.0 8.0 8.0 8.0 8.0 8.0 8.0 8.0 8.0 8.0 8.0 8.0 8.0 8.0 
2 16.0 16.0 16.0 16.0 16.0 16.0 16.0 16.0 16.0 16.0 16.0 16.0 16.0 16.0 16.0 16.0 
3 1.0 1.0 1.0 1.0 1.0 1.0 1.0 1.0 1.0 1.0 1.0 1.0 1.0 1.0 1.0 1.0 
32 1.0 1.0 1.0 1.0 1.0 1.0 1.0 1.0 1.0 1.0 1.0 1.0 1.0 1.0 1.0 1.0 
33 8.0 8.0 8.0 8.0 8.0 8.0 8.0 8.0 8.0 8.0 8.0 8.0 8.0 8.0 8.0 8.0 
34 8.0 8.0 8.0 8.0 8.0 8.0 8.0 8.0 8.0 8.0 8.0 8.0 8.0 8.0 8.0 8.0 
37 8.0 8.0 8.0 8.0 8.0 8.0 8.0 8.0 8.0 8.0 8.0 8.0 8.0 8.0 8.0 8.0 
38 8.0 8.0 8.0 8.0 8.0 8.0 8.0 8.0 8.0 8.0 8.0 8.0 8.0 8.0 8.0 8.0 
39 16.0 16.0 16.0 16.0 16.0 16.0 16.0 16.0 16.0 16.0 16.0 16.0 16.0 16.0 16.0 16.0 
40 1.0 1.0 1.0 1.0 1.0 1.0 1.0 1.0 1.0 1.0 1.0 1.0 1.0 1.0 1.0 1.0 
41 1.0 1.0 1.0 1.0 1.0 1.0 1.0 1.0 1.0 1.0 1.0 1.0 1.0 1.0 1.0 1.0 
42 1.0 1.0 1.0 1.0 1.0 1.0 1.0 1.0 1.0 1.0 1.0 1.0 1.0 1.0 1.0 1.0 
44 16.0 16.0 16.0 16.0 16.0 16.0 16.0 16.0 16.0 16.0 16.0 16.0 16.0 16.0 16.0 16.0 
4 1.0 1.0 1.0 1.0 1.0 1.0 1.0 1.0 1.0 1.0 1.0 1.0 1.0 1.0 1.0 1.0 
5 8.0 8.0 8.0 8.0 8.0 8.0 8.0 8.0 8.0 8.0 8.0 8.0 8.0 8.0 8.0 8.0 
6 16.0 16.0 16.0 16.0 16.0 16.0 16.0 16.0 16.0 16.0 16.0 16.0 16.0 16.0 16.0 16.0 
31 1.0 1.0 1.0 1.0 1.0 1.0 1.0 1.0 1.0 1.0 1.0 1.0 1.0 1.0 1.0 1.0 
7 4.0 4.0 4.0 4.0 4.0 4.0 4.0 4.0 4.0 4.0 4.0 4.0 4.0 4.0 4.0 4.0 
8 4.0 4.0 4.0 4.0 4.0 4.0 4.0 4.0 4.0 4.0 4.0 4.0 4.0 4.0 4.0 4.0 
9 4.0 4.0 4.0 4.0 4.0 4.0 4.0 4.0 4.0 4.0 4.0 4.0 4.0 4.0 4.0 4.0 
10 2.0 2.0 2.0 2.0 2.0 2.0 2.0 2.0 2.0 2.0 2.0 2.0 2.0 2.0 2.0 2.0 
11 4.0 4.0 4.0 4.0 4.0 4.0 4.0 4.0 4.0 4.0 4.0 4.0 4.0 4.0 4.0 4.0 
12 8.0 8.0 8.0 8.0 8.0 8.0 8.0 8.0 8.0 8.0 8.0 8.0 8.0 8.0 8.0 8.0 
13 2.0 2.0 2.0 2.0 2.0 2.0 2.0 2.0 2.0 2.0 2.0 2.0 2.0 2.0 2.0 2.0 
14 1.0 1.0 1.0 1.0 1.0 1.0 1.0 1.0 1.0 1.0 1.0 1.0 1.0 1.0 1.0 1.0 
35 2.0 2.0 2.0 2.0 2.0 2.0 2.0 2.0 2.0 2.0 2.0 2.0 2.0 2.0 2.0 2.0 
36 8.0 8.0 8.0 8.0 8.0 8.0 8.0 8.0 8.0 8.0 8.0 8.0 8.0 8.0 8.0 8.0 
43 1.0 1.0 1.0 1.0 1.0 1.0 1.0 1.0 1.0 1.0 1.0 1.0 1.0 1.0 1.0 1.0 
15 4.0 4.0 4.0 4.0 4.0 4.0 4.0 4.0 4.0 4.0 4.0 4.0 4.0 4.0 4.0 4.0 
16 4.0 4.0 4.0 4.0 4.0 4.0 4.0 4.0 4.0 4.0 4.0 4.0 4.0 4.0 4.0 4.0 
17 4.0 4.0 4.0 4.0 4.0 4.0 4.0 4.0 4.0 4.0 4.0 4.0 4.0 4.0 4.0 4.0 
18 4.0 4.0 4.0 4.0 4.0 4.0 4.0 4.0 4.0 4.0 4.0 4.0 4.0 4.0 4.0 4.0 
19 4.0 4.0 4.0 4.0 4.0 4.0 4.0 4.0 4.0 4.0 4.0 4.0 4.0 4.0 4.0 4.0 
20 4.0 4.0 4.0 4.0 4.0 4.0 4.0 4.0 4.0 4.0 4.0 4.0 4.0 4.0 4.0 4.0 
21 4.0 4.0 4.0 4.0 4.0 4.0 4.0 4.0 4.0 4.0 4.0 4.0 4.0 4.0 4.0 4.0 
22 4.0 4.0 4.0 4.0 4.0 4.0 4.0 4.0 4.0 4.0 4.0 4.0 4.0 4.0 4.0 4.0 
23 4.0 4.0 4.0 4.0 4.0 4.0 4.0 4.0 4.0 4.0 4.0 4.0 4.0 4.0 4.0 4.0 
24 1.0 1.0 1.0 1.0 1.0 1.0 1.0 1.0 1.0 1.0 1.0 1.0 1.0 1.0 1.0 1.0 
25 16.0 16.0 16.0 16.0 16.0 16.0 16.0 16.0 16.0 16.0 16.0 16.0 16.0 16.0 16.0 16.0 
26 2.0 2.0 2.0 2.0 2.0 2.0 2.0 2.0 2.0 2.0 2.0 2.0 2.0 2.0 2.0 2.0 
27 2.0 2.0 2.0 2.0 2.0 2.0 2.0 2.0 2.0 2.0 2.0 2.0 2.0 2.0 2.0 2.0 
28 2.0 2.0 2.0 2.0 2.0 2.0 2.0 2.0 2.0 2.0 2.0 2.0 2.0 2.0 2.0 2.0 
29 8.0 8.0 8.0 8.0 8.0 8.0 8.0 8.0 8.0 8.0 8.0 8.0 8.0 8.0 8.0 8.0 
30 2.0 2.0 2.0 2.0 2.0 2.0 2.0 2.0 2.0 2.0 2.0 2.0 2.0 2.0 2.0 2.0 
;
set c_0 := 0;
param d := 
[0,*,*] : 
0 1 2 3 32 33 34 37 38 39 40 41 42 44 := 
0 0 0.0015744 0 0 0 0.0015744 0.0015744 0.0015744 0.0015744 0 0 0 0 0 
1 0.06747428571428572 0 5.248000000000001E-4 0 0 0 0 0 0 5.248000000000001E-4 0 0 0 5.248000000000001E-4 
2 0 0.0017318400000000001 0 5.248E-4 5.248E-4 0.0017318400000000001 0.0017318400000000001 0.0017318400000000001 0.0017318400000000001 0 5.248E-4 5.248E-4 5.248E-4 0 
3 0 0 0.003636864 0 0 0 0 0 0 0.003636864 0 0 0 0.003636864 
32 0 0 0.003636864 0 0 0 0 0 0 0.003636864 0 0 0 0.003636864 
33 0.06747428571428572 0 5.248000000000001E-4 0 0 0 0 0 0 5.248000000000001E-4 0 0 0 5.248000000000001E-4 
34 0.06747428571428572 0 5.248000000000001E-4 0 0 0 0 0 0 5.248000000000001E-4 0 0 0 5.248000000000001E-4 
37 0.06747428571428572 0 5.248000000000001E-4 0 0 0 0 0 0 5.248000000000001E-4 0 0 0 5.248000000000001E-4 
38 0.06747428571428572 0 5.248000000000001E-4 0 0 0 0 0 0 5.248000000000001E-4 0 0 0 5.248000000000001E-4 
39 0 0.0017318400000000001 0 5.248E-4 5.248E-4 0.0017318400000000001 0.0017318400000000001 0.0017318400000000001 0.0017318400000000001 0 5.248E-4 5.248E-4 5.248E-4 0 
40 0 0 0.003636864 0 0 0 0 0 0 0.003636864 0 0 0 0.003636864 
41 0 0 0.003636864 0 0 0 0 0 0 0.003636864 0 0 0 0.003636864 
42 0 0 0.003636864 0 0 0 0 0 0 0.003636864 0 0 0 0.003636864 
44 0 0.0017318400000000001 0 5.248E-4 5.248E-4 0.0017318400000000001 0.0017318400000000001 0.0017318400000000001 0.0017318400000000001 0 5.248E-4 5.248E-4 5.248E-4 0 
[1,*,*] : 
0 4 5 6 31 := 
0 0 0.004844 0 0 0.004844 
4 0.2076 0 0.004844 0 0 
5 0 0.0159852 0 0.009688 0.0159852 
6 0 0 0.23018688000000004 0 0 
31 0.2076 0 0.004844 0 0 
[2,*,*] : 
0 7 8 9 10 11 := 
0 0 0.0021653333333333333 0.0021653333333333333 0.0021653333333333333 0 0 
7 0.6062933333333334 0 0 0 0.0021653333333333333 0 
8 0.6062933333333334 0 0 0 0.0021653333333333333 0 
9 0.6062933333333334 0 0 0 0.0021653333333333333 0 
10 0 0.0030314666666666668 0.0030314666666666668 0.0030314666666666668 0 0.006496 
11 0 0 0 0 0.048200320000000005 0 
[3,*,*] : 
0 12 13 14 35 36 43 := 
0 0 0.006788 0 0 0 0.006788 0 
12 0.29091428571428574 0 0.003394 0 0.003394 0 0 
13 0 0.0112002 0 0.003394 0 0.0112002 0.003394 
14 0 0 0.06272112 0 0.06272112 0 0 
35 0 0.0112002 0 0.003394 0 0.0112002 0.003394 
36 0.29091428571428574 0 0.003394 0 0.003394 0 0 
43 0 0 0.06272112 0 0.06272112 0 0 
[4,*,*] : 
0 15 16 17 18 19 20 21 22 23 24 25 := 
0 0 0.002511111111111111 0.002511111111111111 0.002511111111111111 0.002511111111111111 0.002511111111111111 0.002511111111111111 0.002511111111111111 0.002511111111111111 0.002511111111111111 0 0 
15 0.703111111111111 0 0 0 0 0 0 0 0 0 0.002511111111111111 0 
16 0.703111111111111 0 0 0 0 0 0 0 0 0 0.002511111111111111 0 
17 0.703111111111111 0 0 0 0 0 0 0 0 0 0.002511111111111111 0 
18 0.703111111111111 0 0 0 0 0 0 0 0 0 0.002511111111111111 0 
19 0.703111111111111 0 0 0 0 0 0 0 0 0 0.002511111111111111 0 
20 0.703111111111111 0 0 0 0 0 0 0 0 0 0.002511111111111111 0 
21 0.703111111111111 0 0 0 0 0 0 0 0 0 0.002511111111111111 0 
22 0.703111111111111 0 0 0 0 0 0 0 0 0 0.002511111111111111 0 
23 0.703111111111111 0 0 0 0 0 0 0 0 0 0.002511111111111111 0 
24 0 0.0035155555555555548 0.0035155555555555548 0.0035155555555555548 0.0035155555555555548 0.0035155555555555548 0.0035155555555555548 0.0035155555555555548 0.0035155555555555548 0.0035155555555555548 0 0.0226 
25 0 0 0 0 0 0 0 0 0 0 0.12972399999999998 0 
[5,*,*] : 
0 26 27 28 29 30 := 
0 0 0.005461333333333333 0.005461333333333333 0.005461333333333333 0 0 
26 1.5291733333333333 0 0 0 0.005461333333333333 0 
27 1.5291733333333333 0 0 0 0.005461333333333333 0 
28 1.5291733333333333 0 0 0 0.005461333333333333 0 
29 0 0.007645866666666667 0.007645866666666667 0.007645866666666667 0 0.016384 
30 0 0 0 0 0.00458752 0 
;
param x_bar : 0 1 2 3 4 5 6 7 8 9 10 11 12 13 14 15  := 
0 0 0 0 0 0 0 0 0 0 0 0 0 0 0 0 0 
1 0 0 1 0 0 0 0 0 0 0 0 0 0 0 0 0 
2 0 0 1 0 0 0 0 0 0 0 0 0 0 0 0 0 
3 0 0 1 0 0 0 0 0 0 0 0 0 0 0 0 0 
4 0 0 0 0 0 0 1 0 0 0 0 0 0 0 0 0 
5 0 0 0 0 0 0 1 0 0 0 0 0 0 0 0 0 
6 0 0 0 0 0 0 1 0 0 0 0 0 0 0 0 0 
7 0 0 0 0 1 0 0 0 0 0 0 0 0 0 0 0 
8 0 0 0 0 1 0 0 0 0 0 0 0 0 0 0 0 
9 0 0 0 0 1 0 0 0 0 0 0 0 0 0 0 0 
10 0 0 0 0 1 0 0 0 0 0 0 0 0 0 0 0 
11 0 0 0 0 1 0 0 0 0 0 0 0 0 0 0 0 
12 0 0 0 0 0 0 0 0 0 0 0 0 0 0 1 0 
13 0 0 0 0 0 0 0 0 0 0 0 0 0 0 1 0 
14 0 0 0 0 0 0 0 0 0 0 0 0 0 0 1 0 
;
