seed201_p6_R70_Cob12_Cf50
-1262.7593363303204
-1325.3976747257798 7431
300014 53654
seed202_p6_R70_Cob7_Cf49
-1001.788977644193
-1083.785832951263 59818
300022 18175
seed205_p6_R70_Cob11_Cf46
-605.1632301316988
-665.3236745918059 7457
300016 64317
seed207_p6_R70_Cob8_Cf33
-7.236788285454253
-74.2644145926069 2436
300283 72443
seed208_p6_R70_Cob19_Cf65
-376.7770889808532
-682.9060851895699 33002
300218 43315
seed209_p6_R70_Cob12_Cf63
Infinity
Infinity 0
300003 36937
seed211_p6_R70_Cob15_Cf39
-656.8769055775782
-785.9372232183941 41078
300260 66166
seed213_p6_R70_Cob21_Cf55
-1276.3567264901071
-1333.694255058916 27534
300224 46902
seed214_p6_R70_Cob14_Cf28
-945.9745033585128
-987.9000559922805 273003
300006 20175
seed215_p6_R70_Cob18_Cf49
-799.0714886618304
-949.2018112178621 10204
300126 32850
seed217_p6_R70_Cob24_Cf52
-1674.2803299918814
-1751.0678208387487 84090
300249 33689
seed218_p6_R70_Cob9_Cf60
-907.9815808430371
-1063.999752459021 8778
300178 39554
seed222_p6_R70_Cob7_Cf32
-274.86854564361215
-364.79357933645224 4547
300434 176011
seed223_p6_R70_Cob20_Cf56
-1329.3415460164238
-1435.9500354965664 119662
300016 34982
seed225_p6_R70_Cob13_Cf52
-1748.060188749334
-1858.2427365163026 126192
300161 9342
seed228_p6_R70_Cob22_Cf63
-1295.921231310636
-1728.092690537733 12548
300002 37228
seed229_p6_R70_Cob20_Cf47
-671.0452679238297
-801.3367442259181 9065
300376 42907
seed230_p6_R70_Cob14_Cf59
-1005.8539114775358
-1167.8026466920676 6423
300150 55367
seed231_p6_R70_Cob19_Cf52
-895.6709176197713
-997.469142129598 27623
300027 51700
seed232_p6_R70_Cob6_Cf54
-414.7491535349364
-471.3288475891521 5846
300023 54171
seed233_p6_R70_Cob10_Cf51
-591.9917327260589
-695.4841221705185 26235
300013 51458
seed235_p6_R70_Cob17_Cf52
-1744.8361387444186
-1851.3990991613857 34610
300017 36828
seed236_p6_R70_Cob7_Cf41
-868.9144117796584
-955.1905696479456 25263
300184 56035
seed237_p6_R70_Cob18_Cf36
-270.6090679592794
-360.83659457565363 10881
300019 53462
seed238_p6_R70_Cob15_Cf53
-526.8507162555645
-790.2635396624155 12520
300172 77300
seed239_p6_R70_Cob11_Cf52
-1212.467335246816
-1330.2611152633324 11812
300068 49792
seed240_p6_R70_Cob12_Cf54
-1800.220305888821
-1858.954244628234 112467
300213 35097
seed242_p6_R70_Cob8_Cf43
-1155.5510526964222
-1197.9557390006757 34031
300204 69097
seed243_p6_R70_Cob18_Cf55
-1302.2070224636088
-1467.336067272324 11913
300017 56134
seed244_p6_R70_Cob14_Cf54
-1450.12592240453
-1541.091939624378 9265
300105 43838
seed245_p6_R70_Cob10_Cf53
-640.3155087552301
-710.4260315646532 11909
300022 41565
seed246_p6_R70_Cob9_Cf44
-629.658099396944
-700.0844024064085 107383
300379 41632
seed247_p6_R70_Cob3_Cf60
-564.7819180659163
-616.6094677760294 17442
300332 87555
seed248_p6_R70_Cob4_Cf58
-210.58200036718256
-331.75773339601506 23224
300172 48413
