data;
set C_bar :=  1 2 3 4 5 6 7 8 9 10 11 12 13 14 15 16 17 18 19 20 21 ;
set C :=  22 23 24 30 31 25 26 27 33 34 35 36 37 38 39 40 28 29 41 32 ;
set R := 0 1 2 3 4 5 ;
set C_bar_r[0] :=  
1 2 3 ;
set C_bar_r[1] :=  
4 5 6 7 8 ;
set C_bar_r[2] :=  
9 10 11 12 13 14 15 16 17 18 ;
set C_bar_r[3] :=  
19 20 21 ;
set C_r[0] :=  
;
set C_r[1] :=  
28 29 41 ;
set C_r[2] :=  
;
set C_r[3] :=  
32 ;
set C_r[4] :=  
22 23 24 30 31 ;
set C_r[5] :=  
25 26 27 33 34 35 36 37 38 39 40 ;
set S :=  0 1 2 3 4 5 6 7 8 9 10 11 12 13 14 15 ;
set S_u :=  0 1 2 3 4 5 6 7 8 9 10 11 12 13 14 15 ;
set S_r[0] := 
14 ;
set S_r[1] := 
10 ;
set S_r[2] := 
2 3 6 7 ;
set S_r[3] := 
8 ;
set Rack :=  0 1 2 3 4 5 6 7 ;
param COST : 0 1 2 3 4 5 6 7 8 9 10 11 12 13 14 15 :=
0 0 1 3 3 5 5 5 5 5 5 5 5 5 5 5 5 
1 1 0 3 3 5 5 5 5 5 5 5 5 5 5 5 5 
2 3 3 0 1 5 5 5 5 5 5 5 5 5 5 5 5 
3 3 3 1 0 5 5 5 5 5 5 5 5 5 5 5 5 
4 5 5 5 5 0 1 3 3 5 5 5 5 5 5 5 5 
5 5 5 5 5 1 0 3 3 5 5 5 5 5 5 5 5 
6 5 5 5 5 3 3 0 1 5 5 5 5 5 5 5 5 
7 5 5 5 5 3 3 1 0 5 5 5 5 5 5 5 5 
8 5 5 5 5 5 5 5 5 0 1 3 3 5 5 5 5 
9 5 5 5 5 5 5 5 5 1 0 3 3 5 5 5 5 
10 5 5 5 5 5 5 5 5 3 3 0 1 5 5 5 5 
11 5 5 5 5 5 5 5 5 3 3 1 0 5 5 5 5 
12 5 5 5 5 5 5 5 5 5 5 5 5 0 1 3 3 
13 5 5 5 5 5 5 5 5 5 5 5 5 1 0 3 3 
14 5 5 5 5 5 5 5 5 5 5 5 5 3 3 0 1 
15 5 5 5 5 5 5 5 5 5 5 5 5 3 3 1 0 
;
set S_rack[0] :=  
0 1 ;
set S_rack[1] :=  
2 3 ;
set S_rack[2] :=  
4 5 ;
set S_rack[3] :=  
6 7 ;
set S_rack[4] :=  
8 9 ;
set S_rack[5] :=  
10 11 ;
set S_rack[6] :=  
12 13 ;
set S_rack[7] :=  
14 15 ;
param CPU := 
0 56.0
1 56.0
2 40.192095890410954
3 42.09604794520548
4 56.0
5 56.0
6 21.438825745741184
7 23.739349682504923
8 48.218470619550246
9 56.0
10 34.95551463120244
11 44.0
12 28.0
13 28.0
14 37.934707630252866
15 56.0
;
param MEM := 
0 192.0
1 192.0
2 126.0
3 127.0
4 192.0
5 192.0
6 172.0
7 190.0
8 108.0
9 192.0
10 92.0
11 128.0
12 192.0
13 192.0
14 159.0
15 192.0
;
param DISK := 
0 384.0
1 384.0
2 248.0
3 252.0
4 384.0
5 384.0
6 332.0
7 376.0
8 268.0
9 384.0
10 148.0
11 256.0
12 384.0
13 384.0
14 308.0
15 384.0
;
param BDW_out := 
0 10.0
1 10.0
2 8.673279433629629
3 9.336639716814815
4 10.0
5 10.0
6 7.993406807407407
7 8.673279433629629
8 9.748556975228162
9 10.0
10 6.87705837037037
11 10.0
12 10.0
13 10.0
14 9.464302477183834
15 10.0
;
param BDW_in := 
0 10.0
1 10.0
2 9.987388634074074
3 9.993694317037036
4 10.0
5 10.0
6 9.990914547037036
7 9.987388634074074
8 9.993992
9 10.0
10 9.985928
11 10.0
12 10.0
13 10.0
14 9.9872
15 10.0
;
param mem := 
1 1.0
2 16.0
3 16.0
4 4.0
5 4.0
6 4.0
7 8.0
8 16.0
28 16.0
29 16.0
41 16.0
9 1.0
10 1.0
11 1.0
12 1.0
13 1.0
14 1.0
15 1.0
16 1.0
17 1.0
18 16.0
19 4.0
20 16.0
21 64.0
32 16.0
22 8.0
23 1.0
24 16.0
30 8.0
31 16.0
25 2.0
26 4.0
27 16.0
33 4.0
34 4.0
35 4.0
36 4.0
37 4.0
38 2.0
39 2.0
40 16.0
;
param disk := 
1 4.0
2 36.0
3 36.0
4 16.0
5 16.0
6 16.0
7 24.0
8 36.0
28 36.0
29 36.0
41 36.0
9 4.0
10 4.0
11 4.0
12 4.0
13 4.0
14 4.0
15 4.0
16 4.0
17 4.0
18 36.0
19 16.0
20 36.0
21 64.0
32 36.0
22 24.0
23 4.0
24 36.0
30 24.0
31 36.0
25 8.0
26 16.0
27 36.0
33 16.0
34 16.0
35 16.0
36 16.0
37 16.0
38 8.0
39 8.0
40 36.0
;
param cpu : 
0 1 2 3 4 5 6 7 8 9 10 11 12 13 14 15 := 
1 6.038260869565217 6.038260869565217 8.153424657534247 8.153424657534247 6.082335766423358 6.082335766423358 9.122837749069411 9.122837749069411 6.082335766423358 6.082335766423358 8.153424657534247 8.153424657534247 9.122837749069411 9.122837749069411 6.097914379802416 6.097914379802416 
2 0.6810520582733406 0.6810520582733406 0.919620196102945 0.919620196102945 0.6860232411804452 0.6860232411804452 1.028959755219192 1.028959755219192 0.6860232411804452 0.6860232411804452 0.919620196102945 0.919620196102945 1.028959755219192 1.028959755219192 0.6877803442496961 0.6877803442496961 
3 11.169253755682785 11.169253755682785 15.081771216088299 15.081771216088299 11.2507811553593 11.2507811553593 16.874939985594747 16.874939985594747 11.2507811553593 11.2507811553593 15.081771216088299 15.081771216088299 16.874939985594747 16.874939985594747 11.279597645695018 11.279597645695018 
4 2.2127710144927537 2.2127710144927537 2.987890410958905 2.987890410958905 2.2289226277372265 2.2289226277372265 3.3431399167943954 3.3431399167943954 2.2289226277372265 2.2289226277372265 2.987890410958905 2.987890410958905 3.3431399167943954 3.3431399167943954 2.2346315404317605 2.2346315404317605 
5 2.2127710144927537 2.2127710144927537 2.987890410958905 2.987890410958905 2.2289226277372265 2.2289226277372265 3.3431399167943954 3.3431399167943954 2.2289226277372265 2.2289226277372265 2.987890410958905 2.987890410958905 3.3431399167943954 3.3431399167943954 2.2346315404317605 2.2346315404317605 
6 2.2127710144927537 2.2127710144927537 2.987890410958905 2.987890410958905 2.2289226277372265 2.2289226277372265 3.3431399167943954 3.3431399167943954 2.2289226277372265 2.2289226277372265 2.987890410958905 2.987890410958905 3.3431399167943954 3.3431399167943954 2.2346315404317605 2.2346315404317605 
7 0.05524551632850242 0.05524551632850242 0.07459766392694064 0.07459766392694064 0.05564876827250609 0.05564876827250609 0.08346705992263338 0.08346705992263338 0.05564876827250609 0.05564876827250609 0.07459766392694064 0.07459766392694064 0.08346705992263338 0.08346705992263338 0.05579130079277961 0.05579130079277961 
8 0.004603793027375201 0.004603793027375201 0.00621647199391172 0.00621647199391172 0.004637397356042174 0.004637397356042174 0.006955588326886116 0.006955588326886116 0.004637397356042174 0.004637397356042174 0.00621647199391172 0.00621647199391172 0.006955588326886116 0.006955588326886116 0.004649275066064967 0.004649275066064967 
28 0.004603793027375201 0.004603793027375201 0.00621647199391172 0.00621647199391172 0.004637397356042174 0.004637397356042174 0.006955588326886116 0.006955588326886116 0.004637397356042174 0.004637397356042174 0.00621647199391172 0.00621647199391172 0.006955588326886116 0.006955588326886116 0.004649275066064967 0.004649275066064967 
29 0.004603793027375201 0.004603793027375201 0.00621647199391172 0.00621647199391172 0.004637397356042174 0.004637397356042174 0.006955588326886116 0.006955588326886116 0.004637397356042174 0.004637397356042174 0.00621647199391172 0.00621647199391172 0.006955588326886116 0.006955588326886116 0.004649275066064967 0.004649275066064967 
41 0.004603793027375201 0.004603793027375201 0.00621647199391172 0.00621647199391172 0.004637397356042174 0.004637397356042174 0.006955588326886116 0.006955588326886116 0.004637397356042174 0.004637397356042174 0.00621647199391172 0.00621647199391172 0.006955588326886116 0.006955588326886116 0.004649275066064967 0.004649275066064967 
9 1.4100282608695653 1.4100282608695653 1.9039520547945208 1.9039520547945208 1.4203204379562044 1.4203204379562044 2.130325158747537 2.130325158747537 1.4203204379562044 1.4203204379562044 1.9039520547945208 1.9039520547945208 2.130325158747537 2.130325158747537 1.4239582875960484 1.4239582875960484 
10 1.4100282608695653 1.4100282608695653 1.9039520547945208 1.9039520547945208 1.4203204379562044 1.4203204379562044 2.130325158747537 2.130325158747537 1.4203204379562044 1.4203204379562044 1.9039520547945208 1.9039520547945208 2.130325158747537 2.130325158747537 1.4239582875960484 1.4239582875960484 
11 1.4100282608695653 1.4100282608695653 1.9039520547945208 1.9039520547945208 1.4203204379562044 1.4203204379562044 2.130325158747537 2.130325158747537 1.4203204379562044 1.4203204379562044 1.9039520547945208 1.9039520547945208 2.130325158747537 2.130325158747537 1.4239582875960484 1.4239582875960484 
12 1.4100282608695653 1.4100282608695653 1.9039520547945208 1.9039520547945208 1.4203204379562044 1.4203204379562044 2.130325158747537 2.130325158747537 1.4203204379562044 1.4203204379562044 1.9039520547945208 1.9039520547945208 2.130325158747537 2.130325158747537 1.4239582875960484 1.4239582875960484 
13 1.4100282608695653 1.4100282608695653 1.9039520547945208 1.9039520547945208 1.4203204379562044 1.4203204379562044 2.130325158747537 2.130325158747537 1.4203204379562044 1.4203204379562044 1.9039520547945208 1.9039520547945208 2.130325158747537 2.130325158747537 1.4239582875960484 1.4239582875960484 
14 1.4100282608695653 1.4100282608695653 1.9039520547945208 1.9039520547945208 1.4203204379562044 1.4203204379562044 2.130325158747537 2.130325158747537 1.4203204379562044 1.4203204379562044 1.9039520547945208 1.9039520547945208 2.130325158747537 2.130325158747537 1.4239582875960484 1.4239582875960484 
15 1.4100282608695653 1.4100282608695653 1.9039520547945208 1.9039520547945208 1.4203204379562044 1.4203204379562044 2.130325158747537 2.130325158747537 1.4203204379562044 1.4203204379562044 1.9039520547945208 1.9039520547945208 2.130325158747537 2.130325158747537 1.4239582875960484 1.4239582875960484 
16 1.4100282608695653 1.4100282608695653 1.9039520547945208 1.9039520547945208 1.4203204379562044 1.4203204379562044 2.130325158747537 2.130325158747537 1.4203204379562044 1.4203204379562044 1.9039520547945208 1.9039520547945208 2.130325158747537 2.130325158747537 1.4239582875960484 1.4239582875960484 
17 0.09387654821256039 0.09387654821256039 0.12676089680365296 0.12676089680365296 0.09456177849148419 0.09456177849148419 0.14183231501350269 0.14183231501350269 0.09456177849148419 0.09456177849148419 0.12676089680365296 0.12676089680365296 0.14183231501350269 0.14183231501350269 0.09480397843639468 0.09480397843639468 
18 0.01877530964251208 0.01877530964251208 0.025352179360730594 0.025352179360730594 0.01891235569829684 0.01891235569829684 0.028366463002700536 0.028366463002700536 0.01891235569829684 0.01891235569829684 0.025352179360730594 0.025352179360730594 0.028366463002700536 0.028366463002700536 0.018960795687278938 0.018960795687278938 
19 2.8342086956521744 2.8342086956521744 3.8270136986301373 3.8270136986301373 2.854896350364964 2.854896350364964 4.282031968469455 4.282031968469455 2.854896350364964 2.854896350364964 3.8270136986301373 3.8270136986301373 4.282031968469455 4.282031968469455 2.8622085620197586 2.8622085620197586 
20 0.1598344049260246 0.1598344049260246 0.21582336477290992 0.21582336477290992 0.16100107941453573 0.16100107941453573 0.24148399255300407 0.24148399255300407 0.16100107941453573 0.16100107941453573 0.21582336477290992 0.21582336477290992 0.24148399255300407 0.24148399255300407 0.1614134495411006 0.1614134495411006 
21 4.731098385810329 4.731098385810329 6.388371597278135 6.388371597278135 4.765631950670258 4.765631950670258 7.1479261795689215 7.1479261795689215 4.765631950670258 4.765631950670258 6.388371597278135 6.388371597278135 7.1479261795689215 7.1479261795689215 4.777838106416578 4.777838106416578 
32 0.1598344049260246 0.1598344049260246 0.21582336477290992 0.21582336477290992 0.16100107941453573 0.16100107941453573 0.24148399255300407 0.24148399255300407 0.16100107941453573 0.16100107941453573 0.21582336477290992 0.21582336477290992 0.24148399255300407 0.24148399255300407 0.1614134495411006 0.1614134495411006 
22 5.66653043478261 5.66653043478261 7.6514794520547955 7.6514794520547955 5.70789197080292 5.70789197080292 8.561213050142326 8.561213050142326 5.70789197080292 5.70789197080292 7.6514794520547955 7.6514794520547955 8.561213050142326 8.561213050142326 5.722511525795829 5.722511525795829 
23 1.2782495818717758 1.2782495818717758 1.726012155560715 1.726012155560715 1.287579870790548 1.287579870790548 1.9312288405770206 1.9312288405770206 1.287579870790548 1.287579870790548 1.726012155560715 1.726012155560715 1.9312288405770206 1.9312288405770206 1.2908777336136485 1.2908777336136485 
24 8.436447240353722 8.436447240353722 11.39168022670072 11.39168022670072 8.498027147217616 8.498027147217616 12.746110347808337 12.746110347808337 8.498027147217616 8.498027147217616 11.39168022670072 11.39168022670072 12.746110347808337 12.746110347808337 8.51979304185008 8.51979304185008 
30 5.66653043478261 5.66653043478261 7.6514794520547955 7.6514794520547955 5.70789197080292 5.70789197080292 8.561213050142326 8.561213050142326 5.70789197080292 5.70789197080292 7.6514794520547955 7.6514794520547955 8.561213050142326 8.561213050142326 5.722511525795829 5.722511525795829 
31 8.436447240353722 8.436447240353722 11.39168022670072 11.39168022670072 8.498027147217616 8.498027147217616 12.746110347808337 12.746110347808337 8.498027147217616 8.498027147217616 11.39168022670072 11.39168022670072 12.746110347808337 12.746110347808337 8.51979304185008 8.51979304185008 
25 2.8367246376811592 2.8367246376811592 3.8304109589041095 3.8304109589041095 2.857430656934307 2.857430656934307 4.285833150864901 4.285833150864901 2.857430656934307 2.857430656934307 3.8304109589041095 3.8304109589041095 4.285833150864901 4.285833150864901 2.86474935967801 2.86474935967801 
26 0.15997629077149825 0.15997629077149825 0.21601495231376472 0.21601495231376472 0.161144000923115 0.161144000923115 0.24169835916867477 0.24169835916867477 0.161144000923115 0.161144000923115 0.21601495231376472 0.21601495231376472 0.24169835916867477 0.24169835916867477 0.1615567371128193 0.1615567371128193 
27 6.431046889014229 6.431046889014229 8.683801083013341 8.683801083013341 6.477988837109223 6.477988837109223 9.716274038580726 9.716274038580726 6.477988837109223 6.477988837109223 8.683801083013341 8.683801083013341 9.716274038580726 9.716274038580726 6.494580831935335 6.494580831935335 
33 0.15997629077149825 0.15997629077149825 0.21601495231376472 0.21601495231376472 0.161144000923115 0.161144000923115 0.24169835916867477 0.24169835916867477 0.161144000923115 0.161144000923115 0.21601495231376472 0.21601495231376472 0.24169835916867477 0.24169835916867477 0.1615567371128193 0.1615567371128193 
34 0.15997629077149825 0.15997629077149825 0.21601495231376472 0.21601495231376472 0.161144000923115 0.161144000923115 0.24169835916867477 0.24169835916867477 0.161144000923115 0.161144000923115 0.21601495231376472 0.21601495231376472 0.24169835916867477 0.24169835916867477 0.1615567371128193 0.1615567371128193 
35 0.15997629077149825 0.15997629077149825 0.21601495231376472 0.21601495231376472 0.161144000923115 0.161144000923115 0.24169835916867477 0.24169835916867477 0.161144000923115 0.161144000923115 0.21601495231376472 0.21601495231376472 0.24169835916867477 0.24169835916867477 0.1615567371128193 0.1615567371128193 
36 0.15997629077149825 0.15997629077149825 0.21601495231376472 0.21601495231376472 0.161144000923115 0.161144000923115 0.24169835916867477 0.24169835916867477 0.161144000923115 0.161144000923115 0.21601495231376472 0.21601495231376472 0.24169835916867477 0.24169835916867477 0.1615567371128193 0.1615567371128193 
37 0.15997629077149825 0.15997629077149825 0.21601495231376472 0.21601495231376472 0.161144000923115 0.161144000923115 0.24169835916867477 0.24169835916867477 0.161144000923115 0.161144000923115 0.21601495231376472 0.21601495231376472 0.24169835916867477 0.24169835916867477 0.1615567371128193 0.1615567371128193 
38 2.8367246376811592 2.8367246376811592 3.8304109589041095 3.8304109589041095 2.857430656934307 2.857430656934307 4.285833150864901 4.285833150864901 2.857430656934307 2.857430656934307 3.8304109589041095 3.8304109589041095 4.285833150864901 4.285833150864901 2.86474935967801 2.86474935967801 
39 2.8367246376811592 2.8367246376811592 3.8304109589041095 3.8304109589041095 2.857430656934307 2.857430656934307 4.285833150864901 4.285833150864901 2.857430656934307 2.857430656934307 3.8304109589041095 3.8304109589041095 4.285833150864901 4.285833150864901 2.86474935967801 2.86474935967801 
40 6.431046889014229 6.431046889014229 8.683801083013341 8.683801083013341 6.477988837109223 6.477988837109223 9.716274038580726 9.716274038580726 6.477988837109223 6.477988837109223 8.683801083013341 8.683801083013341 9.716274038580726 9.716274038580726 6.494580831935335 6.494580831935335 
;
set c_0 := 0;
param d := 
[0,*,*] : 
0 1 2 3 := 
0 0 0.0128 0 0 
1 0.5356975228161669 0 0.0013749569752281616 0 
2 0 0.041248709256844845 0 0.011274647196870925 
3 0 0 0.3382394159061277 0 
[1,*,*] : 
0 4 5 6 7 8 28 29 41 := 
0 0 0.004690666666666667 0.004690666666666667 0.004690666666666667 0 0 0 0 0 
4 1.0409805432098767 0 0 0 3.7177876543209876E-5 0 0 0 0 
5 1.0409805432098767 0 0 0 3.7177876543209876E-5 0 0 0 0 
6 1.0409805432098767 0 0 0 3.7177876543209876E-5 0 0 0 0 
7 0 0.005204902716049384 0.005204902716049384 0.005204902716049384 0 4.6472345679012345E-6 4.6472345679012345E-6 4.6472345679012345E-6 4.6472345679012345E-6 
8 0 0 0 0 6.50612839506173E-4 0 0 0 0 
28 0 0 0 0 6.50612839506173E-4 0 0 0 0 
29 0 0 0 0 6.50612839506173E-4 0 0 0 0 
41 0 0 0 0 6.50612839506173E-4 0 0 0 0 
[2,*,*] : 
0 9 10 11 12 13 14 15 16 17 18 := 
0 0 0.002989 0.002989 0.002989 0.002989 0.002989 0.002989 0.002989 0.002989 0 0 
9 0.6633365925925927 0 0 0 0 0 0 0 0 2.3690592592592593E-5 0 
10 0.6633365925925927 0 0 0 0 0 0 0 0 2.3690592592592593E-5 0 
11 0.6633365925925927 0 0 0 0 0 0 0 0 2.3690592592592593E-5 0 
12 0.6633365925925927 0 0 0 0 0 0 0 0 2.3690592592592593E-5 0 
13 0.6633365925925927 0 0 0 0 0 0 0 0 2.3690592592592593E-5 0 
14 0.6633365925925927 0 0 0 0 0 0 0 0 2.3690592592592593E-5 0 
15 0.6633365925925927 0 0 0 0 0 0 0 0 2.3690592592592593E-5 0 
16 0.6633365925925927 0 0 0 0 0 0 0 0 2.3690592592592593E-5 0 
17 0 0.0033166829629629638 0.0033166829629629638 0.0033166829629629638 0.0033166829629629638 0.0033166829629629638 0.0033166829629629638 0.0033166829629629638 0.0033166829629629638 0 1.8952474074074076E-5 
18 0 0 0 0 0 0 0 0 0 0.002653346370370371 0 
[3,*,*] : 
0 19 20 21 32 := 
0 0 0.006008 0 0 0 
19 0.2514430247718383 0 3.226852151238592E-4 0 3.226852151238592E-4 
20 0 0.009680556453715773 0 0.002387870591916558 0 
21 0 0 0.07163611775749673 0 0.07163611775749673 
32 0 0.009680556453715773 0 0.002387870591916558 0 
[4,*,*] : 
0 22 23 24 30 31 := 
0 0 0.012012 0 0 0.012012 0 
22 0.5027186440677965 0 0.001290311186440678 0 0 0 
23 0 0.03870933559322033 0 0.008516053830508474 0.03870933559322033 0.008516053830508474 
24 0 0 0.2554816149152542 0 0 0 
30 0.5027186440677965 0 0.001290311186440678 0 0 0 
31 0 0 0.2554816149152542 0 0 0 
[5,*,*] : 
0 25 26 27 33 34 35 36 37 38 39 40 := 
0 0 0.006013333333333333 0 0 0 0 0 0 0 0.006013333333333333 0.006013333333333333 0 
25 0.25166623207301175 0 1.0765722149789948E-4 0 1.0765722149789948E-4 1.0765722149789948E-4 1.0765722149789948E-4 1.0765722149789948E-4 1.0765722149789948E-4 0 0 0 
26 0 0.003229716644936984 0 0.0010819550760538896 0 0 0 0 0 0.003229716644936984 0.003229716644936984 0.0010819550760538896 
27 0 0 0.032458652281616686 0 0.032458652281616686 0.032458652281616686 0.032458652281616686 0.032458652281616686 0.032458652281616686 0 0 0 
33 0 0.003229716644936984 0 0.0010819550760538896 0 0 0 0 0 0.003229716644936984 0.003229716644936984 0.0010819550760538896 
34 0 0.003229716644936984 0 0.0010819550760538896 0 0 0 0 0 0.003229716644936984 0.003229716644936984 0.0010819550760538896 
35 0 0.003229716644936984 0 0.0010819550760538896 0 0 0 0 0 0.003229716644936984 0.003229716644936984 0.0010819550760538896 
36 0 0.003229716644936984 0 0.0010819550760538896 0 0 0 0 0 0.003229716644936984 0.003229716644936984 0.0010819550760538896 
37 0 0.003229716644936984 0 0.0010819550760538896 0 0 0 0 0 0.003229716644936984 0.003229716644936984 0.0010819550760538896 
38 0.25166623207301175 0 1.0765722149789948E-4 0 1.0765722149789948E-4 1.0765722149789948E-4 1.0765722149789948E-4 1.0765722149789948E-4 1.0765722149789948E-4 0 0 0 
39 0.25166623207301175 0 1.0765722149789948E-4 0 1.0765722149789948E-4 1.0765722149789948E-4 1.0765722149789948E-4 1.0765722149789948E-4 1.0765722149789948E-4 0 0 0 
40 0 0 0.032458652281616686 0 0.032458652281616686 0.032458652281616686 0.032458652281616686 0.032458652281616686 0.032458652281616686 0 0 0 
;
param x_bar : 0 1 2 3 4 5 6 7 8 9 10 11 12 13 14 15  := 
0 0 0 0 0 0 0 0 0 0 0 0 0 0 0 0 0 
1 0 0 0 0 0 0 0 0 0 0 0 0 0 0 1 0 
2 0 0 0 0 0 0 0 0 0 0 0 0 0 0 1 0 
3 0 0 0 0 0 0 0 0 0 0 0 0 0 0 1 0 
4 0 0 0 0 0 0 0 0 0 0 1 0 0 0 0 0 
5 0 0 0 0 0 0 0 0 0 0 1 0 0 0 0 0 
6 0 0 0 0 0 0 0 0 0 0 1 0 0 0 0 0 
7 0 0 0 0 0 0 0 0 0 0 1 0 0 0 0 0 
8 0 0 0 0 0 0 0 0 0 0 1 0 0 0 0 0 
9 0 0 0 0 0 0 1 0 0 0 0 0 0 0 0 0 
10 0 0 0 0 0 0 1 0 0 0 0 0 0 0 0 0 
11 0 0 0 0 0 0 1 0 0 0 0 0 0 0 0 0 
12 0 0 0 0 0 0 0 1 0 0 0 0 0 0 0 0 
13 0 0 0 0 0 0 0 1 0 0 0 0 0 0 0 0 
14 0 0 1 0 0 0 0 0 0 0 0 0 0 0 0 0 
15 0 0 1 0 0 0 0 0 0 0 0 0 0 0 0 0 
16 0 0 0 1 0 0 0 0 0 0 0 0 0 0 0 0 
17 0 0 0 0 0 0 1 0 0 0 0 0 0 0 0 0 
18 0 0 0 0 0 0 1 0 0 0 0 0 0 0 0 0 
19 0 0 0 0 0 0 0 0 1 0 0 0 0 0 0 0 
20 0 0 0 0 0 0 0 0 1 0 0 0 0 0 0 0 
21 0 0 0 0 0 0 0 0 1 0 0 0 0 0 0 0 
;
