data;
set C_bar :=  1 2 3 4 5 6 7 8 9 10 11 12 13 14 15 16 17 18 19 20 21 ;
set C :=  22 23 24 32 33 34 35 36 25 26 27 41 28 29 30 31 38 39 40 37 ;
set R := 0 1 2 3 4 5 ;
set C_bar_r[0] :=  
1 2 3 4 5 6 ;
set C_bar_r[1] :=  
7 8 9 ;
set C_bar_r[2] :=  
10 11 12 ;
set C_bar_r[3] :=  
13 14 15 16 17 18 19 20 21 ;
set C_r[0] :=  
;
set C_r[1] :=  
;
set C_r[2] :=  
28 29 30 31 38 39 40 ;
set C_r[3] :=  
37 ;
set C_r[4] :=  
22 23 24 32 33 34 35 36 ;
set C_r[5] :=  
25 26 27 41 ;
set S :=  0 1 2 3 4 5 6 7 8 9 10 11 12 13 14 15 ;
set S_u :=  0 1 2 3 4 5 6 7 8 9 10 11 12 13 14 15 ;
set S_r[0] := 
2 3 ;
set S_r[1] := 
4 ;
set S_r[2] := 
14 ;
set S_r[3] := 
0 12 13 ;
set Rack :=  0 1 2 3 4 5 6 7 ;
param COST : 0 1 2 3 4 5 6 7 8 9 10 11 12 13 14 15 :=
0 0 1 3 3 5 5 5 5 5 5 5 5 5 5 5 5 
1 1 0 3 3 5 5 5 5 5 5 5 5 5 5 5 5 
2 3 3 0 1 5 5 5 5 5 5 5 5 5 5 5 5 
3 3 3 1 0 5 5 5 5 5 5 5 5 5 5 5 5 
4 5 5 5 5 0 1 3 3 5 5 5 5 5 5 5 5 
5 5 5 5 5 1 0 3 3 5 5 5 5 5 5 5 5 
6 5 5 5 5 3 3 0 1 5 5 5 5 5 5 5 5 
7 5 5 5 5 3 3 1 0 5 5 5 5 5 5 5 5 
8 5 5 5 5 5 5 5 5 0 1 3 3 5 5 5 5 
9 5 5 5 5 5 5 5 5 1 0 3 3 5 5 5 5 
10 5 5 5 5 5 5 5 5 3 3 0 1 5 5 5 5 
11 5 5 5 5 5 5 5 5 3 3 1 0 5 5 5 5 
12 5 5 5 5 5 5 5 5 5 5 5 5 0 1 3 3 
13 5 5 5 5 5 5 5 5 5 5 5 5 1 0 3 3 
14 5 5 5 5 5 5 5 5 5 5 5 5 3 3 0 1 
15 5 5 5 5 5 5 5 5 5 5 5 5 3 3 1 0 
;
set S_rack[0] :=  
0 1 ;
set S_rack[1] :=  
2 3 ;
set S_rack[2] :=  
4 5 ;
set S_rack[3] :=  
6 7 ;
set S_rack[4] :=  
8 9 ;
set S_rack[5] :=  
10 11 ;
set S_rack[6] :=  
12 13 ;
set S_rack[7] :=  
14 15 ;
param CPU := 
0 25.602223830896193
1 28.0
2 48.873406525772026
3 53.65449927007299
4 51.750500369107435
5 56.0
6 56.0
7 56.0
8 44.0
9 44.0
10 44.0
11 44.0
12 22.41564827606744
13 24.37367199474491
14 25.59647533919516
15 28.0
;
param MEM := 
0 94.0
1 96.0
2 146.0
3 190.0
4 111.0
5 192.0
6 192.0
7 192.0
8 128.0
9 128.0
10 128.0
11 128.0
12 157.0
13 190.0
14 136.0
15 192.0
;
param DISK := 
0 184.0
1 192.0
2 286.0
3 376.0
4 280.0
5 384.0
6 384.0
7 384.0
8 256.0
9 256.0
10 256.0
11 256.0
12 300.0
13 376.0
14 280.8
15 384.0
;
param BDW_out := 
0 8.870800561777777
1 10.0
2 6.708243757037037
3 8.90453450725926
4 9.753579139504563
5 10.0
6 10.0
7 10.0
8 10.0
9 10.0
10 10.0
11 10.0
12 8.294969742222221
13 8.870800561777777
14 9.89542737940026
15 10.0
;
param BDW_in := 
0 9.989266204444444
1 10.0
2 9.985152877629629
3 9.989586868148148
4 9.994112
5 10.0
6 10.0
7 10.0
8 10.0
9 10.0
10 10.0
11 10.0
12 9.992287345777777
13 9.989266204444444
14 9.997501333333334
15 10.0
;
param mem := 
1 2.0
2 2.0
3 2.0
4 2.0
5 8.0
6 32.0
7 1.0
8 16.0
9 64.0
10 16.0
11 8.0
12 32.0
28 32.0
29 16.0
30 8.0
31 32.0
38 8.0
39 16.0
40 32.0
13 1.0
14 1.0
15 1.0
16 1.0
17 1.0
18 1.0
19 1.0
20 16.0
21 16.0
37 1.0
22 4.0
23 2.0
24 64.0
32 4.0
33 2.0
34 4.0
35 2.0
36 2.0
25 8.0
26 8.0
27 16.0
41 16.0
;
param disk := 
1 8.0
2 8.0
3 8.0
4 8.0
5 24.0
6 50.0
7 4.0
8 36.0
9 64.0
10 36.0
11 24.0
12 43.2
28 43.2
29 36.0
30 24.0
31 43.2
38 24.0
39 36.0
40 43.2
13 4.0
14 4.0
15 4.0
16 4.0
17 4.0
18 4.0
19 4.0
20 36.0
21 36.0
37 4.0
22 16.0
23 8.0
24 64.0
32 16.0
33 8.0
34 16.0
35 8.0
36 8.0
25 24.0
26 24.0
27 36.0
41 36.0
;
param cpu : 
0 1 2 3 4 5 6 7 8 9 10 11 12 13 14 15 := 
1 2.32614449109599 2.32614449109599 2.3455007299270076 2.3455007299270076 2.3455007299270076 2.3455007299270076 2.3455007299270076 2.3455007299270076 3.1441643835616437 3.1441643835616437 3.1441643835616437 3.1441643835616437 3.5179943069848925 3.5179943069848925 3.5179943069848925 3.5179943069848925 
2 2.32614449109599 2.32614449109599 2.3455007299270076 2.3455007299270076 2.3455007299270076 2.3455007299270076 2.3455007299270076 2.3455007299270076 3.1441643835616437 3.1441643835616437 3.1441643835616437 3.1441643835616437 3.5179943069848925 3.5179943069848925 3.5179943069848925 3.5179943069848925 
3 2.32614449109599 2.32614449109599 2.3455007299270076 2.3455007299270076 2.3455007299270076 2.3455007299270076 2.3455007299270076 2.3455007299270076 3.1441643835616437 3.1441643835616437 3.1441643835616437 3.1441643835616437 3.5179943069848925 3.5179943069848925 3.5179943069848925 3.5179943069848925 
4 2.32614449109599 2.32614449109599 2.3455007299270076 2.3455007299270076 2.3455007299270076 2.3455007299270076 2.3455007299270076 2.3455007299270076 3.1441643835616437 3.1441643835616437 3.1441643835616437 3.1441643835616437 3.5179943069848925 3.5179943069848925 3.5179943069848925 3.5179943069848925 
5 0.07743476550359538 0.07743476550359538 0.07807911318734793 0.07807911318734793 0.07807911318734793 0.07807911318734793 0.07807911318734793 0.07807911318734793 0.10466573881278539 0.10466573881278539 0.10466573881278539 0.10466573881278539 0.11711012159696373 0.11711012159696373 0.11711012159696373 0.11711012159696373 
6 0.011913040846706984 0.011913040846706984 0.012012171259591992 0.012012171259591992 0.012012171259591992 0.012012171259591992 0.012012171259591992 0.012012171259591992 0.016102421355813138 0.016102421355813138 0.016102421355813138 0.016102421355813138 0.01801694178414827 0.01801694178414827 0.01801694178414827 0.01801694178414827 
7 2.7747850007239037 2.7747850007239037 2.797874452554745 2.797874452554745 2.797874452554745 2.797874452554745 2.797874452554745 2.797874452554745 3.7505753424657535 3.7505753424657535 3.7505753424657535 3.7505753424657535 4.19650536457193 4.19650536457193 4.19650536457193 4.19650536457193 
8 0.3129664446155469 0.3129664446155469 0.31557069094300483 0.31557069094300483 0.31557069094300483 0.31557069094300483 0.31557069094300483 0.31557069094300483 0.42302529020735474 0.42302529020735474 0.42302529020735474 0.42302529020735474 0.4733214874008283 0.4733214874008283 0.4733214874008283 0.4733214874008283 
9 1.126679200615969 1.126679200615969 1.136054487394817 1.136054487394817 1.136054487394817 1.136054487394817 1.136054487394817 1.136054487394817 1.522891044746477 1.522891044746477 1.522891044746477 1.522891044746477 1.7039573546429816 1.7039573546429816 1.7039573546429816 1.7039573546429816 
10 1.1775242507600987 1.1775242507600987 1.1873226277372266 1.1873226277372266 1.1873226277372266 1.1873226277372266 1.1873226277372266 1.1873226277372266 1.5916164383561646 1.5916164383561646 1.5916164383561646 1.5916164383561646 1.7808539522662583 1.7808539522662583 1.7808539522662583 1.7808539522662583 
11 0.1328123000927389 0.1328123000927389 0.13391745353876605 0.13391745353876605 0.13391745353876605 0.13391745353876605 0.13391745353876605 0.13391745353876605 0.17951752578092905 0.17951752578092905 0.17951752578092905 0.17951752578092905 0.20086151888341305 0.20086151888341305 0.20086151888341305 0.20086151888341305 
12 0.2789058301947516 0.2789058301947516 0.2812266524314087 0.2812266524314087 0.2812266524314087 0.2812266524314087 0.2812266524314087 0.2812266524314087 0.376986804139951 0.376986804139951 0.376986804139951 0.376986804139951 0.4218091896551674 0.4218091896551674 0.4218091896551674 0.4218091896551674 
28 0.2789058301947516 0.2789058301947516 0.2812266524314087 0.2812266524314087 0.2812266524314087 0.2812266524314087 0.2812266524314087 0.2812266524314087 0.376986804139951 0.376986804139951 0.376986804139951 0.376986804139951 0.4218091896551674 0.4218091896551674 0.4218091896551674 0.4218091896551674 
29 1.1775242507600987 1.1775242507600987 1.1873226277372266 1.1873226277372266 1.1873226277372266 1.1873226277372266 1.1873226277372266 1.1873226277372266 1.5916164383561646 1.5916164383561646 1.5916164383561646 1.5916164383561646 1.7808539522662583 1.7808539522662583 1.7808539522662583 1.7808539522662583 
30 0.1328123000927389 0.1328123000927389 0.13391745353876605 0.13391745353876605 0.13391745353876605 0.13391745353876605 0.13391745353876605 0.13391745353876605 0.17951752578092905 0.17951752578092905 0.17951752578092905 0.17951752578092905 0.20086151888341305 0.20086151888341305 0.20086151888341305 0.20086151888341305 
31 0.2789058301947516 0.2789058301947516 0.2812266524314087 0.2812266524314087 0.2812266524314087 0.2812266524314087 0.2812266524314087 0.2812266524314087 0.376986804139951 0.376986804139951 0.376986804139951 0.376986804139951 0.4218091896551674 0.4218091896551674 0.4218091896551674 0.4218091896551674 
38 0.1328123000927389 0.1328123000927389 0.13391745353876605 0.13391745353876605 0.13391745353876605 0.13391745353876605 0.13391745353876605 0.13391745353876605 0.17951752578092905 0.17951752578092905 0.17951752578092905 0.17951752578092905 0.20086151888341305 0.20086151888341305 0.20086151888341305 0.20086151888341305 
39 1.1775242507600987 1.1775242507600987 1.1873226277372266 1.1873226277372266 1.1873226277372266 1.1873226277372266 1.1873226277372266 1.1873226277372266 1.5916164383561646 1.5916164383561646 1.5916164383561646 1.5916164383561646 1.7808539522662583 1.7808539522662583 1.7808539522662583 1.7808539522662583 
40 0.2789058301947516 0.2789058301947516 0.2812266524314087 0.2812266524314087 0.2812266524314087 0.2812266524314087 0.2812266524314087 0.2812266524314087 0.376986804139951 0.376986804139951 0.376986804139951 0.376986804139951 0.4218091896551674 0.4218091896551674 0.4218091896551674 0.4218091896551674 
13 1.1988880845519039 1.1988880845519039 1.2088642335766424 1.2088642335766424 1.2088642335766424 1.2088642335766424 1.2088642335766424 1.2088642335766424 1.6204931506849316 1.6204931506849316 1.6204931506849316 1.6204931506849316 1.8131640026275457 1.8131640026275457 1.8131640026275457 1.8131640026275457 
14 1.1988880845519039 1.1988880845519039 1.2088642335766424 1.2088642335766424 1.2088642335766424 1.2088642335766424 1.2088642335766424 1.2088642335766424 1.6204931506849316 1.6204931506849316 1.6204931506849316 1.6204931506849316 1.8131640026275457 1.8131640026275457 1.8131640026275457 1.8131640026275457 
15 1.1988880845519039 1.1988880845519039 1.2088642335766424 1.2088642335766424 1.2088642335766424 1.2088642335766424 1.2088642335766424 1.2088642335766424 1.6204931506849316 1.6204931506849316 1.6204931506849316 1.6204931506849316 1.8131640026275457 1.8131640026275457 1.8131640026275457 1.8131640026275457 
16 1.1988880845519039 1.1988880845519039 1.2088642335766424 1.2088642335766424 1.2088642335766424 1.2088642335766424 1.2088642335766424 1.2088642335766424 1.6204931506849316 1.6204931506849316 1.6204931506849316 1.6204931506849316 1.8131640026275457 1.8131640026275457 1.8131640026275457 1.8131640026275457 
17 1.1988880845519039 1.1988880845519039 1.2088642335766424 1.2088642335766424 1.2088642335766424 1.2088642335766424 1.2088642335766424 1.2088642335766424 1.6204931506849316 1.6204931506849316 1.6204931506849316 1.6204931506849316 1.8131640026275457 1.8131640026275457 1.8131640026275457 1.8131640026275457 
18 1.1988880845519039 1.1988880845519039 1.2088642335766424 1.2088642335766424 1.2088642335766424 1.2088642335766424 1.2088642335766424 1.2088642335766424 1.6204931506849316 1.6204931506849316 1.6204931506849316 1.6204931506849316 1.8131640026275457 1.8131640026275457 1.8131640026275457 1.8131640026275457 
19 1.1988880845519039 1.1988880845519039 1.2088642335766424 1.2088642335766424 1.2088642335766424 1.2088642335766424 1.2088642335766424 1.2088642335766424 1.6204931506849316 1.6204931506849316 1.6204931506849316 1.6204931506849316 1.8131640026275457 1.8131640026275457 1.8131640026275457 1.8131640026275457 
20 0.07981930447372232 0.07981930447372232 0.08048349430656936 0.08048349430656936 0.08048349430656936 0.08048349430656936 0.08048349430656936 0.08048349430656936 0.10788883287671235 0.10788883287671235 0.10788883287671235 0.10788883287671235 0.12071643004160282 0.12071643004160282 0.12071643004160282 0.12071643004160282 
21 0.015963860894744462 0.015963860894744462 0.01609669886131387 0.01609669886131387 0.01609669886131387 0.01609669886131387 0.01609669886131387 0.01609669886131387 0.02157776657534247 0.02157776657534247 0.02157776657534247 0.02157776657534247 0.02414328600832056 0.02414328600832056 0.02414328600832056 0.02414328600832056 
37 1.1988880845519039 1.1988880845519039 1.2088642335766424 1.2088642335766424 1.2088642335766424 1.2088642335766424 1.2088642335766424 1.2088642335766424 1.6204931506849316 1.6204931506849316 1.6204931506849316 1.6204931506849316 1.8131640026275457 1.8131640026275457 1.8131640026275457 1.8131640026275457 
22 0.7577877515563921 0.7577877515563921 0.7640934306569344 0.7640934306569344 0.7640934306569344 0.7640934306569344 0.7640934306569344 0.7640934306569344 1.02427397260274 1.02427397260274 1.02427397260274 1.02427397260274 1.146056492226845 1.146056492226845 1.146056492226845 1.146056492226845 
23 0.06410284174700231 0.06410284174700231 0.06463625225497008 0.06463625225497008 0.06463625225497008 0.06463625225497008 0.06463625225497008 0.06463625225497008 0.08664546535157436 0.08664546535157436 0.08664546535157436 0.08664546535157436 0.09694730193705824 0.09694730193705824 0.09694730193705824 0.09694730193705824 
24 0.051282273397601844 0.051282273397601844 0.05170900180397606 0.05170900180397606 0.05170900180397606 0.05170900180397606 0.05170900180397606 0.05170900180397606 0.06931637228125949 0.06931637228125949 0.06931637228125949 0.06931637228125949 0.0775578415496466 0.0775578415496466 0.0775578415496466 0.0775578415496466 
32 0.7577877515563921 0.7577877515563921 0.7640934306569344 0.7640934306569344 0.7640934306569344 0.7640934306569344 0.7640934306569344 0.7640934306569344 1.02427397260274 1.02427397260274 1.02427397260274 1.02427397260274 1.146056492226845 1.146056492226845 1.146056492226845 1.146056492226845 
33 0.06410284174700231 0.06410284174700231 0.06463625225497008 0.06463625225497008 0.06463625225497008 0.06463625225497008 0.06463625225497008 0.06463625225497008 0.08664546535157436 0.08664546535157436 0.08664546535157436 0.08664546535157436 0.09694730193705824 0.09694730193705824 0.09694730193705824 0.09694730193705824 
34 0.7577877515563921 0.7577877515563921 0.7640934306569344 0.7640934306569344 0.7640934306569344 0.7640934306569344 0.7640934306569344 0.7640934306569344 1.02427397260274 1.02427397260274 1.02427397260274 1.02427397260274 1.146056492226845 1.146056492226845 1.146056492226845 1.146056492226845 
35 0.06410284174700231 0.06410284174700231 0.06463625225497008 0.06463625225497008 0.06463625225497008 0.06463625225497008 0.06463625225497008 0.06463625225497008 0.08664546535157436 0.08664546535157436 0.08664546535157436 0.08664546535157436 0.09694730193705824 0.09694730193705824 0.09694730193705824 0.09694730193705824 
36 0.06410284174700231 0.06410284174700231 0.06463625225497008 0.06463625225497008 0.06463625225497008 0.06463625225497008 0.06463625225497008 0.06463625225497008 0.08664546535157436 0.08664546535157436 0.08664546535157436 0.08664546535157436 0.09694730193705824 0.09694730193705824 0.09694730193705824 0.09694730193705824 
25 2.480718112060229 2.480718112060229 2.501360583941606 2.501360583941606 2.501360583941606 2.501360583941606 2.501360583941606 2.501360583941606 3.353095890410959 3.353095890410959 3.353095890410959 3.353095890410959 3.751767024304796 3.751767024304796 3.751767024304796 3.751767024304796 
26 0.2797988051046602 0.2797988051046602 0.2821270579354581 0.2821270579354581 0.2821270579354581 0.2821270579354581 0.2821270579354581 0.2821270579354581 0.3781938056473362 0.3781938056473362 0.3781938056473362 0.3781938056473362 0.4231596993338927 0.4231596993338927 0.4231596993338927 0.4231596993338927 
27 0.41969820765699034 0.41969820765699034 0.4231905869031872 0.4231905869031872 0.4231905869031872 0.4231905869031872 0.4231905869031872 0.4231905869031872 0.5672907084710044 0.5672907084710044 0.5672907084710044 0.5672907084710044 0.6347395490008392 0.6347395490008392 0.6347395490008392 0.6347395490008392 
41 0.41969820765699034 0.41969820765699034 0.4231905869031872 0.4231905869031872 0.4231905869031872 0.4231905869031872 0.4231905869031872 0.4231905869031872 0.5672907084710044 0.5672907084710044 0.5672907084710044 0.5672907084710044 0.6347395490008392 0.6347395490008392 0.6347395490008392 0.6347395490008392 
;
set c_0 := 0;
param d := 
[0,*,*] : 
0 1 2 3 4 5 6 := 
0 0 0.004936 0.004936 0.004936 0.004936 0 0 
1 1.0954263703703702 0 0 0 0 3.912237037037037E-5 0 
2 1.0954263703703702 0 0 0 0 3.912237037037037E-5 0 
3 1.0954263703703702 0 0 0 0 3.912237037037037E-5 0 
4 1.0954263703703702 0 0 0 0 3.912237037037037E-5 0 
5 0 0.005477131851851851 0.005477131851851851 0.005477131851851851 0.005477131851851851 0 1.2037652421652422E-5 
6 0 0 0 0 0 0.001685271339031339 0 
[1,*,*] : 
0 7 8 9 := 
0 0 0.005888 0 0 
7 0.24642086049543677 0 6.324802086049543E-4 0 
8 0 0.01897440625814863 0 0.0011384643754889178 
9 0 0 0.034153931264667536 0 
[2,*,*] : 
0 10 11 12 28 29 30 31 38 39 40 := 
0 0 0.002498666666666667 0 0 0 0.002498666666666667 0 0 0 0.002498666666666667 0 
10 0.10457262059973922 0 8.946768651311024E-5 0 0 0 8.946768651311024E-5 0 8.946768651311024E-5 0 0 
11 0 0.0026840305953933063 0 9.394107083876574E-5 9.394107083876574E-5 0.0026840305953933063 0 9.394107083876574E-5 0 0.0026840305953933063 9.394107083876574E-5 
12 0 0 0.002818232125162972 0 0 0 0.002818232125162972 0 0.002818232125162972 0 0 
28 0 0 0.002818232125162972 0 0 0 0.002818232125162972 0 0.002818232125162972 0 0 
29 0.10457262059973922 0 8.946768651311024E-5 0 0 0 8.946768651311024E-5 0 8.946768651311024E-5 0 0 
30 0 0.0026840305953933063 0 9.394107083876574E-5 9.394107083876574E-5 0.0026840305953933063 0 9.394107083876574E-5 0 0.0026840305953933063 9.394107083876574E-5 
31 0 0 0.002818232125162972 0 0 0 0.002818232125162972 0 0.002818232125162972 0 0 
38 0 0.0026840305953933063 0 9.394107083876574E-5 9.394107083876574E-5 0.0026840305953933063 0 9.394107083876574E-5 0 0.0026840305953933063 9.394107083876574E-5 
39 0.10457262059973922 0 8.946768651311024E-5 0 0 0 8.946768651311024E-5 0 8.946768651311024E-5 0 0 
40 0 0 0.002818232125162972 0 0 0 0.002818232125162972 0 0.002818232125162972 0 0 
[3,*,*] : 
0 13 14 15 16 17 18 19 20 21 37 := 
0 0 0.002544 0.002544 0.002544 0.002544 0.002544 0.002544 0.002544 0 0 0.002544 
13 0.5645795555555556 0 0 0 0 0 0 0 2.016355555555556E-5 0 0 
14 0.5645795555555556 0 0 0 0 0 0 0 2.016355555555556E-5 0 0 
15 0.5645795555555556 0 0 0 0 0 0 0 2.016355555555556E-5 0 0 
16 0.5645795555555556 0 0 0 0 0 0 0 2.016355555555556E-5 0 0 
17 0.5645795555555556 0 0 0 0 0 0 0 2.016355555555556E-5 0 0 
18 0.5645795555555556 0 0 0 0 0 0 0 2.016355555555556E-5 0 0 
19 0.5645795555555556 0 0 0 0 0 0 0 2.016355555555556E-5 0 0 
20 0 0.002822897777777778 0.002822897777777778 0.002822897777777778 0.002822897777777778 0.002822897777777778 0.002822897777777778 0.002822897777777778 0 1.6130844444444447E-5 0.002822897777777778 
21 0 0 0 0 0 0 0 0 0.0022583182222222224 0 0 
37 0.5645795555555556 0 0 0 0 0 0 0 2.016355555555556E-5 0 0 
[4,*,*] : 
0 22 23 24 32 33 34 35 36 := 
0 0 0.001608 0 0 0.001608 0 0.001608 0 0 
22 0.06729700130378095 0 4.318224250325945E-5 0 0 4.318224250325945E-5 0 4.318224250325945E-5 4.318224250325945E-5 
23 0 0.0012954672750977835 0 1.2954672750977835E-5 0.0012954672750977835 0 0.0012954672750977835 0 0 
24 0 0 3.8864018252933506E-4 0 0 3.8864018252933506E-4 0 3.8864018252933506E-4 3.8864018252933506E-4 
32 0.06729700130378095 0 4.318224250325945E-5 0 0 4.318224250325945E-5 0 4.318224250325945E-5 4.318224250325945E-5 
33 0 0.0012954672750977835 0 1.2954672750977835E-5 0.0012954672750977835 0 0.0012954672750977835 0 0 
34 0.06729700130378095 0 4.318224250325945E-5 0 0 4.318224250325945E-5 0 4.318224250325945E-5 4.318224250325945E-5 
35 0 0.0012954672750977835 0 1.2954672750977835E-5 0.0012954672750977835 0 0.0012954672750977835 0 0 
36 0 0.0012954672750977835 0 1.2954672750977835E-5 0.0012954672750977835 0 0.0012954672750977835 0 0 
[5,*,*] : 
0 25 26 27 41 := 
0 0 0.005264 0 0 0 
25 0.22030560625814863 0 5.654510560625816E-4 0 0 
26 0 0.016963531681877444 0 4.240882920469362E-4 4.240882920469362E-4 
27 0 0 0.012722648761408082 0 0 
41 0 0 0.012722648761408082 0 0 
;
param x_bar : 0 1 2 3 4 5 6 7 8 9 10 11 12 13 14 15  := 
0 0 0 0 0 0 0 0 0 0 0 0 0 0 0 0 0 
1 0 0 1 0 0 0 0 0 0 0 0 0 0 0 0 0 
2 0 0 1 0 0 0 0 0 0 0 0 0 0 0 0 0 
3 0 0 1 0 0 0 0 0 0 0 0 0 0 0 0 0 
4 0 0 0 1 0 0 0 0 0 0 0 0 0 0 0 0 
5 0 0 1 0 0 0 0 0 0 0 0 0 0 0 0 0 
6 0 0 1 0 0 0 0 0 0 0 0 0 0 0 0 0 
7 0 0 0 0 1 0 0 0 0 0 0 0 0 0 0 0 
8 0 0 0 0 1 0 0 0 0 0 0 0 0 0 0 0 
9 0 0 0 0 1 0 0 0 0 0 0 0 0 0 0 0 
10 0 0 0 0 0 0 0 0 0 0 0 0 0 0 1 0 
11 0 0 0 0 0 0 0 0 0 0 0 0 0 0 1 0 
12 0 0 0 0 0 0 0 0 0 0 0 0 0 0 1 0 
13 0 0 0 0 0 0 0 0 0 0 0 0 1 0 0 0 
14 0 0 0 0 0 0 0 0 0 0 0 0 1 0 0 0 
15 0 0 0 0 0 0 0 0 0 0 0 0 1 0 0 0 
16 0 0 0 0 0 0 0 0 0 0 0 0 0 1 0 0 
17 0 0 0 0 0 0 0 0 0 0 0 0 0 1 0 0 
18 1 0 0 0 0 0 0 0 0 0 0 0 0 0 0 0 
19 1 0 0 0 0 0 0 0 0 0 0 0 0 0 0 0 
20 0 0 0 0 0 0 0 0 0 0 0 0 1 0 0 0 
21 0 0 0 0 0 0 0 0 0 0 0 0 1 0 0 0 
;
