data;
set C_bar :=  1 2 3 4 5 6 7 8 9 10 11 12 13 14 15 16 17 18 19 20 ;
set C :=  21 22 23 24 25 26 27 28 29 30 31 32 33 34 35 40 36 37 38 39 ;
set R := 0 1 2 3 4 5 ;
set C_bar_r[0] :=  
1 2 3 ;
set C_bar_r[1] :=  
4 5 6 7 8 9 ;
set C_bar_r[2] :=  
10 11 12 ;
set C_bar_r[3] :=  
13 14 15 16 17 18 19 20 ;
set C_r[0] :=  
36 37 38 39 ;
set C_r[1] :=  
;
set C_r[2] :=  
;
set C_r[3] :=  
;
set C_r[4] :=  
21 22 23 24 25 26 27 28 29 30 31 32 ;
set C_r[5] :=  
33 34 35 40 ;
set S :=  0 1 2 3 4 5 6 7 8 9 10 11 12 13 14 15 ;
set S_u :=  0 1 2 3 4 5 6 7 8 9 10 11 12 13 14 15 ;
set S_r[0] := 
2 ;
set S_r[1] := 
2 3 ;
set S_r[2] := 
12 ;
set S_r[3] := 
6 10 11 ;
set Rack :=  0 1 2 3 4 5 6 7 ;
param COST : 0 1 2 3 4 5 6 7 8 9 10 11 12 13 14 15 :=
0 0 1 3 3 5 5 5 5 5 5 5 5 5 5 5 5 
1 1 0 3 3 5 5 5 5 5 5 5 5 5 5 5 5 
2 3 3 0 1 5 5 5 5 5 5 5 5 5 5 5 5 
3 3 3 1 0 5 5 5 5 5 5 5 5 5 5 5 5 
4 5 5 5 5 0 1 3 3 5 5 5 5 5 5 5 5 
5 5 5 5 5 1 0 3 3 5 5 5 5 5 5 5 5 
6 5 5 5 5 3 3 0 1 5 5 5 5 5 5 5 5 
7 5 5 5 5 3 3 1 0 5 5 5 5 5 5 5 5 
8 5 5 5 5 5 5 5 5 0 1 3 3 5 5 5 5 
9 5 5 5 5 5 5 5 5 1 0 3 3 5 5 5 5 
10 5 5 5 5 5 5 5 5 3 3 0 1 5 5 5 5 
11 5 5 5 5 5 5 5 5 3 3 1 0 5 5 5 5 
12 5 5 5 5 5 5 5 5 5 5 5 5 0 1 3 3 
13 5 5 5 5 5 5 5 5 5 5 5 5 1 0 3 3 
14 5 5 5 5 5 5 5 5 5 5 5 5 3 3 0 1 
15 5 5 5 5 5 5 5 5 5 5 5 5 3 3 1 0 
;
set S_rack[0] :=  
0 1 ;
set S_rack[1] :=  
2 3 ;
set S_rack[2] :=  
4 5 ;
set S_rack[3] :=  
6 7 ;
set S_rack[4] :=  
8 9 ;
set S_rack[5] :=  
10 11 ;
set S_rack[6] :=  
12 13 ;
set S_rack[7] :=  
14 15 ;
param CPU := 
0 56.0
1 56.0
2 44.12861825140539
3 53.432113868613136
4 28.0
5 28.0
6 54.55207536231884
7 56.0
8 44.0
9 44.0
10 21.30617877258594
11 23.624839062842128
12 46.240580747264055
13 56.0
14 56.0
15 56.0
;
param MEM := 
0 192.0
1 192.0
2 26.0
3 188.0
4 192.0
5 192.0
6 191.0
7 192.0
8 128.0
9 128.0
10 172.0
11 190.0
12 111.0
13 192.0
14 192.0
15 192.0
;
param DISK := 
0 384.0
1 384.0
2 140.0
3 368.0
4 384.0
5 384.0
6 380.0
7 384.0
8 256.0
9 256.0
10 332.0
11 376.0
12 280.0
13 384.0
14 384.0
15 384.0
;
param BDW_out := 
0 10.0
1 10.0
2 6.220364700696315
3 8.800669464592593
4 10.0
5 10.0
6 9.318811030716049
7 10.0
8 10.0
9 10.0
10 7.946288604444444
11 8.637622061432099
12 9.500796870925685
13 10.0
14 10.0
15 10.0
;
param BDW_in := 
0 10.0
1 10.0
2 9.979545168296296
3 9.98859956148148
4 10.0
5 10.0
6 9.99352484345679
7 10.0
8 10.0
9 10.0
10 9.990719018074074
11 9.987049686913581
12 9.988072
13 10.0
14 10.0
15 10.0
;
param mem := 
1 2.0
2 8.0
3 64.0
36 64.0
37 64.0
38 2.0
39 64.0
4 4.0
5 4.0
6 4.0
7 4.0
8 16.0
9 64.0
10 16.0
11 1.0
12 64.0
13 1.0
14 1.0
15 1.0
16 1.0
17 1.0
18 1.0
19 1.0
20 16.0
21 8.0
22 8.0
23 8.0
24 8.0
25 8.0
26 8.0
27 8.0
28 8.0
29 8.0
30 8.0
31 8.0
32 32.0
33 4.0
34 16.0
35 32.0
40 16.0
;
param disk := 
1 8.0
2 24.0
3 64.0
36 64.0
37 64.0
38 8.0
39 64.0
4 16.0
5 16.0
6 16.0
7 16.0
8 36.0
9 64.0
10 36.0
11 4.0
12 64.0
13 4.0
14 4.0
15 4.0
16 4.0
17 4.0
18 4.0
19 4.0
20 36.0
21 24.0
22 24.0
23 24.0
24 24.0
25 24.0
26 24.0
27 24.0
28 24.0
29 24.0
30 24.0
31 24.0
32 50.0
33 16.0
34 36.0
35 50.0
40 36.0
;
param cpu : 
0 1 2 3 4 5 6 7 8 9 10 11 12 13 14 15 := 
1 2.000878155872668 2.000878155872668 1.9957664233576642 1.9957664233576642 2.993431136413401 2.993431136413401 1.981304347826087 1.981304347826087 2.675342465753425 2.675342465753425 2.993431136413401 2.993431136413401 1.9957664233576642 1.9957664233576642 1.9957664233576642 1.9957664233576642 
2 0.45135585091386315 0.45135585091386315 0.45020275202466714 0.45020275202466714 0.6752548393625947 0.6752548393625947 0.4469404132418798 0.4469404132418798 0.6035007536925577 0.6035007536925577 0.6752548393625947 0.6752548393625947 0.45020275202466714 0.45020275202466714 0.45020275202466714 0.45020275202466714 
3 1.6248810632899076 1.6248810632899076 1.620729907288802 1.620729907288802 2.4309174217053413 2.4309174217053413 1.6089854876707672 1.6089854876707672 2.1726027132932084 2.1726027132932084 2.4309174217053413 2.4309174217053413 1.620729907288802 1.620729907288802 1.620729907288802 1.620729907288802 
36 1.6248810632899076 1.6248810632899076 1.620729907288802 1.620729907288802 2.4309174217053413 2.4309174217053413 1.6089854876707672 1.6089854876707672 2.1726027132932084 2.1726027132932084 2.4309174217053413 2.4309174217053413 1.620729907288802 1.620729907288802 1.620729907288802 1.620729907288802 
37 1.6248810632899076 1.6248810632899076 1.620729907288802 1.620729907288802 2.4309174217053413 2.4309174217053413 1.6089854876707672 1.6089854876707672 2.1726027132932084 2.1726027132932084 2.4309174217053413 2.4309174217053413 1.620729907288802 1.620729907288802 1.620729907288802 1.620729907288802 
38 2.000878155872668 2.000878155872668 1.9957664233576642 1.9957664233576642 2.993431136413401 2.993431136413401 1.981304347826087 1.981304347826087 2.675342465753425 2.675342465753425 2.993431136413401 2.993431136413401 1.9957664233576642 1.9957664233576642 1.9957664233576642 1.9957664233576642 
39 1.6248810632899076 1.6248810632899076 1.620729907288802 1.620729907288802 2.4309174217053413 2.4309174217053413 1.6089854876707672 1.6089854876707672 2.1726027132932084 2.1726027132932084 2.4309174217053413 2.4309174217053413 1.620729907288802 1.620729907288802 1.620729907288802 1.620729907288802 
4 2.5744632272228323 2.5744632272228323 2.5678861313868615 2.5678861313868615 3.8515480621852425 3.8515480621852425 2.549278260869565 2.549278260869565 3.44227397260274 3.44227397260274 3.8515480621852425 3.8515480621852425 2.5678861313868615 2.5678861313868615 2.5678861313868615 2.5678861313868615 
5 2.5744632272228323 2.5744632272228323 2.5678861313868615 2.5678861313868615 3.8515480621852425 3.8515480621852425 2.549278260869565 2.549278260869565 3.44227397260274 3.44227397260274 3.8515480621852425 3.8515480621852425 2.5678861313868615 2.5678861313868615 2.5678861313868615 2.5678861313868615 
6 2.5744632272228323 2.5744632272228323 2.5678861313868615 2.5678861313868615 3.8515480621852425 3.8515480621852425 2.549278260869565 2.549278260869565 3.44227397260274 3.44227397260274 3.8515480621852425 3.8515480621852425 2.5678861313868615 2.5678861313868615 2.5678861313868615 2.5678861313868615 
7 2.5744632272228323 2.5744632272228323 2.5678861313868615 2.5678861313868615 3.8515480621852425 3.8515480621852425 2.549278260869565 2.549278260869565 3.44227397260274 3.44227397260274 3.8515480621852425 3.8515480621852425 2.5678861313868615 2.5678861313868615 2.5678861313868615 2.5678861313868615 
8 0.08570102031955118 0.08570102031955118 0.08548207610705597 0.08548207610705597 0.12821375549229985 0.12821375549229985 0.08486264077294688 0.08486264077294688 0.11458947579908678 0.11458947579908678 0.12821375549229985 0.12821375549229985 0.08548207610705597 0.08548207610705597 0.08548207610705597 0.08548207610705597 
9 0.015582003694463852 0.015582003694463852 0.015542195655828362 0.015542195655828362 0.023311591907690884 0.023311591907690884 0.015429571049626707 0.015429571049626707 0.020834450145288508 0.020834450145288508 0.023311591907690884 0.023311591907690884 0.015542195655828362 0.015542195655828362 0.015542195655828362 0.015542195655828362 
10 5.682493962678375 5.682493962678375 5.667976642335766 5.667976642335766 8.501344427414057 8.501344427414057 5.626904347826087 5.626904347826087 7.597972602739726 7.597972602739726 8.501344427414057 8.501344427414057 5.667976642335766 5.667976642335766 5.667976642335766 5.667976642335766 
11 0.6409253082976856 0.6409253082976856 0.6392879078750273 0.6392879078750273 0.9588618718948843 0.9588618718948843 0.6346553868034691 0.6346553868034691 0.8569710702434319 0.8569710702434319 0.9588618718948843 0.9588618718948843 0.6392879078750273 0.6392879078750273 0.6392879078750273 0.6392879078750273 
12 3.4609966648075026 3.4609966648075026 3.4521547025251476 3.4521547025251476 5.177854108232376 5.177854108232376 3.4271390887387336 3.4271390887387336 4.627643779314533 4.627643779314533 5.177854108232376 5.177854108232376 3.4521547025251476 3.4521547025251476 3.4521547025251476 3.4521547025251476 
13 1.462229052323454 1.462229052323454 1.4584934306569344 1.4584934306569344 2.1875804685789357 2.1875804685789357 1.4479246376811592 1.4479246376811592 1.9551232876712328 1.9551232876712328 2.1875804685789357 2.1875804685789357 1.4584934306569344 1.4584934306569344 1.4584934306569344 1.4584934306569344 
14 1.462229052323454 1.462229052323454 1.4584934306569344 1.4584934306569344 2.1875804685789357 2.1875804685789357 1.4479246376811592 1.4479246376811592 1.9551232876712328 1.9551232876712328 2.1875804685789357 2.1875804685789357 1.4584934306569344 1.4584934306569344 1.4584934306569344 1.4584934306569344 
15 1.462229052323454 1.462229052323454 1.4584934306569344 1.4584934306569344 2.1875804685789357 2.1875804685789357 1.4479246376811592 1.4479246376811592 1.9551232876712328 1.9551232876712328 2.1875804685789357 2.1875804685789357 1.4584934306569344 1.4584934306569344 1.4584934306569344 1.4584934306569344 
16 1.462229052323454 1.462229052323454 1.4584934306569344 1.4584934306569344 2.1875804685789357 2.1875804685789357 1.4479246376811592 1.4479246376811592 1.9551232876712328 1.9551232876712328 2.1875804685789357 2.1875804685789357 1.4584934306569344 1.4584934306569344 1.4584934306569344 1.4584934306569344 
17 1.462229052323454 1.462229052323454 1.4584934306569344 1.4584934306569344 2.1875804685789357 2.1875804685789357 1.4479246376811592 1.4479246376811592 1.9551232876712328 1.9551232876712328 2.1875804685789357 2.1875804685789357 1.4584934306569344 1.4584934306569344 1.4584934306569344 1.4584934306569344 
18 1.462229052323454 1.462229052323454 1.4584934306569344 1.4584934306569344 2.1875804685789357 2.1875804685789357 1.4479246376811592 1.4479246376811592 1.9551232876712328 1.9551232876712328 2.1875804685789357 2.1875804685789357 1.4584934306569344 1.4584934306569344 1.4584934306569344 1.4584934306569344 
19 0.07301397067935114 0.07301397067935114 0.07282743863746959 0.07282743863746959 0.10923318473104152 0.10923318473104152 0.07229970357487923 0.07229970357487923 0.09762582283105023 0.09762582283105023 0.10923318473104152 0.10923318473104152 0.07282743863746959 0.07282743863746959 0.07282743863746959 0.07282743863746959 
20 0.01460279413587023 0.01460279413587023 0.014565487727493918 0.014565487727493918 0.02184663694620831 0.02184663694620831 0.014459940714975849 0.014459940714975849 0.019525164566210045 0.019525164566210045 0.02184663694620831 0.02184663694620831 0.014565487727493918 0.014565487727493918 0.014565487727493918 0.014565487727493918 
21 0.876956311745335 0.876956311745335 0.8747159124087592 0.8747159124087592 1.3119781037880451 1.3119781037880451 0.868377391304348 0.868377391304348 1.172564383561644 1.172564383561644 1.3119781037880451 1.3119781037880451 0.8747159124087592 0.8747159124087592 0.8747159124087592 0.8747159124087592 
22 0.876956311745335 0.876956311745335 0.8747159124087592 0.8747159124087592 1.3119781037880451 1.3119781037880451 0.868377391304348 0.868377391304348 1.172564383561644 1.172564383561644 1.3119781037880451 1.3119781037880451 0.8747159124087592 0.8747159124087592 0.8747159124087592 0.8747159124087592 
23 0.876956311745335 0.876956311745335 0.8747159124087592 0.8747159124087592 1.3119781037880451 1.3119781037880451 0.868377391304348 0.868377391304348 1.172564383561644 1.172564383561644 1.3119781037880451 1.3119781037880451 0.8747159124087592 0.8747159124087592 0.8747159124087592 0.8747159124087592 
24 0.876956311745335 0.876956311745335 0.8747159124087592 0.8747159124087592 1.3119781037880451 1.3119781037880451 0.868377391304348 0.868377391304348 1.172564383561644 1.172564383561644 1.3119781037880451 1.3119781037880451 0.8747159124087592 0.8747159124087592 0.8747159124087592 0.8747159124087592 
25 0.876956311745335 0.876956311745335 0.8747159124087592 0.8747159124087592 1.3119781037880451 1.3119781037880451 0.868377391304348 0.868377391304348 1.172564383561644 1.172564383561644 1.3119781037880451 1.3119781037880451 0.8747159124087592 0.8747159124087592 0.8747159124087592 0.8747159124087592 
26 0.876956311745335 0.876956311745335 0.8747159124087592 0.8747159124087592 1.3119781037880451 1.3119781037880451 0.868377391304348 0.868377391304348 1.172564383561644 1.172564383561644 1.3119781037880451 1.3119781037880451 0.8747159124087592 0.8747159124087592 0.8747159124087592 0.8747159124087592 
27 0.876956311745335 0.876956311745335 0.8747159124087592 0.8747159124087592 1.3119781037880451 1.3119781037880451 0.868377391304348 0.868377391304348 1.172564383561644 1.172564383561644 1.3119781037880451 1.3119781037880451 0.8747159124087592 0.8747159124087592 0.8747159124087592 0.8747159124087592 
28 0.876956311745335 0.876956311745335 0.8747159124087592 0.8747159124087592 1.3119781037880451 1.3119781037880451 0.868377391304348 0.868377391304348 1.172564383561644 1.172564383561644 1.3119781037880451 1.3119781037880451 0.8747159124087592 0.8747159124087592 0.8747159124087592 0.8747159124087592 
29 0.876956311745335 0.876956311745335 0.8747159124087592 0.8747159124087592 1.3119781037880451 1.3119781037880451 0.868377391304348 0.868377391304348 1.172564383561644 1.172564383561644 1.3119781037880451 1.3119781037880451 0.8747159124087592 0.8747159124087592 0.8747159124087592 0.8747159124087592 
30 0.876956311745335 0.876956311745335 0.8747159124087592 0.8747159124087592 1.3119781037880451 1.3119781037880451 0.868377391304348 0.868377391304348 1.172564383561644 1.172564383561644 1.3119781037880451 1.3119781037880451 0.8747159124087592 0.8747159124087592 0.8747159124087592 0.8747159124087592 
31 0.07298225305525066 0.07298225305525066 0.07279580204379563 0.07279580204379563 0.1091857333041384 0.1091857333041384 0.07226829623188408 0.07226829623188408 0.09758341369863016 0.09758341369863016 0.1091857333041384 0.1091857333041384 0.07279580204379563 0.07279580204379563 0.07279580204379563 0.07279580204379563 
32 0.07298225305525063 0.07298225305525063 0.07279580204379563 0.07279580204379563 0.10918573330413839 0.10918573330413839 0.07226829623188406 0.07226829623188406 0.09758341369863015 0.09758341369863015 0.10918573330413839 0.10918573330413839 0.07279580204379563 0.07279580204379563 0.07279580204379563 0.07279580204379563 
33 14.920834248079036 14.920834248079036 14.882715328467153 14.882715328467153 22.32244361725422 22.32244361725422 14.774869565217394 14.774869565217394 19.95041095890411 19.95041095890411 22.32244361725422 22.32244361725422 14.882715328467153 14.882715328467153 14.882715328467153 14.882715328467153 
34 0.8414562649179878 0.8414562649179878 0.8393065591317009 0.8393065591317009 1.25886795052598 1.25886795052598 0.8332246275437901 0.8332246275437901 1.1250978336696968 1.1250978336696968 1.25886795052598 1.25886795052598 0.8393065591317009 0.8393065591317009 0.8393065591317009 0.8393065591317009 
35 15.819377780458172 15.819377780458172 15.778963311675978 15.778963311675978 23.66671746988843 23.66671746988843 15.664622997823257 15.664622997823257 21.151839272990305 21.151839272990305 23.66671746988843 23.66671746988843 15.778963311675978 15.778963311675978 15.778963311675978 15.778963311675978 
40 0.8414562649179878 0.8414562649179878 0.8393065591317009 0.8393065591317009 1.25886795052598 1.25886795052598 0.8332246275437901 0.8332246275437901 1.1250978336696968 1.1250978336696968 1.25886795052598 1.25886795052598 0.8393065591317009 0.8393065591317009 0.8393065591317009 0.8393065591317009 
;
set c_0 := 0;
param d := 
[0,*,*] : 
0 1 2 3 36 37 38 39 := 
0 0 0.0042 0 0 0 0 0.0042 0 
1 0.17577574967405474 0 4.5115775749674056E-4 0 0 0 0 0 
2 0 0.013534732724902214 0 0.001624167926988266 0.001624167926988266 0.001624167926988266 0.013534732724902214 0.001624167926988266 
3 0 0 0.04872503780964797 0 0 0 0 0 
36 0 0 0.04872503780964797 0 0 0 0 0 
37 0 0 0.04872503780964797 0 0 0 0 0 
38 0.17577574967405474 0 4.5115775749674056E-4 0 0 0 0 0 
39 0 0 0.04872503780964797 0 0 0 0 0 
[1,*,*] : 
0 4 5 6 7 8 9 := 
0 0 0.005404 0.005404 0.005404 0.005404 0 0 
4 1.1992877037037037 0 0 0 0 4.283170370370371E-5 0 
5 1.1992877037037037 0 0 0 0 4.283170370370371E-5 0 
6 1.1992877037037037 0 0 0 0 4.283170370370371E-5 0 
7 1.1992877037037037 0 0 0 0 4.283170370370371E-5 0 
8 0 0.005996438518518519 0.005996438518518519 0.005996438518518519 0.005996438518518519 0 1.5575164983164987E-5 
9 0 0 0 0 0 0.002180523097643098 0 
[2,*,*] : 
0 10 11 12 := 
0 0 0.011928 0 0 
10 0.4992031290743155 0 0.001281288031290743 0 
11 0 0.03843864093872229 0 0.0034594776844850063 
12 0 0 0.10378433053455019 0 
[3,*,*] : 
0 13 14 15 16 17 18 19 20 := 
0 0 0.003069333333333333 0.003069333333333333 0.003069333333333333 0.003069333333333333 0.003069333333333333 0.003069333333333333 0 0 
13 0.6811646419753087 0 0 0 0 0 0 2.432730864197531E-5 0 
14 0.6811646419753087 0 0 0 0 0 0 2.432730864197531E-5 0 
15 0.6811646419753087 0 0 0 0 0 0 2.432730864197531E-5 0 
16 0.6811646419753087 0 0 0 0 0 0 2.432730864197531E-5 0 
17 0.6811646419753087 0 0 0 0 0 0 2.432730864197531E-5 0 
18 0.6811646419753087 0 0 0 0 0 0 2.432730864197531E-5 0 
19 0 0.0034058232098765433 0.0034058232098765433 0.0034058232098765433 0.0034058232098765433 0.0034058232098765433 0.0034058232098765433 0 1.4596385185185186E-5 
20 0 0 0 0 0 0 0 0.002043493925925926 0 
[4,*,*] : 
0 21 22 23 24 25 26 27 28 29 30 31 32 := 
0 0 0.0018408 0.0018408 0.0018408 0.0018408 0.0018408 0.0018408 0.0018408 0.0018408 0.0018408 0.0018408 0 0 
21 0.40852124444444443 0 0 0 0 0 0 0 0 0 0 1.4590044444444447E-5 0 
22 0.40852124444444443 0 0 0 0 0 0 0 0 0 0 1.4590044444444447E-5 0 
23 0.40852124444444443 0 0 0 0 0 0 0 0 0 0 1.4590044444444447E-5 0 
24 0.40852124444444443 0 0 0 0 0 0 0 0 0 0 1.4590044444444447E-5 0 
25 0.40852124444444443 0 0 0 0 0 0 0 0 0 0 1.4590044444444447E-5 0 
26 0.40852124444444443 0 0 0 0 0 0 0 0 0 0 1.4590044444444447E-5 0 
27 0.40852124444444443 0 0 0 0 0 0 0 0 0 0 1.4590044444444447E-5 0 
28 0.40852124444444443 0 0 0 0 0 0 0 0 0 0 1.4590044444444447E-5 0 
29 0.40852124444444443 0 0 0 0 0 0 0 0 0 0 1.4590044444444447E-5 0 
30 0.40852124444444443 0 0 0 0 0 0 0 0 0 0 1.4590044444444447E-5 0 
31 0 0.002042606222222222 0.002042606222222222 0.002042606222222222 0.002042606222222222 0.002042606222222222 0.002042606222222222 0.002042606222222222 0.002042606222222222 0.002042606222222222 0.002042606222222222 0 7.295022222222223E-5 
32 0 0 0 0 0 0 0 0 0 0 0 0.01021303111111111 0 
[5,*,*] : 
0 33 34 35 40 := 
0 0 0.03132 0 0 0 
33 1.3107848761408085 0 0.001682173924380704 0 0.001682173924380704 
34 0 0.050465217731421125 0 0.00790621744458931 0 
35 0 0 0.23718652333767928 0 0.23718652333767928 
40 0 0.050465217731421125 0 0.00790621744458931 0 
;
param x_bar : 0 1 2 3 4 5 6 7 8 9 10 11 12 13 14 15  := 
0 0 0 0 0 0 0 0 0 0 0 0 0 0 0 0 0 
1 0 0 1 0 0 0 0 0 0 0 0 0 0 0 0 0 
2 0 0 1 0 0 0 0 0 0 0 0 0 0 0 0 0 
3 0 0 1 0 0 0 0 0 0 0 0 0 0 0 0 0 
4 0 0 1 0 0 0 0 0 0 0 0 0 0 0 0 0 
5 0 0 1 0 0 0 0 0 0 0 0 0 0 0 0 0 
6 0 0 1 0 0 0 0 0 0 0 0 0 0 0 0 0 
7 0 0 0 1 0 0 0 0 0 0 0 0 0 0 0 0 
8 0 0 1 0 0 0 0 0 0 0 0 0 0 0 0 0 
9 0 0 1 0 0 0 0 0 0 0 0 0 0 0 0 0 
10 0 0 0 0 0 0 0 0 0 0 0 0 1 0 0 0 
11 0 0 0 0 0 0 0 0 0 0 0 0 1 0 0 0 
12 0 0 0 0 0 0 0 0 0 0 0 0 1 0 0 0 
13 0 0 0 0 0 0 0 0 0 0 1 0 0 0 0 0 
14 0 0 0 0 0 0 0 0 0 0 1 0 0 0 0 0 
15 0 0 0 0 0 0 0 0 0 0 1 0 0 0 0 0 
16 0 0 0 0 0 0 0 0 0 0 0 1 0 0 0 0 
17 0 0 0 0 0 0 0 0 0 0 0 1 0 0 0 0 
18 0 0 0 0 0 0 1 0 0 0 0 0 0 0 0 0 
19 0 0 0 0 0 0 0 0 0 0 1 0 0 0 0 0 
20 0 0 0 0 0 0 0 0 0 0 1 0 0 0 0 0 
;
