data;
set C_bar :=  1 2 3 4 5 6 7 8 9 10 11 12 13 14 15 16 17 18 19 20 21 22 23 ;
set C :=  24 25 26 27 28 29 30 31 32 33 34 35 36 37 40 41 42 43 38 39 ;
set R := 0 1 2 3 4 5 ;
set C_bar_r[0] :=  
1 2 3 4 ;
set C_bar_r[1] :=  
5 6 7 8 ;
set C_bar_r[2] :=  
9 10 11 12 13 14 15 16 17 18 19 20 ;
set C_bar_r[3] :=  
21 22 23 ;
set C_r[0] :=  
;
set C_r[1] :=  
40 41 42 43 ;
set C_r[2] :=  
;
set C_r[3] :=  
38 39 ;
set C_r[4] :=  
24 25 26 27 28 29 30 31 32 33 34 ;
set C_r[5] :=  
35 36 37 ;
set S :=  0 1 2 3 4 5 6 7 8 9 10 11 12 13 14 15 ;
set S_u :=  0 1 2 3 4 5 6 7 8 9 10 11 12 13 14 15 ;
set S_r[0] := 
6 ;
set S_r[1] := 
6 ;
set S_r[2] := 
0 1 2 3 6 ;
set S_r[3] := 
4 ;
set Rack :=  0 1 2 3 4 5 6 7 ;
param COST : 0 1 2 3 4 5 6 7 8 9 10 11 12 13 14 15 :=
0 0 1 3 3 5 5 5 5 5 5 5 5 5 5 5 5 
1 1 0 3 3 5 5 5 5 5 5 5 5 5 5 5 5 
2 3 3 0 1 5 5 5 5 5 5 5 5 5 5 5 5 
3 3 3 1 0 5 5 5 5 5 5 5 5 5 5 5 5 
4 5 5 5 5 0 1 3 3 5 5 5 5 5 5 5 5 
5 5 5 5 5 1 0 3 3 5 5 5 5 5 5 5 5 
6 5 5 5 5 3 3 0 1 5 5 5 5 5 5 5 5 
7 5 5 5 5 3 3 1 0 5 5 5 5 5 5 5 5 
8 5 5 5 5 5 5 5 5 0 1 3 3 5 5 5 5 
9 5 5 5 5 5 5 5 5 1 0 3 3 5 5 5 5 
10 5 5 5 5 5 5 5 5 3 3 0 1 5 5 5 5 
11 5 5 5 5 5 5 5 5 3 3 1 0 5 5 5 5 
12 5 5 5 5 5 5 5 5 5 5 5 5 0 1 3 3 
13 5 5 5 5 5 5 5 5 5 5 5 5 1 0 3 3 
14 5 5 5 5 5 5 5 5 5 5 5 5 3 3 0 1 
15 5 5 5 5 5 5 5 5 5 5 5 5 3 3 1 0 
;
set S_rack[0] :=  
0 1 ;
set S_rack[1] :=  
2 3 ;
set S_rack[2] :=  
4 5 ;
set S_rack[3] :=  
6 7 ;
set S_rack[4] :=  
8 9 ;
set S_rack[5] :=  
10 11 ;
set S_rack[6] :=  
12 13 ;
set S_rack[7] :=  
14 15 ;
param CPU := 
0 23.516125246332386
1 23.516125246332386
2 51.36574184797603
3 53.00287508232711
4 24.17013761298851
5 28.0
6 40.65977092421243
7 56.0
8 44.0
9 44.0
10 44.0
11 44.0
12 28.0
13 28.0
14 56.0
15 56.0
;
param MEM := 
0 160.0
1 160.0
2 120.0
3 160.0
4 158.0
5 192.0
6 70.0
7 192.0
8 128.0
9 128.0
10 128.0
11 128.0
12 96.0
13 96.0
14 192.0
15 192.0
;
param DISK := 
0 312.0
1 312.0
2 216.0
3 312.0
4 304.0
5 384.0
6 110.0
7 384.0
8 256.0
9 256.0
10 256.0
11 256.0
12 192.0
13 192.0
14 384.0
15 384.0
;
param BDW_out := 
0 8.60376975122963
1 8.60376975122963
2 7.881296265481481
3 8.60376975122963
4 8.829118814814816
5 10.0
6 2.8944395422814804
7 10.0
8 10.0
9 10.0
10 10.0
11 10.0
12 10.0
13 10.0
14 10.0
15 10.0
;
param BDW_in := 
0 9.986727898074074
1 9.986727898074074
2 9.990388677451852
3 9.986727898074074
4 9.994724
5 10.0
6 9.964491949037036
7 10.0
8 10.0
9 10.0
10 10.0
11 10.0
12 10.0
13 10.0
14 10.0
15 10.0
;
param mem := 
1 8.0
2 8.0
3 2.0
4 32.0
5 16.0
6 16.0
7 8.0
8 16.0
40 16.0
41 16.0
42 16.0
43 16.0
9 16.0
10 16.0
11 16.0
12 16.0
13 16.0
14 16.0
15 16.0
16 16.0
17 16.0
18 16.0
19 8.0
20 16.0
21 16.0
22 2.0
23 16.0
38 16.0
39 16.0
24 1.0
25 1.0
26 1.0
27 1.0
28 1.0
29 1.0
30 1.0
31 1.0
32 1.0
33 1.0
34 16.0
35 2.0
36 4.0
37 32.0
;
param disk := 
1 24.0
2 24.0
3 8.0
4 50.0
5 36.0
6 36.0
7 24.0
8 36.0
40 36.0
41 36.0
42 36.0
43 36.0
9 36.0
10 36.0
11 36.0
12 36.0
13 36.0
14 36.0
15 36.0
16 36.0
17 36.0
18 36.0
19 24.0
20 36.0
21 36.0
22 8.0
23 36.0
38 36.0
39 36.0
24 4.0
25 4.0
26 4.0
27 4.0
28 4.0
29 4.0
30 4.0
31 4.0
32 4.0
33 4.0
34 36.0
35 8.0
36 16.0
37 43.2
;
param cpu : 
0 1 2 3 4 5 6 7 8 9 10 11 12 13 14 15 := 
1 4.444532515874754 4.444532515874754 2.9708276619099894 2.9708276619099894 4.444532515874754 4.444532515874754 2.9632379562043796 2.9632379562043796 3.972246575342466 3.972246575342466 3.972246575342466 3.972246575342466 2.938783842478645 2.938783842478645 2.9708276619099894 2.9708276619099894 
2 4.444532515874754 4.444532515874754 2.9708276619099894 2.9708276619099894 4.444532515874754 4.444532515874754 2.9632379562043796 2.9632379562043796 3.972246575342466 3.972246575342466 3.972246575342466 3.972246575342466 2.938783842478645 2.938783842478645 2.9708276619099894 2.9708276619099894 
3 0.07397677454200424 0.07397677454200424 0.0494477759726796 0.0494477759726796 0.07397677454200424 0.07397677454200424 0.049321449537712905 0.049321449537712905 0.06611583744292238 0.06611583744292238 0.06611583744292238 0.06611583744292238 0.04891442440036678 0.04891442440036678 0.0494477759726796 0.0494477759726796 
4 0.013450322644000772 0.013450322644000772 0.008990504722305382 0.008990504722305382 0.013450322644000772 0.013450322644000772 0.008967536279584165 0.008967536279584165 0.012021061353258615 0.012021061353258615 0.012021061353258615 0.012021061353258615 0.008893531709157599 0.008893531709157599 0.008990504722305382 0.008990504722305382 
5 5.844317932997592 5.844317932997592 3.906476399560922 3.906476399560922 5.844317932997592 5.844317932997592 3.8964963503649637 3.8964963503649637 5.223287671232877 5.223287671232877 5.223287671232877 5.223287671232877 3.86434052410598 3.86434052410598 3.906476399560922 3.906476399560922 
6 5.844317932997592 5.844317932997592 3.906476399560922 3.906476399560922 5.844317932997592 5.844317932997592 3.8964963503649637 3.8964963503649637 5.223287671232877 5.223287671232877 5.223287671232877 5.223287671232877 3.86434052410598 3.86434052410598 3.906476399560922 3.906476399560922 
7 0.0972754251514488 0.0972754251514488 0.06502112940602511 0.06502112940602511 0.0972754251514488 0.0972754251514488 0.06485501703163016 0.06485501703163016 0.0869387214611872 0.0869387214611872 0.0869387214611872 0.0869387214611872 0.06431980116789729 0.06431980116789729 0.06502112940602511 0.06502112940602511 
8 0.00432335222895328 0.00432335222895328 0.002889827973601116 0.002889827973601116 0.00432335222895328 0.00432335222895328 0.0028824452014057853 0.0028824452014057853 0.0038639431760527647 0.0038639431760527647 0.0038639431760527647 0.0038639431760527647 0.002858657829684324 0.002858657829684324 0.002889827973601116 0.002889827973601116 
40 0.00432335222895328 0.00432335222895328 0.002889827973601116 0.002889827973601116 0.00432335222895328 0.00432335222895328 0.0028824452014057853 0.0028824452014057853 0.0038639431760527647 0.0038639431760527647 0.0038639431760527647 0.0038639431760527647 0.002858657829684324 0.002858657829684324 0.002889827973601116 0.002889827973601116 
41 0.00432335222895328 0.00432335222895328 0.002889827973601116 0.002889827973601116 0.00432335222895328 0.00432335222895328 0.0028824452014057853 0.0028824452014057853 0.0038639431760527647 0.0038639431760527647 0.0038639431760527647 0.0038639431760527647 0.002858657829684324 0.002858657829684324 0.002889827973601116 0.002889827973601116 
42 0.00432335222895328 0.00432335222895328 0.002889827973601116 0.002889827973601116 0.00432335222895328 0.00432335222895328 0.0028824452014057853 0.0028824452014057853 0.0038639431760527647 0.0038639431760527647 0.0038639431760527647 0.0038639431760527647 0.002858657829684324 0.002858657829684324 0.002889827973601116 0.002889827973601116 
43 0.00432335222895328 0.00432335222895328 0.002889827973601116 0.002889827973601116 0.00432335222895328 0.00432335222895328 0.0028824452014057853 0.0028824452014057853 0.0038639431760527647 0.0038639431760527647 0.0038639431760527647 0.0038639431760527647 0.002858657829684324 0.002858657829684324 0.002889827973601116 0.002889827973601116 
9 2.241937376833808 2.241937376833808 1.4985624588364437 1.4985624588364437 2.241937376833808 2.241937376833808 1.4947340145985402 1.4947340145985402 2.003704109589041 2.003704109589041 2.003704109589041 2.003704109589041 1.4823987259302158 1.4823987259302158 1.4985624588364437 1.4985624588364437 
10 2.241937376833808 2.241937376833808 1.4985624588364437 1.4985624588364437 2.241937376833808 2.241937376833808 1.4947340145985402 1.4947340145985402 2.003704109589041 2.003704109589041 2.003704109589041 2.003704109589041 1.4823987259302158 1.4823987259302158 1.4985624588364437 1.4985624588364437 
11 2.241937376833808 2.241937376833808 1.4985624588364437 1.4985624588364437 2.241937376833808 2.241937376833808 1.4947340145985402 1.4947340145985402 2.003704109589041 2.003704109589041 2.003704109589041 2.003704109589041 1.4823987259302158 1.4823987259302158 1.4985624588364437 1.4985624588364437 
12 2.241937376833808 2.241937376833808 1.4985624588364437 1.4985624588364437 2.241937376833808 2.241937376833808 1.4947340145985402 1.4947340145985402 2.003704109589041 2.003704109589041 2.003704109589041 2.003704109589041 1.4823987259302158 1.4823987259302158 1.4985624588364437 1.4985624588364437 
13 2.241937376833808 2.241937376833808 1.4985624588364437 1.4985624588364437 2.241937376833808 2.241937376833808 1.4947340145985402 1.4947340145985402 2.003704109589041 2.003704109589041 2.003704109589041 2.003704109589041 1.4823987259302158 1.4823987259302158 1.4985624588364437 1.4985624588364437 
14 2.241937376833808 2.241937376833808 1.4985624588364437 1.4985624588364437 2.241937376833808 2.241937376833808 1.4947340145985402 1.4947340145985402 2.003704109589041 2.003704109589041 2.003704109589041 2.003704109589041 1.4823987259302158 1.4823987259302158 1.4985624588364437 1.4985624588364437 
15 2.241937376833808 2.241937376833808 1.4985624588364437 1.4985624588364437 2.241937376833808 2.241937376833808 1.4947340145985402 1.4947340145985402 2.003704109589041 2.003704109589041 2.003704109589041 2.003704109589041 1.4823987259302158 1.4823987259302158 1.4985624588364437 1.4985624588364437 
16 2.241937376833808 2.241937376833808 1.4985624588364437 1.4985624588364437 2.241937376833808 2.241937376833808 1.4947340145985402 1.4947340145985402 2.003704109589041 2.003704109589041 2.003704109589041 2.003704109589041 1.4823987259302158 1.4823987259302158 1.4985624588364437 1.4985624588364437 
17 2.241937376833808 2.241937376833808 1.4985624588364437 1.4985624588364437 2.241937376833808 2.241937376833808 1.4947340145985402 1.4947340145985402 2.003704109589041 2.003704109589041 2.003704109589041 2.003704109589041 1.4823987259302158 1.4823987259302158 1.4985624588364437 1.4985624588364437 
18 2.241937376833808 2.241937376833808 1.4985624588364437 1.4985624588364437 2.241937376833808 2.241937376833808 1.4947340145985402 1.4947340145985402 2.003704109589041 2.003704109589041 2.003704109589041 2.003704109589041 1.4823987259302158 1.4823987259302158 1.4985624588364437 1.4985624588364437 
19 0.18657901058316909 0.18657901058316909 0.12471369796316623 0.12471369796316623 0.18657901058316909 0.18657901058316909 0.12439508632603405 0.12439508632603405 0.16675270867579906 0.16675270867579906 0.16675270867579906 0.16675270867579906 0.12336851619130348 0.12336851619130348 0.12471369796316623 0.12471369796316623 
20 0.020731001175907676 0.020731001175907676 0.013857077551462916 0.013857077551462916 0.020731001175907676 0.020731001175907676 0.01382167625844823 0.01382167625844823 0.018528078741755456 0.018528078741755456 0.018528078741755456 0.018528078741755456 0.013707612910144832 0.013707612910144832 0.013857077551462916 0.013857077551462916 
21 3.7603196846945486 3.7603196846945486 2.513484083424808 2.513484083424808 3.7603196846945486 3.7603196846945486 2.507062773722628 2.507062773722628 3.3607397260273975 3.3607397260273975 3.3607397260273975 3.3607397260273975 2.4863732445345303 2.4863732445345303 2.513484083424808 2.513484083424808 
22 0.06258843208524925 0.06258843208524925 0.04183554618855958 0.04183554618855958 0.06258843208524925 0.06258843208524925 0.041728667055961066 0.041728667055961066 0.05593764566210045 0.05593764566210045 0.05593764566210045 0.05593764566210045 0.041384301336808066 0.041384301336808066 0.04183554618855958 0.04183554618855958 
23 0.00695427023169436 0.00695427023169436 0.004648394020951064 0.004648394020951064 0.00695427023169436 0.00695427023169436 0.0046365185617734525 0.0046365185617734525 0.006215293962455606 0.006215293962455606 0.006215293962455606 0.006215293962455606 0.0045982557040897855 0.0045982557040897855 0.004648394020951064 0.004648394020951064 
38 0.00695427023169436 0.00695427023169436 0.004648394020951064 0.004648394020951064 0.00695427023169436 0.00695427023169436 0.0046365185617734525 0.0046365185617734525 0.006215293962455606 0.006215293962455606 0.006215293962455606 0.006215293962455606 0.0045982557040897855 0.0045982557040897855 0.004648394020951064 0.004648394020951064 
39 3.7603196846945486 3.7603196846945486 2.513484083424808 2.513484083424808 3.7603196846945486 3.7603196846945486 2.507062773722628 2.507062773722628 3.3607397260273975 3.3607397260273975 3.3607397260273975 3.3607397260273975 2.4863732445345303 2.4863732445345303 2.513484083424808 2.513484083424808 
24 2.0190613823808485 2.0190613823808485 1.3495870228076596 1.3495870228076596 2.0190613823808485 2.0190613823808485 1.346139172749392 1.346139172749392 1.8045114155251145 1.8045114155251145 1.8045114155251145 1.8045114155251145 1.3350301626369387 1.3350301626369387 1.3495870228076596 1.3495870228076596 
25 2.0190613823808485 2.0190613823808485 1.3495870228076596 1.3495870228076596 2.0190613823808485 2.0190613823808485 1.346139172749392 1.346139172749392 1.8045114155251145 1.8045114155251145 1.8045114155251145 1.8045114155251145 1.3350301626369387 1.3350301626369387 1.3495870228076596 1.3495870228076596 
26 2.0190613823808485 2.0190613823808485 1.3495870228076596 1.3495870228076596 2.0190613823808485 2.0190613823808485 1.346139172749392 1.346139172749392 1.8045114155251145 1.8045114155251145 1.8045114155251145 1.8045114155251145 1.3350301626369387 1.3350301626369387 1.3495870228076596 1.3495870228076596 
27 2.0190613823808485 2.0190613823808485 1.3495870228076596 1.3495870228076596 2.0190613823808485 2.0190613823808485 1.346139172749392 1.346139172749392 1.8045114155251145 1.8045114155251145 1.8045114155251145 1.8045114155251145 1.3350301626369387 1.3350301626369387 1.3495870228076596 1.3495870228076596 
28 2.0190613823808485 2.0190613823808485 1.3495870228076596 1.3495870228076596 2.0190613823808485 2.0190613823808485 1.346139172749392 1.346139172749392 1.8045114155251145 1.8045114155251145 1.8045114155251145 1.8045114155251145 1.3350301626369387 1.3350301626369387 1.3495870228076596 1.3495870228076596 
29 2.0190613823808485 2.0190613823808485 1.3495870228076596 1.3495870228076596 2.0190613823808485 2.0190613823808485 1.346139172749392 1.346139172749392 1.8045114155251145 1.8045114155251145 1.8045114155251145 1.8045114155251145 1.3350301626369387 1.3350301626369387 1.3495870228076596 1.3495870228076596 
30 2.0190613823808485 2.0190613823808485 1.3495870228076596 1.3495870228076596 2.0190613823808485 2.0190613823808485 1.346139172749392 1.346139172749392 1.8045114155251145 1.8045114155251145 1.8045114155251145 1.8045114155251145 1.3350301626369387 1.3350301626369387 1.3495870228076596 1.3495870228076596 
31 2.0190613823808485 2.0190613823808485 1.3495870228076596 1.3495870228076596 2.0190613823808485 2.0190613823808485 1.346139172749392 1.346139172749392 1.8045114155251145 1.8045114155251145 1.8045114155251145 1.8045114155251145 1.3350301626369387 1.3350301626369387 1.3495870228076596 1.3495870228076596 
32 2.0190613823808485 2.0190613823808485 1.3495870228076596 1.3495870228076596 2.0190613823808485 2.0190613823808485 1.346139172749392 1.346139172749392 1.8045114155251145 1.8045114155251145 1.8045114155251145 1.8045114155251145 1.3350301626369387 1.3350301626369387 1.3495870228076596 1.3495870228076596 
33 0.15122769754032558 0.15122769754032558 0.10108406800829373 0.10108406800829373 0.15122769754032558 0.15122769754032558 0.10082582403892948 0.10082582403892948 0.1351579050228311 0.1351579050228311 0.1351579050228311 0.1351579050228311 0.09999375918150671 0.09999375918150671 0.10108406800829373 0.10108406800829373 
34 0.01890346219254069 0.01890346219254069 0.012635508501036712 0.012635508501036712 0.01890346219254069 0.01890346219254069 0.012603228004866181 0.012603228004866181 0.016894738127853883 0.016894738127853883 0.016894738127853883 0.016894738127853883 0.012499219897688336 0.012499219897688336 0.012635508501036712 0.012635508501036712 
35 16.056194438362166 16.056194438362166 10.732329308452252 10.732329308452252 16.056194438362166 16.056194438362166 10.70491094890511 10.70491094890511 14.350027397260275 14.350027397260275 14.350027397260275 14.350027397260275 10.616568698421892 10.616568698421892 10.732329308452252 10.732329308452252 
36 1.8109691691857779 1.8109691691857779 1.2104934058794652 1.2104934058794652 1.8109691691857779 1.8109691691857779 1.2074009044775833 1.2074009044775833 1.6185315451411835 1.6185315451411835 1.6185315451411835 1.6185315451411835 1.1974368315725274 1.1974368315725274 1.2104934058794652 1.2104934058794652 
37 16.298722522672 16.298722522672 10.894440652915188 10.894440652915188 16.298722522672 16.298722522672 10.86660814029825 10.86660814029825 14.56678390627065 14.56678390627065 14.56678390627065 14.56678390627065 10.776931484152747 10.776931484152747 10.894440652915188 10.894440652915188 
;
set c_0 := 0;
param d := 
[0,*,*] : 
0 1 2 3 4 := 
0 0 0.006236 0.006236 0 0 
1 1.3839300740740743 0 0 4.942607407407408E-5 0 
2 1.3839300740740743 0 0 4.942607407407408E-5 0 
3 0 0.006919650370370372 0.006919650370370372 0 8.986558922558924E-6 
4 0 0 0 0.0012581182491582495 0 
[1,*,*] : 
0 5 6 7 8 40 41 42 43 := 
0 0 0.0082 0.0082 0 0 0 0 0 0 
5 1.8197925925925929 0 0 6.499259259259258E-5 0 0 0 0 0 
6 1.8197925925925929 0 0 6.499259259259258E-5 0 0 0 0 0 
7 0 0.009098962962962965 0.009098962962962965 0 2.8885596707818925E-6 2.8885596707818925E-6 2.8885596707818925E-6 2.8885596707818925E-6 2.8885596707818925E-6 
8 0 0 0 4.043983539094651E-4 0 0 0 0 0 
40 0 0 0 4.043983539094651E-4 0 0 0 0 0 
41 0 0 0 4.043983539094651E-4 0 0 0 0 0 
42 0 0 0 4.043983539094651E-4 0 0 0 0 0 
43 0 0 0 4.043983539094651E-4 0 0 0 0 0 
[2,*,*] : 
0 9 10 11 12 13 14 15 16 17 18 19 20 := 
0 0 0.0031455999999999997 0.0031455999999999997 0.0031455999999999997 0.0031455999999999997 0.0031455999999999997 0.0031455999999999997 0.0031455999999999997 0.0031455999999999997 0.0031455999999999997 0.0031455999999999997 0 0 
9 0.6980901925925925 0 0 0 0 0 0 0 0 0 0 2.4931792592592594E-5 0 
10 0.6980901925925925 0 0 0 0 0 0 0 0 0 0 2.4931792592592594E-5 0 
11 0.6980901925925925 0 0 0 0 0 0 0 0 0 0 2.4931792592592594E-5 0 
12 0.6980901925925925 0 0 0 0 0 0 0 0 0 0 2.4931792592592594E-5 0 
13 0.6980901925925925 0 0 0 0 0 0 0 0 0 0 2.4931792592592594E-5 0 
14 0.6980901925925925 0 0 0 0 0 0 0 0 0 0 2.4931792592592594E-5 0 
15 0.6980901925925925 0 0 0 0 0 0 0 0 0 0 2.4931792592592594E-5 0 
16 0.6980901925925925 0 0 0 0 0 0 0 0 0 0 2.4931792592592594E-5 0 
17 0.6980901925925925 0 0 0 0 0 0 0 0 0 0 2.4931792592592594E-5 0 
18 0.6980901925925925 0 0 0 0 0 0 0 0 0 0 2.4931792592592594E-5 0 
19 0 0.003490450962962963 0.003490450962962963 0.003490450962962963 0.003490450962962963 0.003490450962962963 0.003490450962962963 0.003490450962962963 0.003490450962962963 0.003490450962962963 0.003490450962962963 0 1.3850995884773662E-5 
20 0 0 0 0 0 0 0 0 0 0 0 0.0019391394238683125 0 
[3,*,*] : 
0 21 22 23 38 39 := 
0 0 0.005276 0 0 0 0.005276 
21 1.170881185185185 0 4.181718518518518E-5 0 0 0 
22 0 0.005854405925925925 0 4.64635390946502E-6 4.64635390946502E-6 0.005854405925925925 
23 0 0 6.504895473251027E-4 0 0 0 
38 0 0 6.504895473251027E-4 0 0 0 
39 1.170881185185185 0 4.181718518518518E-5 0 0 0 
[4,*,*] : 
0 24 25 26 27 28 29 30 31 32 33 34 := 
0 0 0.002832888888888889 0.002832888888888889 0.002832888888888889 0.002832888888888889 0.002832888888888889 0.002832888888888889 0.002832888888888889 0.002832888888888889 0.002832888888888889 0 0 
24 0.6286914897119342 0 0 0 0 0 0 0 0 0 2.2453267489711936E-5 0 
25 0.6286914897119342 0 0 0 0 0 0 0 0 0 2.2453267489711936E-5 0 
26 0.6286914897119342 0 0 0 0 0 0 0 0 0 2.2453267489711936E-5 0 
27 0.6286914897119342 0 0 0 0 0 0 0 0 0 2.2453267489711936E-5 0 
28 0.6286914897119342 0 0 0 0 0 0 0 0 0 2.2453267489711936E-5 0 
29 0.6286914897119342 0 0 0 0 0 0 0 0 0 2.2453267489711936E-5 0 
30 0.6286914897119342 0 0 0 0 0 0 0 0 0 2.2453267489711936E-5 0 
31 0.6286914897119342 0 0 0 0 0 0 0 0 0 2.2453267489711936E-5 0 
32 0.6286914897119342 0 0 0 0 0 0 0 0 0 2.2453267489711936E-5 0 
33 0 0.0031434574485596713 0.0031434574485596713 0.0031434574485596713 0.0031434574485596713 0.0031434574485596713 0.0031434574485596713 0.0031434574485596713 0.0031434574485596713 0.0031434574485596713 0 1.2629962962962964E-5 
34 0 0 0 0 0 0 0 0 0 0 0.001768194814814815 0 
[5,*,*] : 
0 35 36 37 := 
0 0 0.022528 0 0 
35 0.9428276401564537 0 0.0024199242764015643 0 
36 0 0.07259772829204693 0 0.01088965924380704 
37 0 0 0.32668977731421117 0 
;
param x_bar : 0 1 2 3 4 5 6 7 8 9 10 11 12 13 14 15  := 
0 0 0 0 0 0 0 0 0 0 0 0 0 0 0 0 0 
1 0 0 0 0 0 0 1 0 0 0 0 0 0 0 0 0 
2 0 0 0 0 0 0 1 0 0 0 0 0 0 0 0 0 
3 0 0 0 0 0 0 1 0 0 0 0 0 0 0 0 0 
4 0 0 0 0 0 0 1 0 0 0 0 0 0 0 0 0 
5 0 0 0 0 0 0 1 0 0 0 0 0 0 0 0 0 
6 0 0 0 0 0 0 1 0 0 0 0 0 0 0 0 0 
7 0 0 0 0 0 0 1 0 0 0 0 0 0 0 0 0 
8 0 0 0 0 0 0 1 0 0 0 0 0 0 0 0 0 
9 0 0 1 0 0 0 0 0 0 0 0 0 0 0 0 0 
10 0 0 1 0 0 0 0 0 0 0 0 0 0 0 0 0 
11 0 0 1 0 0 0 0 0 0 0 0 0 0 0 0 0 
12 0 0 0 1 0 0 0 0 0 0 0 0 0 0 0 0 
13 0 0 0 1 0 0 0 0 0 0 0 0 0 0 0 0 
14 1 0 0 0 0 0 0 0 0 0 0 0 0 0 0 0 
15 1 0 0 0 0 0 0 0 0 0 0 0 0 0 0 0 
16 0 1 0 0 0 0 0 0 0 0 0 0 0 0 0 0 
17 0 1 0 0 0 0 0 0 0 0 0 0 0 0 0 0 
18 0 0 0 0 0 0 1 0 0 0 0 0 0 0 0 0 
19 0 0 1 0 0 0 0 0 0 0 0 0 0 0 0 0 
20 0 0 1 0 0 0 0 0 0 0 0 0 0 0 0 0 
21 0 0 0 0 1 0 0 0 0 0 0 0 0 0 0 0 
22 0 0 0 0 1 0 0 0 0 0 0 0 0 0 0 0 
23 0 0 0 0 1 0 0 0 0 0 0 0 0 0 0 0 
;
