data;
set C_bar :=  1 2 3 4 5 6 7 8 9 10 11 12 13 14 15 16 ;
set C :=  17 18 19 20 21 22 23 35 36 25 26 27 28 32 33 34 24 29 30 31 ;
set R := 0 1 2 3 4 5 ;
set C_bar_r[0] :=  
1 2 3 4 5 ;
set C_bar_r[1] :=  
6 7 8 9 10 ;
set C_bar_r[2] :=  
11 12 13 ;
set C_bar_r[3] :=  
14 15 16 ;
set C_r[0] :=  
25 26 27 28 ;
set C_r[1] :=  
32 33 ;
set C_r[2] :=  
34 ;
set C_r[3] :=  
24 29 30 31 ;
set C_r[4] :=  
17 18 19 20 ;
set C_r[5] :=  
21 22 23 35 36 ;
set S :=  0 1 2 3 4 5 6 7 8 9 10 11 12 13 14 15 ;
set S_u :=  0 1 2 3 4 5 6 7 8 9 10 11 12 13 14 15 ;
set S_r[0] := 
2 ;
set S_r[1] := 
8 ;
set S_r[2] := 
2 ;
set S_r[3] := 
8 ;
set Rack :=  0 1 2 3 4 5 6 7 ;
param COST : 0 1 2 3 4 5 6 7 8 9 10 11 12 13 14 15 :=
0 0 1 3 3 5 5 5 5 5 5 5 5 5 5 5 5 
1 1 0 3 3 5 5 5 5 5 5 5 5 5 5 5 5 
2 3 3 0 1 5 5 5 5 5 5 5 5 5 5 5 5 
3 3 3 1 0 5 5 5 5 5 5 5 5 5 5 5 5 
4 5 5 5 5 0 1 3 3 5 5 5 5 5 5 5 5 
5 5 5 5 5 1 0 3 3 5 5 5 5 5 5 5 5 
6 5 5 5 5 3 3 0 1 5 5 5 5 5 5 5 5 
7 5 5 5 5 3 3 1 0 5 5 5 5 5 5 5 5 
8 5 5 5 5 5 5 5 5 0 1 3 3 5 5 5 5 
9 5 5 5 5 5 5 5 5 1 0 3 3 5 5 5 5 
10 5 5 5 5 5 5 5 5 3 3 0 1 5 5 5 5 
11 5 5 5 5 5 5 5 5 3 3 1 0 5 5 5 5 
12 5 5 5 5 5 5 5 5 5 5 5 5 0 1 3 3 
13 5 5 5 5 5 5 5 5 5 5 5 5 1 0 3 3 
14 5 5 5 5 5 5 5 5 5 5 5 5 3 3 0 1 
15 5 5 5 5 5 5 5 5 5 5 5 5 3 3 1 0 
;
set S_rack[0] :=  
0 1 ;
set S_rack[1] :=  
2 3 ;
set S_rack[2] :=  
4 5 ;
set S_rack[3] :=  
6 7 ;
set S_rack[4] :=  
8 9 ;
set S_rack[5] :=  
10 11 ;
set S_rack[6] :=  
12 13 ;
set S_rack[7] :=  
14 15 ;
param CPU := 
0 28.0
1 28.0
2 37.45699432814625
3 56.0
4 56.0
5 56.0
6 56.0
7 56.0
8 50.06153827840088
9 56.0
10 28.0
11 28.0
12 28.0
13 28.0
14 56.0
15 56.0
;
param MEM := 
0 192.0
1 192.0
2 122.0
3 192.0
4 192.0
5 192.0
6 192.0
7 192.0
8 48.0
9 192.0
10 96.0
11 96.0
12 96.0
13 96.0
14 192.0
15 192.0
;
param DISK := 
0 384.0
1 384.0
2 196.0
3 384.0
4 384.0
5 384.0
6 384.0
7 384.0
8 116.0
9 384.0
10 192.0
11 192.0
12 192.0
13 192.0
14 384.0
15 384.0
;
param BDW_out := 
0 10.0
1 10.0
2 7.018894772012168
3 10.0
4 10.0
5 10.0
6 10.0
7 10.0
8 8.660483880052151
9 10.0
10 10.0
11 10.0
12 10.0
13 10.0
14 10.0
15 10.0
;
param BDW_in := 
0 10.0
1 10.0
2 9.9754864
3 10.0
4 10.0
5 10.0
6 10.0
7 10.0
8 9.98844
9 10.0
10 10.0
11 10.0
12 10.0
13 10.0
14 10.0
15 10.0
;
param mem := 
1 4.0
2 4.0
3 4.0
4 2.0
5 16.0
25 16.0
26 4.0
27 16.0
28 4.0
6 8.0
7 8.0
8 8.0
9 8.0
10 16.0
32 16.0
33 8.0
11 8.0
12 16.0
13 16.0
34 16.0
14 16.0
15 16.0
16 64.0
24 64.0
29 64.0
30 64.0
31 16.0
17 8.0
18 8.0
19 16.0
20 16.0
21 8.0
22 8.0
23 16.0
35 8.0
36 8.0
;
param disk := 
1 16.0
2 16.0
3 16.0
4 8.0
5 36.0
25 36.0
26 16.0
27 36.0
28 16.0
6 24.0
7 24.0
8 24.0
9 24.0
10 36.0
32 36.0
33 24.0
11 24.0
12 36.0
13 36.0
34 36.0
14 36.0
15 36.0
16 64.0
24 64.0
29 64.0
30 64.0
31 36.0
17 24.0
18 24.0
19 36.0
20 36.0
21 24.0
22 24.0
23 36.0
35 24.0
36 24.0
;
param cpu : 
0 1 2 3 4 5 6 7 8 9 10 11 12 13 14 15 := 
1 2.5794823735493764 2.5794823735493764 1.7073182608695654 1.7073182608695654 1.7197804379562047 1.7197804379562047 1.7197804379562047 1.7197804379562047 1.724185290889133 1.724185290889133 1.7055879542493124 1.7055879542493124 1.7055879542493124 1.7055879542493124 1.7197804379562047 1.7197804379562047 
2 2.5794823735493764 2.5794823735493764 1.7073182608695654 1.7073182608695654 1.7197804379562047 1.7197804379562047 1.7197804379562047 1.7197804379562047 1.724185290889133 1.724185290889133 1.7055879542493124 1.7055879542493124 1.7055879542493124 1.7055879542493124 1.7197804379562047 1.7197804379562047 
3 2.5794823735493764 2.5794823735493764 1.7073182608695654 1.7073182608695654 1.7197804379562047 1.7197804379562047 1.7197804379562047 1.7197804379562047 1.724185290889133 1.724185290889133 1.7055879542493124 1.7055879542493124 1.7055879542493124 1.7055879542493124 1.7197804379562047 1.7197804379562047 
4 0.1073351276549157 0.1073351276549157 0.07104340985507247 0.07104340985507247 0.07156197489051094 0.07156197489051094 0.07156197489051094 0.07156197489051094 0.07174526571533114 0.07174526571533114 0.07097140987404084 0.07097140987404084 0.07097140987404084 0.07097140987404084 0.07156197489051094 0.07156197489051094 
5 0.007950750196660422 0.007950750196660422 0.005262474804079442 0.005262474804079442 0.0053008870289267375 0.0053008870289267375 0.0053008870289267375 0.0053008870289267375 0.005314464127061566 0.005314464127061566 0.005257141472151172 0.005257141472151172 0.005257141472151172 0.005257141472151172 0.0053008870289267375 0.0053008870289267375 
25 0.007950750196660422 0.007950750196660422 0.005262474804079442 0.005262474804079442 0.0053008870289267375 0.0053008870289267375 0.0053008870289267375 0.0053008870289267375 0.005314464127061566 0.005314464127061566 0.005257141472151172 0.005257141472151172 0.005257141472151172 0.005257141472151172 0.0053008870289267375 0.0053008870289267375 
26 2.5794823735493764 2.5794823735493764 1.7073182608695654 1.7073182608695654 1.7197804379562047 1.7197804379562047 1.7197804379562047 1.7197804379562047 1.724185290889133 1.724185290889133 1.7055879542493124 1.7055879542493124 1.7055879542493124 1.7055879542493124 1.7197804379562047 1.7197804379562047 
27 0.007950750196660422 0.007950750196660422 0.005262474804079442 0.005262474804079442 0.0053008870289267375 0.0053008870289267375 0.0053008870289267375 0.0053008870289267375 0.005314464127061566 0.005314464127061566 0.005257141472151172 0.005257141472151172 0.005257141472151172 0.005257141472151172 0.0053008870289267375 0.0053008870289267375 
28 2.5794823735493764 2.5794823735493764 1.7073182608695654 1.7073182608695654 1.7197804379562047 1.7197804379562047 1.7197804379562047 1.7197804379562047 1.724185290889133 1.724185290889133 1.7055879542493124 1.7055879542493124 1.7055879542493124 1.7055879542493124 1.7197804379562047 1.7197804379562047 
6 1.12895117144734 1.12895117144734 0.7472347826086958 0.7472347826086958 0.7526890510948907 0.7526890510948907 0.7526890510948907 0.7526890510948907 0.7546169045005491 0.7546169045005491 0.7464774866077893 0.7464774866077893 0.7464774866077893 0.7464774866077893 0.7526890510948907 0.7526890510948907 
7 1.12895117144734 1.12895117144734 0.7472347826086958 0.7472347826086958 0.7526890510948907 0.7526890510948907 0.7526890510948907 0.7526890510948907 0.7546169045005491 0.7546169045005491 0.7464774866077893 0.7464774866077893 0.7464774866077893 0.7464774866077893 0.7526890510948907 0.7526890510948907 
8 1.12895117144734 1.12895117144734 0.7472347826086958 0.7472347826086958 0.7526890510948907 0.7526890510948907 0.7526890510948907 0.7526890510948907 0.7546169045005491 0.7546169045005491 0.7464774866077893 0.7464774866077893 0.7464774866077893 0.7464774866077893 0.7526890510948907 0.7526890510948907 
9 0.01409307379023429 0.01409307379023429 0.009327980869565218 0.009327980869565218 0.009396068321167884 0.009396068321167884 0.009396068321167884 0.009396068321167884 0.009420134357848518 0.009420134357848518 0.009318527291153901 0.009318527291153901 0.009318527291153901 0.009318527291153901 0.009396068321167884 0.009396068321167884 
10 0.0017616342237792863 0.0017616342237792863 0.0011659976086956523 0.0011659976086956523 0.0011745085401459856 0.0011745085401459856 0.0011745085401459856 0.0011745085401459856 0.0011775167947310648 0.0011775167947310648 0.0011648159113942377 0.0011648159113942377 0.0011648159113942377 0.0011648159113942377 0.0011745085401459856 0.0011745085401459856 
32 0.0017616342237792863 0.0017616342237792863 0.0011659976086956523 0.0011659976086956523 0.0011745085401459856 0.0011745085401459856 0.0011745085401459856 0.0011745085401459856 0.0011775167947310648 0.0011775167947310648 0.0011648159113942377 0.0011648159113942377 0.0011648159113942377 0.0011648159113942377 0.0011745085401459856 0.0011745085401459856 
33 0.01409307379023429 0.01409307379023429 0.009327980869565218 0.009327980869565218 0.009396068321167884 0.009396068321167884 0.009396068321167884 0.009396068321167884 0.009420134357848518 0.009420134357848518 0.009318527291153901 0.009318527291153901 0.009318527291153901 0.009318527291153901 0.009396068321167884 0.009396068321167884 
11 9.732927523538429 9.732927523538429 6.442069565217391 6.442069565217391 6.48909197080292 6.48909197080292 6.48909197080292 6.48909197080292 6.505712403951702 6.505712403951702 6.4355407557550315 6.4355407557550315 6.4355407557550315 6.4355407557550315 6.48909197080292 6.48909197080292 
12 1.0977714388494753 1.0977714388494753 0.7265974146703701 0.7265974146703701 0.7319010454343874 0.7319010454343874 0.7319010454343874 0.7319010454343874 0.7337756547713946 0.7337756547713946 0.7258610339113296 0.7258610339113296 0.7258610339113296 0.7258610339113296 0.7319010454343874 0.7319010454343874 
13 9.33105723022054 9.33105723022054 6.176078024698146 6.176078024698146 6.221158886192293 6.221158886192293 6.221158886192293 6.221158886192293 6.237093065556854 6.237093065556854 6.169818788246301 6.169818788246301 6.169818788246301 6.169818788246301 6.221158886192293 6.221158886192293 
34 9.33105723022054 9.33105723022054 6.176078024698146 6.176078024698146 6.221158886192293 6.221158886192293 6.221158886192293 6.221158886192293 6.237093065556854 6.237093065556854 6.169818788246301 6.169818788246301 6.169818788246301 6.169818788246301 6.221158886192293 6.221158886192293 
14 4.852209327786293 4.852209327786293 3.2116000000000002 3.2116000000000002 3.2350423357664235 3.2350423357664235 3.2350423357664235 3.2350423357664235 3.2433282107574097 3.2433282107574097 3.2083451570870136 3.2083451570870136 3.2083451570870136 3.2083451570870136 3.2350423357664235 3.2350423357664235 
15 0.27363898490360383 0.27363898490360383 0.18111728174706648 0.18111728174706648 0.18243930570142464 0.18243930570142464 0.18243930570142464 0.18243930570142464 0.18290658529890358 0.18290658529890358 0.18093372579336306 0.18093372579336306 0.18093372579336306 0.18093372579336306 0.18243930570142464 0.18243930570142464 
16 0.35573068037468497 0.35573068037468497 0.23545246627118643 0.23545246627118643 0.237171097411852 0.237171097411852 0.237171097411852 0.237171097411852 0.2377785608885746 0.2377785608885746 0.23521384353137198 0.23521384353137198 0.23521384353137198 0.23521384353137198 0.237171097411852 0.237171097411852 
24 0.35573068037468497 0.35573068037468497 0.23545246627118643 0.23545246627118643 0.237171097411852 0.237171097411852 0.237171097411852 0.237171097411852 0.2377785608885746 0.2377785608885746 0.23521384353137198 0.23521384353137198 0.23521384353137198 0.23521384353137198 0.237171097411852 0.237171097411852 
29 0.35573068037468497 0.35573068037468497 0.23545246627118643 0.23545246627118643 0.237171097411852 0.237171097411852 0.237171097411852 0.237171097411852 0.2377785608885746 0.2377785608885746 0.23521384353137198 0.23521384353137198 0.23521384353137198 0.23521384353137198 0.237171097411852 0.237171097411852 
30 0.35573068037468497 0.35573068037468497 0.23545246627118643 0.23545246627118643 0.237171097411852 0.237171097411852 0.237171097411852 0.237171097411852 0.2377785608885746 0.2377785608885746 0.23521384353137198 0.23521384353137198 0.23521384353137198 0.23521384353137198 0.237171097411852 0.237171097411852 
31 0.27363898490360383 0.27363898490360383 0.18111728174706648 0.18111728174706648 0.18243930570142464 0.18243930570142464 0.18243930570142464 0.18243930570142464 0.18290658529890358 0.18290658529890358 0.18093372579336306 0.18093372579336306 0.18093372579336306 0.18093372579336306 0.18243930570142464 0.18243930570142464 
17 5.140148894241297 5.140148894241297 3.4021826086956524 3.4021826086956524 3.4270160583941607 3.4270160583941607 3.4270160583941607 3.4270160583941607 3.4357936333699235 3.4357936333699235 3.3987346170551618 3.3987346170551618 3.3987346170551618 3.3987346170551618 3.4270160583941607 3.4270160583941607 
18 5.140148894241297 5.140148894241297 3.4021826086956524 3.4021826086956524 3.4270160583941607 3.4270160583941607 3.4270160583941607 3.4270160583941607 3.4357936333699235 3.4357936333699235 3.3987346170551618 3.3987346170551618 3.3987346170551618 3.3987346170551618 3.4270160583941607 3.4270160583941607 
19 0.0855549227063718 0.0855549227063718 0.05662743942028987 0.05662743942028987 0.05704077839416059 0.05704077839416059 0.05704077839416059 0.05704077839416059 0.05718687625320161 0.05718687625320161 0.0565700495149848 0.0565700495149848 0.0565700495149848 0.0565700495149848 0.05704077839416059 0.05704077839416059 
20 0.015555440492067599 0.015555440492067599 0.010295898076416338 0.010295898076416338 0.010371050617120108 0.010371050617120108 0.010371050617120108 0.010371050617120108 0.010397613864218475 0.010397613864218475 0.010285463548179054 0.010285463548179054 0.010285463548179054 0.010285463548179054 0.010371050617120108 0.010371050617120108 
21 1.6620670024085835 1.6620670024085835 1.1000956521739131 1.1000956521739131 1.1081255474452556 1.1081255474452556 1.1081255474452556 1.1081255474452556 1.1109637760702524 1.1109637760702524 1.0989807441725787 1.0989807441725787 1.0989807441725787 1.0989807441725787 1.1081255474452556 1.1081255474452556 
22 0.013832090942266988 0.013832090942266988 0.009155240483091787 0.009155240483091787 0.009222067055961071 0.009222067055961071 0.009222067055961071 0.009222067055961071 0.009245687425295768 0.009245687425295768 0.00914596197094735 0.00914596197094735 0.00914596197094735 0.00914596197094735 0.009222067055961071 0.009222067055961071 
23 0.002766418188453398 0.002766418188453398 0.001831048096618358 0.001831048096618358 0.0018444134111922144 0.0018444134111922144 0.0018444134111922144 0.0018444134111922144 0.0018491374850591537 0.0018491374850591537 0.0018291923941894698 0.0018291923941894698 0.0018291923941894698 0.0018291923941894698 0.0018444134111922144 0.0018444134111922144 
35 1.6620670024085835 1.6620670024085835 1.1000956521739131 1.1000956521739131 1.1081255474452556 1.1081255474452556 1.1081255474452556 1.1081255474452556 1.1109637760702524 1.1109637760702524 1.0989807441725787 1.0989807441725787 1.0989807441725787 1.0989807441725787 1.1081255474452556 1.1081255474452556 
36 0.013832090942266988 0.013832090942266988 0.009155240483091787 0.009155240483091787 0.009222067055961071 0.009222067055961071 0.009222067055961071 0.009222067055961071 0.009245687425295768 0.009245687425295768 0.00914596197094735 0.00914596197094735 0.00914596197094735 0.00914596197094735 0.009222067055961071 0.009222067055961071 
;
set c_0 := 0;
param d := 
[0,*,*] : 
0 1 2 3 4 5 25 26 27 28 := 
0 0 0.0036192000000000004 0.0036192000000000004 0.0036192000000000004 0 0 0 0.0036192000000000004 0 0.0036192000000000004 
1 0.8031943111111112 0 0 0 2.868551111111111E-5 0 0 0 0 0 
2 0.8031943111111112 0 0 0 2.868551111111111E-5 0 0 0 0 0 
3 0.8031943111111112 0 0 0 2.868551111111111E-5 0 0 0 0 0 
4 0 0.004015971555555556 0.004015971555555556 0.004015971555555556 0 5.312131687242798E-6 5.312131687242798E-6 0.004015971555555556 5.312131687242798E-6 0.004015971555555556 
5 0 0 0 0 7.436984362139918E-4 0 0 0 0 0 
25 0 0 0 0 7.436984362139918E-4 0 0 0 0 0 
26 0.8031943111111112 0 0 0 2.868551111111111E-5 0 0 0 0 0 
27 0 0 0 0 7.436984362139918E-4 0 0 0 0 0 
28 0.8031943111111112 0 0 0 2.868551111111111E-5 0 0 0 0 0 
[1,*,*] : 
0 6 7 8 9 10 32 33 := 
0 0 0.0015840000000000001 0.0015840000000000001 0.0015840000000000001 0 0 0 0 
6 0.35153066666666666 0 0 0 6.277333333333334E-6 0 0 6.277333333333334E-6 
7 0.35153066666666666 0 0 0 6.277333333333334E-6 0 0 6.277333333333334E-6 
8 0.35153066666666666 0 0 0 6.277333333333334E-6 0 0 6.277333333333334E-6 
9 0 8.788266666666667E-4 8.788266666666667E-4 8.788266666666667E-4 0 5.885000000000001E-7 5.885000000000001E-7 0 
10 0 0 0 0 8.239E-5 0 0 8.239E-5 
32 0 0 0 0 8.239E-5 0 0 8.239E-5 
33 0 8.788266666666667E-4 8.788266666666667E-4 8.788266666666667E-4 0 5.885000000000001E-7 5.885000000000001E-7 0 
[2,*,*] : 
0 11 12 13 34 := 
0 0 0.013656 0 0 0 
11 0.571522294654498 0 0.0014669072229465448 0 0 
12 0 0.04400721668839634 0 0.006234355697522816 0.006234355697522816 
13 0 0 0.18703067092568446 0 0 
34 0 0 0.18703067092568446 0 0 
[3,*,*] : 
0 14 15 16 24 29 30 31 := 
0 0 0.006808 0 0 0 0 0 0 
14 0.2849241199478487 0 3.656526205997392E-4 0 0 0 0 3.656526205997392E-4 
15 0 0.010969578617992174 0 1.1883710169491524E-4 1.1883710169491524E-4 1.1883710169491524E-4 1.1883710169491524E-4 0 
16 0 0 0.0035651130508474564 0 0 0 0 0.0035651130508474564 
24 0 0 0.0035651130508474564 0 0 0 0 0.0035651130508474564 
29 0 0 0.0035651130508474564 0 0 0 0 0.0035651130508474564 
30 0 0 0.0035651130508474564 0 0 0 0 0.0035651130508474564 
31 0 0.010969578617992174 0 1.1883710169491524E-4 1.1883710169491524E-4 1.1883710169491524E-4 1.1883710169491524E-4 0 
[4,*,*] : 
0 17 18 19 20 := 
0 0 0.007212 0.007212 0 0 
17 1.600529777777778 0 0 5.716177777777778E-5 0 
18 1.600529777777778 0 0 5.716177777777778E-5 0 
19 0 0.00800264888888889 0.00800264888888889 0 1.0393050505050505E-5 
20 0 0 0 0.001455027070707071 0 
[5,*,*] : 
0 21 22 23 35 36 := 
0 0 0.002332 0 0 0.002332 0 
21 0.5175312592592594 0 9.24162962962963E-6 0 0 9.24162962962963E-6 
22 0 0.0012938281481481484 0 9.24162962962963E-7 0.0012938281481481484 0 
23 0 0 1.2938281481481484E-4 0 0 1.2938281481481484E-4 
35 0.5175312592592594 0 9.24162962962963E-6 0 0 9.24162962962963E-6 
36 0 0.0012938281481481484 0 9.24162962962963E-7 0.0012938281481481484 0 
;
param x_bar : 0 1 2 3 4 5 6 7 8 9 10 11 12 13 14 15  := 
0 0 0 0 0 0 0 0 0 0 0 0 0 0 0 0 0 
1 0 0 1 0 0 0 0 0 0 0 0 0 0 0 0 0 
2 0 0 1 0 0 0 0 0 0 0 0 0 0 0 0 0 
3 0 0 1 0 0 0 0 0 0 0 0 0 0 0 0 0 
4 0 0 1 0 0 0 0 0 0 0 0 0 0 0 0 0 
5 0 0 1 0 0 0 0 0 0 0 0 0 0 0 0 0 
6 0 0 0 0 0 0 0 0 1 0 0 0 0 0 0 0 
7 0 0 0 0 0 0 0 0 1 0 0 0 0 0 0 0 
8 0 0 0 0 0 0 0 0 1 0 0 0 0 0 0 0 
9 0 0 0 0 0 0 0 0 1 0 0 0 0 0 0 0 
10 0 0 0 0 0 0 0 0 1 0 0 0 0 0 0 0 
11 0 0 1 0 0 0 0 0 0 0 0 0 0 0 0 0 
12 0 0 1 0 0 0 0 0 0 0 0 0 0 0 0 0 
13 0 0 1 0 0 0 0 0 0 0 0 0 0 0 0 0 
14 0 0 0 0 0 0 0 0 1 0 0 0 0 0 0 0 
15 0 0 0 0 0 0 0 0 1 0 0 0 0 0 0 0 
16 0 0 0 0 0 0 0 0 1 0 0 0 0 0 0 0 
;
