data;
set C_bar :=  1 2 3 4 5 6 7 8 9 10 11 12 13 ;
set C :=  14 15 16 17 18 19 20 21 22 23 24 25 26 27 28 29 30 31 32 33 ;
set R := 0 1 2 3 4 5 ;
set C_bar_r[0] :=  
1 2 3 4 ;
set C_bar_r[1] :=  
5 6 7 ;
set C_bar_r[2] :=  
8 9 10 ;
set C_bar_r[3] :=  
11 12 13 ;
set C_r[0] :=  
;
set C_r[1] :=  
30 31 32 33 ;
set C_r[2] :=  
;
set C_r[3] :=  
;
set C_r[4] :=  
14 15 16 17 18 19 ;
set C_r[5] :=  
20 21 22 23 24 25 26 27 28 29 ;
set S :=  0 1 2 3 4 5 6 7 8 9 10 11 12 13 14 15 ;
set S_u :=  0 1 2 3 4 5 6 7 8 9 10 11 12 13 14 15 ;
set S_r[0] := 
0 ;
set S_r[1] := 
8 ;
set S_r[2] := 
14 ;
set S_r[3] := 
0 ;
set Rack :=  0 1 2 3 4 5 6 7 ;
param COST : 0 1 2 3 4 5 6 7 8 9 10 11 12 13 14 15 :=
0 0 1 3 3 5 5 5 5 5 5 5 5 5 5 5 5 
1 1 0 3 3 5 5 5 5 5 5 5 5 5 5 5 5 
2 3 3 0 1 5 5 5 5 5 5 5 5 5 5 5 5 
3 3 3 1 0 5 5 5 5 5 5 5 5 5 5 5 5 
4 5 5 5 5 0 1 3 3 5 5 5 5 5 5 5 5 
5 5 5 5 5 1 0 3 3 5 5 5 5 5 5 5 5 
6 5 5 5 5 3 3 0 1 5 5 5 5 5 5 5 5 
7 5 5 5 5 3 3 1 0 5 5 5 5 5 5 5 5 
8 5 5 5 5 5 5 5 5 0 1 3 3 5 5 5 5 
9 5 5 5 5 5 5 5 5 1 0 3 3 5 5 5 5 
10 5 5 5 5 5 5 5 5 3 3 0 1 5 5 5 5 
11 5 5 5 5 5 5 5 5 3 3 1 0 5 5 5 5 
12 5 5 5 5 5 5 5 5 5 5 5 5 0 1 3 3 
13 5 5 5 5 5 5 5 5 5 5 5 5 1 0 3 3 
14 5 5 5 5 5 5 5 5 5 5 5 5 3 3 0 1 
15 5 5 5 5 5 5 5 5 5 5 5 5 3 3 1 0 
;
set S_rack[0] :=  
0 1 ;
set S_rack[1] :=  
2 3 ;
set S_rack[2] :=  
4 5 ;
set S_rack[3] :=  
6 7 ;
set S_rack[4] :=  
8 9 ;
set S_rack[5] :=  
10 11 ;
set S_rack[6] :=  
12 13 ;
set S_rack[7] :=  
14 15 ;
param CPU := 
0 41.6356088260008
1 56.0
2 56.0
3 56.0
4 56.0
5 56.0
6 56.0
7 56.0
8 43.65393406464486
9 56.0
10 28.0
11 28.0
12 56.0
13 56.0
14 51.42408128879089
15 56.0
;
param MEM := 
0 38.0
1 192.0
2 192.0
3 192.0
4 192.0
5 192.0
6 192.0
7 192.0
8 166.0
9 192.0
10 96.0
11 96.0
12 192.0
13 192.0
14 158.0
15 192.0
;
param DISK := 
0 130.0
1 384.0
2 384.0
3 384.0
4 384.0
5 384.0
6 384.0
7 384.0
8 316.0
9 384.0
10 192.0
11 192.0
12 384.0
13 384.0
14 304.0
15 384.0
;
param BDW_out := 
0 8.40432969317688
1 10.0
2 10.0
3 10.0
4 10.0
5 10.0
6 10.0
7 10.0
8 9.540471968709257
9 10.0
10 10.0
11 10.0
12 10.0
13 10.0
14 9.754583572359843
15 10.0
;
param BDW_in := 
0 9.984488
1 10.0
2 10.0
3 10.0
4 10.0
5 10.0
6 10.0
7 10.0
8 9.98902
9 10.0
10 10.0
11 10.0
12 10.0
13 10.0
14 9.994136
15 10.0
;
param mem := 
1 16.0
2 16.0
3 16.0
4 64.0
5 2.0
6 8.0
7 16.0
30 16.0
31 8.0
32 8.0
33 2.0
8 16.0
9 2.0
10 16.0
11 2.0
12 8.0
13 32.0
14 2.0
15 2.0
16 2.0
17 2.0
18 8.0
19 32.0
20 16.0
21 16.0
22 16.0
23 16.0
24 16.0
25 16.0
26 16.0
27 16.0
28 8.0
29 32.0
;
param disk := 
1 36.0
2 36.0
3 36.0
4 64.0
5 8.0
6 24.0
7 36.0
30 36.0
31 24.0
32 24.0
33 8.0
8 36.0
9 8.0
10 36.0
11 8.0
12 24.0
13 50.0
14 8.0
15 8.0
16 8.0
17 8.0
18 24.0
19 43.2
20 36.0
21 36.0
22 36.0
23 36.0
24 36.0
25 36.0
26 36.0
27 36.0
28 24.0
29 50.0
;
param cpu : 
0 1 2 3 4 5 6 7 8 9 10 11 12 13 14 15 := 
1 1.2397304347826088 1.2397304347826088 1.2519780461031835 1.2519780461031835 1.2397304347826088 1.2397304347826088 1.2397304347826088 1.2397304347826088 1.2397304347826088 1.2397304347826088 1.238474011872014 1.238474011872014 1.2397304347826088 1.2397304347826088 1.2397304347826088 1.2397304347826088 
2 1.2397304347826088 1.2397304347826088 1.2519780461031835 1.2519780461031835 1.2397304347826088 1.2397304347826088 1.2397304347826088 1.2397304347826088 1.2397304347826088 1.2397304347826088 1.238474011872014 1.238474011872014 1.2397304347826088 1.2397304347826088 1.2397304347826088 1.2397304347826088 
3 0.020634624347826088 0.020634624347826088 0.02083847903402854 0.02083847903402854 0.020634624347826088 0.020634624347826088 0.020634624347826088 0.020634624347826088 0.020634624347826088 0.020634624347826088 0.020613711886491963 0.020613711886491963 0.020634624347826088 0.020634624347826088 0.020634624347826088 0.020634624347826088 
4 0.041269248695652176 0.041269248695652176 0.04167695806805708 0.04167695806805708 0.041269248695652176 0.041269248695652176 0.041269248695652176 0.041269248695652176 0.041269248695652176 0.041269248695652176 0.041227423772983926 0.041227423772983926 0.041269248695652176 0.041269248695652176 0.041269248695652176 0.041269248695652176 
5 5.179695652173914 5.179695652173914 5.230867178924259 5.230867178924259 5.179695652173914 5.179695652173914 5.179695652173914 5.179695652173914 5.179695652173914 5.179695652173914 5.174446213985812 5.174446213985812 5.179695652173914 5.179695652173914 5.179695652173914 5.179695652173914 
6 0.3894766458250666 0.3894766458250666 0.393324384367795 0.393324384367795 0.3894766458250666 0.3894766458250666 0.3894766458250666 0.3894766458250666 0.3894766458250666 0.3894766458250666 0.38908192503155625 0.38908192503155625 0.3894766458250666 0.3894766458250666 0.3894766458250666 0.3894766458250666 
7 6.776893637356158 6.776893637356158 6.843844287999633 6.843844287999633 6.776893637356158 6.776893637356158 6.776893637356158 6.776893637356158 6.776893637356158 6.776893637356158 6.7700254955490795 6.7700254955490795 6.776893637356158 6.776893637356158 6.776893637356158 6.776893637356158 
30 6.776893637356158 6.776893637356158 6.843844287999633 6.843844287999633 6.776893637356158 6.776893637356158 6.776893637356158 6.776893637356158 6.776893637356158 6.776893637356158 6.7700254955490795 6.7700254955490795 6.776893637356158 6.776893637356158 6.776893637356158 6.776893637356158 
31 0.3894766458250666 0.3894766458250666 0.393324384367795 0.393324384367795 0.3894766458250666 0.3894766458250666 0.3894766458250666 0.3894766458250666 0.3894766458250666 0.3894766458250666 0.38908192503155625 0.38908192503155625 0.3894766458250666 0.3894766458250666 0.3894766458250666 0.3894766458250666 
32 0.3894766458250666 0.3894766458250666 0.393324384367795 0.393324384367795 0.3894766458250666 0.3894766458250666 0.3894766458250666 0.3894766458250666 0.3894766458250666 0.3894766458250666 0.38908192503155625 0.38908192503155625 0.3894766458250666 0.3894766458250666 0.3894766458250666 0.3894766458250666 
33 5.179695652173914 5.179695652173914 5.230867178924259 5.230867178924259 5.179695652173914 5.179695652173914 5.179695652173914 5.179695652173914 5.179695652173914 5.179695652173914 5.174446213985812 5.174446213985812 5.179695652173914 5.179695652173914 5.179695652173914 5.179695652173914 
8 2.7662782608695653 2.7662782608695653 2.7936070252469816 2.7936070252469816 2.7662782608695653 2.7662782608695653 2.7662782608695653 2.7662782608695653 2.7662782608695653 2.7662782608695653 2.7634747357753007 2.7634747357753007 2.7662782608695653 2.7662782608695653 2.7662782608695653 2.7662782608695653 
9 0.31200697419647416 0.31200697419647416 0.3150893702093921 0.3150893702093921 0.31200697419647416 0.31200697419647416 0.31200697419647416 0.31200697419647416 0.31200697419647416 0.31200697419647416 0.31169076617282054 0.31169076617282054 0.31200697419647416 0.31200697419647416 0.31200697419647416 0.31200697419647416 
10 1.4976334761430758 1.4976334761430758 1.5124289770050818 1.5124289770050818 1.4976334761430758 1.4976334761430758 1.4976334761430758 1.4976334761430758 1.4976334761430758 1.4976334761430758 1.4961156776295383 1.4961156776295383 1.4976334761430758 1.4976334761430758 1.4976334761430758 1.4976334761430758 
11 4.838156521739131 4.838156521739131 4.885953896816686 4.885953896816686 4.838156521739131 4.838156521739131 4.838156521739131 4.838156521739131 4.838156521739131 4.838156521739131 4.833253221369626 4.833253221369626 4.838156521739131 4.838156521739131 4.838156521739131 4.838156521739131 
12 0.545692961691514 0.545692961691514 0.551084000830069 0.551084000830069 0.545692961691514 0.545692961691514 0.545692961691514 0.545692961691514 0.545692961691514 0.545692961691514 0.5451399211917543 0.5451399211917543 0.545692961691514 0.545692961691514 0.545692961691514 0.545692961691514 
13 6.439176947959866 6.439176947959866 6.502791209794815 6.502791209794815 6.439176947959866 6.439176947959866 6.439176947959866 6.439176947959866 6.439176947959866 6.439176947959866 6.4326510700627 6.4326510700627 6.439176947959866 6.439176947959866 6.439176947959866 6.439176947959866 
14 1.8303478260869566 1.8303478260869566 1.8484302963776071 1.8484302963776071 1.8303478260869566 1.8303478260869566 1.8303478260869566 1.8303478260869566 1.8303478260869566 1.8303478260869566 1.8284928333574637 1.8284928333574637 1.8303478260869566 1.8303478260869566 1.8303478260869566 1.8303478260869566 
15 1.8303478260869566 1.8303478260869566 1.8484302963776071 1.8484302963776071 1.8303478260869566 1.8303478260869566 1.8303478260869566 1.8303478260869566 1.8303478260869566 1.8303478260869566 1.8284928333574637 1.8284928333574637 1.8303478260869566 1.8303478260869566 1.8303478260869566 1.8303478260869566 
16 1.8303478260869566 1.8303478260869566 1.8484302963776071 1.8484302963776071 1.8303478260869566 1.8303478260869566 1.8303478260869566 1.8303478260869566 1.8303478260869566 1.8303478260869566 1.8284928333574637 1.8284928333574637 1.8303478260869566 1.8303478260869566 1.8303478260869566 1.8303478260869566 
17 1.8303478260869566 1.8303478260869566 1.8484302963776071 1.8484302963776071 1.8303478260869566 1.8303478260869566 1.8303478260869566 1.8303478260869566 1.8303478260869566 1.8303478260869566 1.8284928333574637 1.8284928333574637 1.8303478260869566 1.8303478260869566 1.8303478260869566 1.8303478260869566 
18 0.060930245410628026 0.060930245410628026 0.061532190754970115 0.061532190754970115 0.060930245410628026 0.060930245410628026 0.060930245410628026 0.060930245410628026 0.060930245410628026 0.060930245410628026 0.06086849476376623 0.06086849476376623 0.060930245410628026 0.060930245410628026 0.060930245410628026 0.060930245410628026 
19 0.008124032721417068 0.008124032721417068 0.008204292100662681 0.008204292100662681 0.008124032721417068 0.008124032721417068 0.008124032721417068 0.008124032721417068 0.008124032721417068 0.008124032721417068 0.008115799301835496 0.008115799301835496 0.008124032721417068 0.008124032721417068 0.008124032721417068 0.008124032721417068 
20 1.4756 1.4756 1.4901778265642154 1.4901778265642154 1.4756 1.4756 1.4756 1.4756 1.4756 1.4756 1.4741045316345738 1.4741045316345738 1.4756 1.4756 1.4756 1.4756 
21 1.4756 1.4756 1.4901778265642154 1.4901778265642154 1.4756 1.4756 1.4756 1.4756 1.4756 1.4756 1.4741045316345738 1.4741045316345738 1.4756 1.4756 1.4756 1.4756 
22 1.4756 1.4756 1.4901778265642154 1.4901778265642154 1.4756 1.4756 1.4756 1.4756 1.4756 1.4756 1.4741045316345738 1.4741045316345738 1.4756 1.4756 1.4756 1.4756 
23 1.4756 1.4756 1.4901778265642154 1.4901778265642154 1.4756 1.4756 1.4756 1.4756 1.4756 1.4756 1.4741045316345738 1.4741045316345738 1.4756 1.4756 1.4756 1.4756 
24 1.4756 1.4756 1.4901778265642154 1.4901778265642154 1.4756 1.4756 1.4756 1.4756 1.4756 1.4756 1.4741045316345738 1.4741045316345738 1.4756 1.4756 1.4756 1.4756 
25 1.4756 1.4756 1.4901778265642154 1.4901778265642154 1.4756 1.4756 1.4756 1.4756 1.4756 1.4756 1.4741045316345738 1.4741045316345738 1.4756 1.4756 1.4756 1.4756 
26 1.4756 1.4756 1.4901778265642154 1.4901778265642154 1.4756 1.4756 1.4756 1.4756 1.4756 1.4756 1.4741045316345738 1.4741045316345738 1.4756 1.4756 1.4756 1.4756 
27 1.4756 1.4756 1.4901778265642154 1.4901778265642154 1.4756 1.4756 1.4756 1.4756 1.4756 1.4756 1.4741045316345738 1.4741045316345738 1.4756 1.4756 1.4756 1.4756 
28 0.09824216888888888 0.09824216888888888 0.09921272818636417 0.09921272818636417 0.09824216888888888 0.09824216888888888 0.09824216888888888 0.09824216888888888 0.09824216888888888 0.09824216888888888 0.09814260392838182 0.09814260392838182 0.09824216888888888 0.09824216888888888 0.09824216888888888 0.09824216888888888 
29 0.019648433777777783 0.019648433777777783 0.019842545637272842 0.019842545637272842 0.019648433777777783 0.019648433777777783 0.019648433777777783 0.019648433777777783 0.019648433777777783 0.019648433777777783 0.019628520785676368 0.019628520785676368 0.019648433777777783 0.019648433777777783 0.019648433777777783 0.019648433777777783 
;
set c_0 := 0;
param d := 
[0,*,*] : 
0 1 2 3 4 := 
0 0 0.002628 0.002628 0 0 
1 0.5832213333333334 0 0 2.0829333333333334E-5 0 
2 0.5832213333333334 0 0 2.0829333333333334E-5 0 
3 0 0.002916106666666667 0.002916106666666667 0 4.165866666666667E-5 
4 0 0 0 0.005832213333333334 0 
[1,*,*] : 
0 5 6 7 30 31 32 33 := 
0 0 0.01098 0 0 0 0 0 0.01098 
5 0.4595280312907431 0 3.931517601043024E-4 0 0 3.931517601043024E-4 3.931517601043024E-4 0 
6 0 0.011794552803129072 0 0.002280280208604954 0.002280280208604954 0 0 0.011794552803129072 
7 0 0 0.06840840625814862 0 0 0.06840840625814862 0.06840840625814862 0 
30 0 0 0.06840840625814862 0 0 0.06840840625814862 0.06840840625814862 0 
31 0 0.011794552803129072 0 0.002280280208604954 0.002280280208604954 0 0 0.011794552803129072 
32 0 0.011794552803129072 0 0.002280280208604954 0.002280280208604954 0 0 0.011794552803129072 
33 0.4595280312907431 0 3.931517601043024E-4 0 0 3.931517601043024E-4 3.931517601043024E-4 0 
[2,*,*] : 
0 8 9 10 := 
0 0 0.005864 0 0 
8 0.24541642764015648 0 6.299021642764015E-4 0 
9 0 0.01889706492829205 0 0.0015117651942633636 
10 0 0 0.045352955827900915 0 
[3,*,*] : 
0 11 12 13 := 
0 0 0.010256 0 0 
11 0.4292276401564537 0 0.0011016842764015643 0 
12 0 0.03305052829204693 0 0.00649993723076923 
13 0 0 0.1949981169230769 0 
[4,*,*] : 
0 14 15 16 17 18 19 := 
0 0 0.00388 0.00388 0.00388 0.00388 0 0 
14 0.8610725925925926 0 0 0 0 3.075259259259259E-5 0 
15 0.8610725925925926 0 0 0 0 3.075259259259259E-5 0 
16 0.8610725925925926 0 0 0 0 3.075259259259259E-5 0 
17 0.8610725925925926 0 0 0 0 3.075259259259259E-5 0 
18 0 0.004305362962962963 0.004305362962962963 0.004305362962962963 0.004305362962962963 0 8.20069135802469E-6 
19 0 0 0 0 0 0.0011480967901234568 0 
[5,*,*] : 
0 20 21 22 23 24 25 26 27 28 29 := 
0 0 0.003128 0.003128 0.003128 0.003128 0.003128 0.003128 0.003128 0.003128 0 0 
20 0.6941842962962963 0 0 0 0 0 0 0 0 2.4792296296296298E-5 0 
21 0.6941842962962963 0 0 0 0 0 0 0 0 2.4792296296296298E-5 0 
22 0.6941842962962963 0 0 0 0 0 0 0 0 2.4792296296296298E-5 0 
23 0.6941842962962963 0 0 0 0 0 0 0 0 2.4792296296296298E-5 0 
24 0.6941842962962963 0 0 0 0 0 0 0 0 2.4792296296296298E-5 0 
25 0.6941842962962963 0 0 0 0 0 0 0 0 2.4792296296296298E-5 0 
26 0.6941842962962963 0 0 0 0 0 0 0 0 2.4792296296296298E-5 0 
27 0.6941842962962963 0 0 0 0 0 0 0 0 2.4792296296296298E-5 0 
28 0 0.0034709214814814815 0.0034709214814814815 0.0034709214814814815 0.0034709214814814815 0.0034709214814814815 0.0034709214814814815 0.0034709214814814815 0.0034709214814814815 0 1.983383703703704E-5 
29 0 0 0 0 0 0 0 0 0 0.0027767371851851854 0 
;
param x_bar : 0 1 2 3 4 5 6 7 8 9 10 11 12 13 14 15  := 
0 0 0 0 0 0 0 0 0 0 0 0 0 0 0 0 0 
1 1 0 0 0 0 0 0 0 0 0 0 0 0 0 0 0 
2 1 0 0 0 0 0 0 0 0 0 0 0 0 0 0 0 
3 1 0 0 0 0 0 0 0 0 0 0 0 0 0 0 0 
4 1 0 0 0 0 0 0 0 0 0 0 0 0 0 0 0 
5 0 0 0 0 0 0 0 0 1 0 0 0 0 0 0 0 
6 0 0 0 0 0 0 0 0 1 0 0 0 0 0 0 0 
7 0 0 0 0 0 0 0 0 1 0 0 0 0 0 0 0 
8 0 0 0 0 0 0 0 0 0 0 0 0 0 0 1 0 
9 0 0 0 0 0 0 0 0 0 0 0 0 0 0 1 0 
10 0 0 0 0 0 0 0 0 0 0 0 0 0 0 1 0 
11 1 0 0 0 0 0 0 0 0 0 0 0 0 0 0 0 
12 1 0 0 0 0 0 0 0 0 0 0 0 0 0 0 0 
13 1 0 0 0 0 0 0 0 0 0 0 0 0 0 0 0 
;
