seed200_p6_R70_Cob24_Cf69
-908.2651527749207
-994.1059026420876 83392
300210 58512
seed201_p6_R70_Cob12_Cf50
-1277.5436204730256
-1279.5436204730256 1608
300007 94270
seed202_p6_R70_Cob7_Cf49
-960.3787004215278
-998.5741499782737 3723
300007 147567
seed203_p6_R70_Cob16_Cf59
-833.7492079876829
-938.6268651717111 6910
300019 58756
seed204_p6_R70_Cob22_Cf79
-1955.5730110355883
-1955.5730110355883 102741
300012 41570
seed205_p6_R70_Cob11_Cf46
-643.1684139841108
-670.3251555615603 4051
300002 96829
seed206_p6_R70_Cob14_Cf68
-1634.3872744725172
-1700.1058537439546 6015
300020 51670
seed207_p6_R70_Cob8_Cf33
-23.979318800430036
-47.07897852548466 5179
300000 108871
seed208_p6_R70_Cob19_Cf65
-578.0569241284659
-753.5768551844363 12935
300008 51938
seed209_p6_R70_Cob12_Cf63
Infinity
Infinity 0
300004 97669
seed210_p6_R70_Cob15_Cf68
-1560.4114763770585
-1562.6782232473645 164489
300005 74456
seed211_p6_R70_Cob15_Cf39
-667.2951377132168
-722.5877663412635 237449
300008 52245
seed212_p6_R70_Cob19_Cf62
-807.8371928741876
-831.8079509409616 16618
300008 83153
seed213_p6_R70_Cob21_Cf55
-1252.4333315296392
-1305.8809527605945 15184
300132 132471
seed214_p6_R70_Cob14_Cf28
-959.9203103725373
-959.9203103725374 13513
300480 79555
seed215_p6_R70_Cob18_Cf49
-731.0414215299229
-811.1492233626566 246381
300002 39595
seed216_p6_R70_Cob18_Cf84
-1330.748638609681
-1420.2358317659523 6418
300319 52505
seed217_p6_R70_Cob24_Cf52
-1660.6710243775979
-1758.4850575609642 117421
300005 65401
seed218_p6_R70_Cob9_Cf60
-950.7644882487268
-1004.4587527766449 1551
300465 83597
seed220_p6_R70_Cob33_Cf54
-1718.6565283651419
-1727.1263258723127 1147
300009 56886
seed221_p6_R70_Cob17_Cf51
-1398.7278373639408
-1452.3792237351722 23560
300009 108944
seed222_p6_R70_Cob7_Cf32
-237.05794656283757
-331.3019706114392 2891
300004 279931
seed223_p6_R70_Cob20_Cf56
-1347.8809688315846
-1398.2323307852698 6809
300076 59941
seed224_p6_R70_Cob16_Cf79
-1305.1748800789508
-1359.5036993373292 12752
300023 44936
seed225_p6_R70_Cob13_Cf52
-1800.5350865894472
-1806.6671708011572 136288
300007 59111
seed226_p6_R70_Cob15_Cf71
Infinity
Infinity 0
300015 53540
seed227_p6_R70_Cob6_Cf77
-657.1614530847826
-714.494039347389 5729
300009 86475
seed228_p6_R70_Cob22_Cf63
-1374.7225615362406
-1697.330496682754 6213
300358 54687
seed229_p6_R70_Cob20_Cf47
-736.8194570515018
-771.5517421810601 230625
300413 45020
seed230_p6_R70_Cob14_Cf59
-1015.6428515882004
-1051.6318039657438 5993
300135 85459
seed231_p6_R70_Cob19_Cf52
-912.9659310936953
-948.486058068092 4220
300009 85050
seed232_p6_R70_Cob6_Cf54
-420.0437693914721
-445.3091561794773 5635
300048 99656
seed233_p6_R70_Cob10_Cf51
-598.4045903541978
-664.6521787093507 4800
300006 124439
seed234_p6_R70_Cob11_Cf75
-638.8078667878963
-732.8907217541482 6435
300006 104494
seed235_p6_R70_Cob17_Cf52
-1803.0017579995663
-1841.0704963694307 26565
300002 46197
seed236_p6_R70_Cob7_Cf41
-924.3735782538123
-931.387682872928 264513
300138 69377
seed237_p6_R70_Cob18_Cf36
-265.00017932196556
-320.2964528276995 5121
300132 474649
seed238_p6_R70_Cob15_Cf53
-546.2499612615835
-548.8805851649258 204965
300002 63598
seed239_p6_R70_Cob11_Cf52
-1205.1135858079906
-1291.0133587392813 2855
300003 145365
seed240_p6_R70_Cob12_Cf54
-1804.525556510568
-1804.525556510568 938
300278 51290
seed241_p6_R70_Cob22_Cf79
-1982.9162788368265
-2049.824174520647 5996
300005 57066
seed242_p6_R70_Cob8_Cf43
-1235.8705899365827
-1240.2529983831714 24075
300139 63535
seed243_p6_R70_Cob18_Cf55
-1361.940172268042
-1443.3439612637865 3471
300016 67947
seed244_p6_R70_Cob14_Cf54
-1450.1182116810112
-1518.601241307171 2923
300018 86431
seed245_p6_R70_Cob10_Cf53
-661.492053214516
-670.4886247581794 4914
300007 93360
seed246_p6_R70_Cob9_Cf44
-657.3181448686585
-663.5354841047755 90222
300009 96002
seed247_p6_R70_Cob3_Cf60
-531.1455581624406
-558.7486349859947 3884
300199 118809
seed248_p6_R70_Cob4_Cf58
-233.91108484612477
-260.65231607741555 4460
300004 92907
seed249_p6_R70_Cob15_Cf54
-1195.0001974444735
-1204.1481946859137 11945
300011 93028
seed250_p6_R70_Cob10_Cf79
-1148.3172624637955
-1259.7154668307635 4542
300151 24480
