data;
set C_bar :=  1 2 3 4 5 6 7 8 9 10 11 12 13 ;
set C :=  14 15 16 17 18 19 20 21 22 23 44 46 47 48 49 50 51 52 53 24 25 26 27 28 29 30 31 32 38 39 40 41 42 43 33 34 35 36 37 45 ;
set R := 0 1 2 3 4 5 6 ;
set C_bar_r[0] :=  
1 2 3 ;
set C_bar_r[1] :=  
4 5 6 ;
set C_bar_r[2] :=  
7 8 9 10 ;
set C_bar_r[3] :=  
11 12 13 ;
set C_r[0] :=  
31 32 38 39 40 41 42 43 ;
set C_r[1] :=  
33 34 35 36 37 ;
set C_r[2] :=  
;
set C_r[3] :=  
45 ;
set C_r[4] :=  
14 15 16 17 18 19 20 21 22 23 44 46 47 48 49 50 51 52 53 ;
set C_r[5] :=  
24 25 26 ;
set C_r[6] :=  
27 28 29 30 ;
set S :=  0 1 2 3 4 5 6 7 8 9 10 11 12 13 14 15 ;
set S_u :=  0 1 2 3 4 5 6 7 8 9 10 11 12 13 14 15 ;
set S_r[0] := 
6 ;
set S_r[1] := 
0 ;
set S_r[2] := 
4 8 9 ;
set S_r[3] := 
6 ;
set Rack :=  0 1 2 3 4 5 6 7 ;
param COST : 0 1 2 3 4 5 6 7 8 9 10 11 12 13 14 15 :=
0 0 1 3 3 5 5 5 5 5 5 5 5 5 5 5 5 
1 1 0 3 3 5 5 5 5 5 5 5 5 5 5 5 5 
2 3 3 0 1 5 5 5 5 5 5 5 5 5 5 5 5 
3 3 3 1 0 5 5 5 5 5 5 5 5 5 5 5 5 
4 5 5 5 5 0 1 3 3 5 5 5 5 5 5 5 5 
5 5 5 5 5 1 0 3 3 5 5 5 5 5 5 5 5 
6 5 5 5 5 3 3 0 1 5 5 5 5 5 5 5 5 
7 5 5 5 5 3 3 1 0 5 5 5 5 5 5 5 5 
8 5 5 5 5 5 5 5 5 0 1 3 3 5 5 5 5 
9 5 5 5 5 5 5 5 5 1 0 3 3 5 5 5 5 
10 5 5 5 5 5 5 5 5 3 3 0 1 5 5 5 5 
11 5 5 5 5 5 5 5 5 3 3 1 0 5 5 5 5 
12 5 5 5 5 5 5 5 5 5 5 5 5 0 1 3 3 
13 5 5 5 5 5 5 5 5 5 5 5 5 1 0 3 3 
14 5 5 5 5 5 5 5 5 5 5 5 5 3 3 0 1 
15 5 5 5 5 5 5 5 5 5 5 5 5 3 3 1 0 
;
set S_rack[0] :=  
0 1 ;
set S_rack[1] :=  
2 3 ;
set S_rack[2] :=  
4 5 ;
set S_rack[3] :=  
6 7 ;
set S_rack[4] :=  
8 9 ;
set S_rack[5] :=  
10 11 ;
set S_rack[6] :=  
12 13 ;
set S_rack[7] :=  
14 15 ;
param CPU := 
0 45.0
1 56.0
2 44.0
3 44.0
4 18.4761905670166
5 28.0
6 33.0
7 56.0
8 19.0
9 20.0
10 28.0
11 28.0
12 56.0
13 56.0
14 28.0
15 28.0
;
param MEM := 
0 150.0
1 192.0
2 128.0
3 128.0
4 64.0
5 96.0
6 106.0
7 192.0
8 15.0
9 16.0
10 96.0
11 96.0
12 192.0
13 192.0
14 48.0
15 48.0
;
param DISK := 
0 302.0
1 384.0
2 256.0
3 256.0
4 142.0
5 192.0
6 248.0
7 384.0
8 42.0
9 46.0
10 192.0
11 192.0
12 384.0
13 384.0
14 96.0
15 96.0
;
param BDW_out := 
0 9.957657142857142
1 10.0
2 10.0
3 10.0
4 9.42589504
5 10.0
6 9.015641904761905
7 10.0
8 9.38397382857143
9 9.438979428571429
10 10.0
11 10.0
12 10.0
13 10.0
14 10.0
15 10.0
;
param BDW_in := 
0 9.999012
1 10.0
2 10.0
3 10.0
4 9.974416
5 10.0
6 9.983509333333334
7 10.0
8 9.40031104
9 9.9449944
10 10.0
11 10.0
12 10.0
13 10.0
14 10.0
15 10.0
;
param mem := 
1 64.0
2 8.0
3 2.0
31 8.0
32 8.0
38 2.0
39 64.0
40 2.0
41 2.0
42 64.0
43 8.0
4 2.0
5 8.0
6 32.0
33 32.0
34 2.0
35 2.0
36 2.0
37 8.0
7 32.0
8 32.0
9 1.0
10 32.0
11 2.0
12 2.0
13 8.0
45 2.0
14 1.0
15 1.0
16 1.0
17 1.0
18 1.0
19 1.0
20 1.0
21 1.0
22 4.0
23 8.0
44 1.0
46 4.0
47 1.0
48 4.0
49 4.0
50 8.0
51 1.0
52 8.0
53 4.0
24 16.0
25 16.0
26 16.0
27 16.0
28 16.0
29 64.0
30 8.0
;
param disk := 
1 64.0
2 24.0
3 8.0
31 24.0
32 24.0
38 8.0
39 64.0
40 8.0
41 8.0
42 64.0
43 24.0
4 8.0
5 24.0
6 50.0
33 50.0
34 8.0
35 8.0
36 8.0
37 24.0
7 50.0
8 50.0
9 4.0
10 50.0
11 8.0
12 8.0
13 24.0
45 8.0
14 4.0
15 4.0
16 4.0
17 4.0
18 4.0
19 4.0
20 4.0
21 4.0
22 16.0
23 24.0
44 4.0
46 16.0
47 4.0
48 16.0
49 16.0
50 24.0
51 4.0
52 24.0
53 16.0
24 36.0
25 36.0
26 36.0
27 36.0
28 36.0
29 64.0
30 24.0
;
param cpu : 
0 1 2 3 4 5 6 7 8 9 10 11 12 13 14 15 := 
1 16.0 16.0 18.181818181818183 18.181818181818183 19.047619047619047 19.047619047619047 16.0 16.0 16.0 16.0 19.047619047619047 19.047619047619047 16.0 16.0 16.0 16.0 
2 2.0 2.0 2.272727272727273 2.272727272727273 2.380952380952381 2.380952380952381 2.0 2.0 2.0 2.0 2.380952380952381 2.380952380952381 2.0 2.0 2.0 2.0 
3 1.0 1.0 1.1363636363636365 1.1363636363636365 1.1904761904761905 1.1904761904761905 1.0 1.0 1.0 1.0 1.1904761904761905 1.1904761904761905 1.0 1.0 1.0 1.0 
31 2.0 2.0 2.272727272727273 2.272727272727273 2.380952380952381 2.380952380952381 2.0 2.0 2.0 2.0 2.380952380952381 2.380952380952381 2.0 2.0 2.0 2.0 
32 2.0 2.0 2.272727272727273 2.272727272727273 2.380952380952381 2.380952380952381 2.0 2.0 2.0 2.0 2.380952380952381 2.380952380952381 2.0 2.0 2.0 2.0 
38 1.0 1.0 1.1363636363636365 1.1363636363636365 1.1904761904761905 1.1904761904761905 1.0 1.0 1.0 1.0 1.1904761904761905 1.1904761904761905 1.0 1.0 1.0 1.0 
39 16.0 16.0 18.181818181818183 18.181818181818183 19.047619047619047 19.047619047619047 16.0 16.0 16.0 16.0 19.047619047619047 19.047619047619047 16.0 16.0 16.0 16.0 
40 1.0 1.0 1.1363636363636365 1.1363636363636365 1.1904761904761905 1.1904761904761905 1.0 1.0 1.0 1.0 1.1904761904761905 1.1904761904761905 1.0 1.0 1.0 1.0 
41 1.0 1.0 1.1363636363636365 1.1363636363636365 1.1904761904761905 1.1904761904761905 1.0 1.0 1.0 1.0 1.1904761904761905 1.1904761904761905 1.0 1.0 1.0 1.0 
42 16.0 16.0 18.181818181818183 18.181818181818183 19.047619047619047 19.047619047619047 16.0 16.0 16.0 16.0 19.047619047619047 19.047619047619047 16.0 16.0 16.0 16.0 
43 2.0 2.0 2.272727272727273 2.272727272727273 2.380952380952381 2.380952380952381 2.0 2.0 2.0 2.0 2.380952380952381 2.380952380952381 2.0 2.0 2.0 2.0 
4 1.0 1.0 1.1363636363636365 1.1363636363636365 1.1904761904761905 1.1904761904761905 1.0 1.0 1.0 1.0 1.1904761904761905 1.1904761904761905 1.0 1.0 1.0 1.0 
5 2.0 2.0 2.272727272727273 2.272727272727273 2.380952380952381 2.380952380952381 2.0 2.0 2.0 2.0 2.380952380952381 2.380952380952381 2.0 2.0 2.0 2.0 
6 8.0 8.0 9.090909090909092 9.090909090909092 9.523809523809524 9.523809523809524 8.0 8.0 8.0 8.0 9.523809523809524 9.523809523809524 8.0 8.0 8.0 8.0 
33 8.0 8.0 9.090909090909092 9.090909090909092 9.523809523809524 9.523809523809524 8.0 8.0 8.0 8.0 9.523809523809524 9.523809523809524 8.0 8.0 8.0 8.0 
34 1.0 1.0 1.1363636363636365 1.1363636363636365 1.1904761904761905 1.1904761904761905 1.0 1.0 1.0 1.0 1.1904761904761905 1.1904761904761905 1.0 1.0 1.0 1.0 
35 1.0 1.0 1.1363636363636365 1.1363636363636365 1.1904761904761905 1.1904761904761905 1.0 1.0 1.0 1.0 1.1904761904761905 1.1904761904761905 1.0 1.0 1.0 1.0 
36 1.0 1.0 1.1363636363636365 1.1363636363636365 1.1904761904761905 1.1904761904761905 1.0 1.0 1.0 1.0 1.1904761904761905 1.1904761904761905 1.0 1.0 1.0 1.0 
37 2.0 2.0 2.272727272727273 2.272727272727273 2.380952380952381 2.380952380952381 2.0 2.0 2.0 2.0 2.380952380952381 2.380952380952381 2.0 2.0 2.0 2.0 
7 8.0 8.0 9.090909090909092 9.090909090909092 9.523809523809524 9.523809523809524 8.0 8.0 8.0 8.0 9.523809523809524 9.523809523809524 8.0 8.0 8.0 8.0 
8 8.0 8.0 9.090909090909092 9.090909090909092 9.523809523809524 9.523809523809524 8.0 8.0 8.0 8.0 9.523809523809524 9.523809523809524 8.0 8.0 8.0 8.0 
9 1.0 1.0 1.1363636363636365 1.1363636363636365 1.1904761904761905 1.1904761904761905 1.0 1.0 1.0 1.0 1.1904761904761905 1.1904761904761905 1.0 1.0 1.0 1.0 
10 8.0 8.0 9.090909090909092 9.090909090909092 9.523809523809524 9.523809523809524 8.0 8.0 8.0 8.0 9.523809523809524 9.523809523809524 8.0 8.0 8.0 8.0 
11 1.0 1.0 1.1363636363636365 1.1363636363636365 1.1904761904761905 1.1904761904761905 1.0 1.0 1.0 1.0 1.1904761904761905 1.1904761904761905 1.0 1.0 1.0 1.0 
12 1.0 1.0 1.1363636363636365 1.1363636363636365 1.1904761904761905 1.1904761904761905 1.0 1.0 1.0 1.0 1.1904761904761905 1.1904761904761905 1.0 1.0 1.0 1.0 
13 2.0 2.0 2.272727272727273 2.272727272727273 2.380952380952381 2.380952380952381 2.0 2.0 2.0 2.0 2.380952380952381 2.380952380952381 2.0 2.0 2.0 2.0 
45 1.0 1.0 1.1363636363636365 1.1363636363636365 1.1904761904761905 1.1904761904761905 1.0 1.0 1.0 1.0 1.1904761904761905 1.1904761904761905 1.0 1.0 1.0 1.0 
14 1.0 1.0 1.1363636363636365 1.1363636363636365 1.1904761904761905 1.1904761904761905 1.0 1.0 1.0 1.0 1.1904761904761905 1.1904761904761905 1.0 1.0 1.0 1.0 
15 1.0 1.0 1.1363636363636365 1.1363636363636365 1.1904761904761905 1.1904761904761905 1.0 1.0 1.0 1.0 1.1904761904761905 1.1904761904761905 1.0 1.0 1.0 1.0 
16 1.0 1.0 1.1363636363636365 1.1363636363636365 1.1904761904761905 1.1904761904761905 1.0 1.0 1.0 1.0 1.1904761904761905 1.1904761904761905 1.0 1.0 1.0 1.0 
17 1.0 1.0 1.1363636363636365 1.1363636363636365 1.1904761904761905 1.1904761904761905 1.0 1.0 1.0 1.0 1.1904761904761905 1.1904761904761905 1.0 1.0 1.0 1.0 
18 1.0 1.0 1.1363636363636365 1.1363636363636365 1.1904761904761905 1.1904761904761905 1.0 1.0 1.0 1.0 1.1904761904761905 1.1904761904761905 1.0 1.0 1.0 1.0 
19 1.0 1.0 1.1363636363636365 1.1363636363636365 1.1904761904761905 1.1904761904761905 1.0 1.0 1.0 1.0 1.1904761904761905 1.1904761904761905 1.0 1.0 1.0 1.0 
20 1.0 1.0 1.1363636363636365 1.1363636363636365 1.1904761904761905 1.1904761904761905 1.0 1.0 1.0 1.0 1.1904761904761905 1.1904761904761905 1.0 1.0 1.0 1.0 
21 1.0 1.0 1.1363636363636365 1.1363636363636365 1.1904761904761905 1.1904761904761905 1.0 1.0 1.0 1.0 1.1904761904761905 1.1904761904761905 1.0 1.0 1.0 1.0 
22 2.0 2.0 2.272727272727273 2.272727272727273 2.380952380952381 2.380952380952381 2.0 2.0 2.0 2.0 2.380952380952381 2.380952380952381 2.0 2.0 2.0 2.0 
23 2.0 2.0 2.272727272727273 2.272727272727273 2.380952380952381 2.380952380952381 2.0 2.0 2.0 2.0 2.380952380952381 2.380952380952381 2.0 2.0 2.0 2.0 
44 1.0 1.0 1.1363636363636365 1.1363636363636365 1.1904761904761905 1.1904761904761905 1.0 1.0 1.0 1.0 1.1904761904761905 1.1904761904761905 1.0 1.0 1.0 1.0 
46 2.0 2.0 2.272727272727273 2.272727272727273 2.380952380952381 2.380952380952381 2.0 2.0 2.0 2.0 2.380952380952381 2.380952380952381 2.0 2.0 2.0 2.0 
47 1.0 1.0 1.1363636363636365 1.1363636363636365 1.1904761904761905 1.1904761904761905 1.0 1.0 1.0 1.0 1.1904761904761905 1.1904761904761905 1.0 1.0 1.0 1.0 
48 2.0 2.0 2.272727272727273 2.272727272727273 2.380952380952381 2.380952380952381 2.0 2.0 2.0 2.0 2.380952380952381 2.380952380952381 2.0 2.0 2.0 2.0 
49 2.0 2.0 2.272727272727273 2.272727272727273 2.380952380952381 2.380952380952381 2.0 2.0 2.0 2.0 2.380952380952381 2.380952380952381 2.0 2.0 2.0 2.0 
50 2.0 2.0 2.272727272727273 2.272727272727273 2.380952380952381 2.380952380952381 2.0 2.0 2.0 2.0 2.380952380952381 2.380952380952381 2.0 2.0 2.0 2.0 
51 1.0 1.0 1.1363636363636365 1.1363636363636365 1.1904761904761905 1.1904761904761905 1.0 1.0 1.0 1.0 1.1904761904761905 1.1904761904761905 1.0 1.0 1.0 1.0 
52 2.0 2.0 2.272727272727273 2.272727272727273 2.380952380952381 2.380952380952381 2.0 2.0 2.0 2.0 2.380952380952381 2.380952380952381 2.0 2.0 2.0 2.0 
53 2.0 2.0 2.272727272727273 2.272727272727273 2.380952380952381 2.380952380952381 2.0 2.0 2.0 2.0 2.380952380952381 2.380952380952381 2.0 2.0 2.0 2.0 
24 4.0 4.0 4.545454545454546 4.545454545454546 4.761904761904762 4.761904761904762 4.0 4.0 4.0 4.0 4.761904761904762 4.761904761904762 4.0 4.0 4.0 4.0 
25 4.0 4.0 4.545454545454546 4.545454545454546 4.761904761904762 4.761904761904762 4.0 4.0 4.0 4.0 4.761904761904762 4.761904761904762 4.0 4.0 4.0 4.0 
26 4.0 4.0 4.545454545454546 4.545454545454546 4.761904761904762 4.761904761904762 4.0 4.0 4.0 4.0 4.761904761904762 4.761904761904762 4.0 4.0 4.0 4.0 
27 4.0 4.0 4.545454545454546 4.545454545454546 4.761904761904762 4.761904761904762 4.0 4.0 4.0 4.0 4.761904761904762 4.761904761904762 4.0 4.0 4.0 4.0 
28 4.0 4.0 4.545454545454546 4.545454545454546 4.761904761904762 4.761904761904762 4.0 4.0 4.0 4.0 4.761904761904762 4.761904761904762 4.0 4.0 4.0 4.0 
29 16.0 16.0 18.181818181818183 18.181818181818183 19.047619047619047 19.047619047619047 16.0 16.0 16.0 16.0 19.047619047619047 19.047619047619047 16.0 16.0 16.0 16.0 
30 2.0 2.0 2.272727272727273 2.272727272727273 2.380952380952381 2.380952380952381 2.0 2.0 2.0 2.0 2.380952380952381 2.380952380952381 2.0 2.0 2.0 2.0 
;
set c_0 := 0;
param d := 
[0,*,*] : 
0 1 2 3 31 32 38 39 40 41 42 43 := 
0 0 0.0011706666666666666 0 0 0 0 0 0.0011706666666666666 0 0 0.0011706666666666666 0 
1 0.32778666666666667 0 2.9266666666666666E-4 0 2.9266666666666666E-4 2.9266666666666666E-4 0 0 0 0 0 2.9266666666666666E-4 
2 0 4.0973333333333334E-4 0 2.195E-4 0 0 2.195E-4 4.0973333333333334E-4 2.195E-4 2.195E-4 4.0973333333333334E-4 0 
3 0 0 1.8438E-4 0 1.8438E-4 1.8438E-4 0 0 0 0 0 1.8438E-4 
31 0 4.0973333333333334E-4 0 2.195E-4 0 0 2.195E-4 4.0973333333333334E-4 2.195E-4 2.195E-4 4.0973333333333334E-4 0 
32 0 4.0973333333333334E-4 0 2.195E-4 0 0 2.195E-4 4.0973333333333334E-4 2.195E-4 2.195E-4 4.0973333333333334E-4 0 
38 0 0 1.8438E-4 0 1.8438E-4 1.8438E-4 0 0 0 0 0 1.8438E-4 
39 0.32778666666666667 0 2.9266666666666666E-4 0 2.9266666666666666E-4 2.9266666666666666E-4 0 0 0 0 0 2.9266666666666666E-4 
40 0 0 1.8438E-4 0 1.8438E-4 1.8438E-4 0 0 0 0 0 1.8438E-4 
41 0 0 1.8438E-4 0 1.8438E-4 1.8438E-4 0 0 0 0 0 1.8438E-4 
42 0.32778666666666667 0 2.9266666666666666E-4 0 2.9266666666666666E-4 2.9266666666666666E-4 0 0 0 0 0 2.9266666666666666E-4 
43 0 4.0973333333333334E-4 0 2.195E-4 0 0 2.195E-4 4.0973333333333334E-4 2.195E-4 2.195E-4 4.0973333333333334E-4 0 
[1,*,*] : 
0 4 5 6 33 34 35 36 37 := 
0 0 9.88E-4 0 0 0 9.88E-4 9.88E-4 9.88E-4 0 
4 0.04234285714285715 0 4.94E-4 0 0 0 0 0 4.94E-4 
5 0 0.0016302 0 9.88E-4 9.88E-4 0.0016302 0.0016302 0.0016302 0 
6 0 0 0.01108536 0 0 0 0 0 0.01108536 
33 0 0 0.01108536 0 0 0 0 0 0.01108536 
34 0.04234285714285715 0 4.94E-4 0 0 0 0 0 4.94E-4 
35 0.04234285714285715 0 4.94E-4 0 0 0 0 0 4.94E-4 
36 0.04234285714285715 0 4.94E-4 0 0 0 0 0 4.94E-4 
37 0 0.0016302 0 9.88E-4 9.88E-4 0.0016302 0.0016302 0.0016302 0 
[2,*,*] : 
0 7 8 9 10 := 
0 0 0.012792 0.012792 0 0 
7 0.5482285714285714 0 0 0.012792 0 
8 0.5482285714285714 0 0 0.012792 0 
9 0 0.04221359999999999 0.04221359999999999 0 0.025584 
10 0 0 0 0.5741049599999999 0 
[3,*,*] : 
0 11 12 13 45 := 
0 0 0.01532 0 0 0 
11 0.6565714285714286 0 0.00766 0 0.00766 
12 0 0.025278 0 0.00766 0 
13 0 0 0.1870572 0 0.1870572 
45 0 0.025278 0 0.00766 0 
[4,*,*] : 
0 14 15 16 17 18 19 20 21 22 23 44 46 47 48 49 50 51 52 53 := 
0 0 0.0017970909090909092 0.0017970909090909092 0.0017970909090909092 0.0017970909090909092 0.0017970909090909092 0.0017970909090909092 0.0017970909090909092 0.0017970909090909092 0 0 0.0017970909090909092 0 0.0017970909090909092 0 0 0 0.0017970909090909092 0 0 
14 0.5031854545454546 0 0 0 0 0 0 0 0 3.5941818181818184E-4 0 0 3.5941818181818184E-4 0 3.5941818181818184E-4 3.5941818181818184E-4 0 0 0 3.5941818181818184E-4 
15 0.5031854545454546 0 0 0 0 0 0 0 0 3.5941818181818184E-4 0 0 3.5941818181818184E-4 0 3.5941818181818184E-4 3.5941818181818184E-4 0 0 0 3.5941818181818184E-4 
16 0.5031854545454546 0 0 0 0 0 0 0 0 3.5941818181818184E-4 0 0 3.5941818181818184E-4 0 3.5941818181818184E-4 3.5941818181818184E-4 0 0 0 3.5941818181818184E-4 
17 0.5031854545454546 0 0 0 0 0 0 0 0 3.5941818181818184E-4 0 0 3.5941818181818184E-4 0 3.5941818181818184E-4 3.5941818181818184E-4 0 0 0 3.5941818181818184E-4 
18 0.5031854545454546 0 0 0 0 0 0 0 0 3.5941818181818184E-4 0 0 3.5941818181818184E-4 0 3.5941818181818184E-4 3.5941818181818184E-4 0 0 0 3.5941818181818184E-4 
19 0.5031854545454546 0 0 0 0 0 0 0 0 3.5941818181818184E-4 0 0 3.5941818181818184E-4 0 3.5941818181818184E-4 3.5941818181818184E-4 0 0 0 3.5941818181818184E-4 
20 0.5031854545454546 0 0 0 0 0 0 0 0 3.5941818181818184E-4 0 0 3.5941818181818184E-4 0 3.5941818181818184E-4 3.5941818181818184E-4 0 0 0 3.5941818181818184E-4 
21 0.5031854545454546 0 0 0 0 0 0 0 0 3.5941818181818184E-4 0 0 3.5941818181818184E-4 0 3.5941818181818184E-4 3.5941818181818184E-4 0 0 0 3.5941818181818184E-4 
22 0 5.031854545454546E-4 5.031854545454546E-4 5.031854545454546E-4 5.031854545454546E-4 5.031854545454546E-4 5.031854545454546E-4 5.031854545454546E-4 5.031854545454546E-4 0 0.0013178666666666665 5.031854545454546E-4 0 5.031854545454546E-4 0 0 0.0013178666666666665 5.031854545454546E-4 0.0013178666666666665 0 
23 0 0 0 0 0 0 0 0 0 0.0047970346666666676 0 0 0.0047970346666666676 0 0.0047970346666666676 0.0047970346666666676 0 0 0 0.0047970346666666676 
44 0.5031854545454546 0 0 0 0 0 0 0 0 3.5941818181818184E-4 0 0 3.5941818181818184E-4 0 3.5941818181818184E-4 3.5941818181818184E-4 0 0 0 3.5941818181818184E-4 
46 0 5.031854545454546E-4 5.031854545454546E-4 5.031854545454546E-4 5.031854545454546E-4 5.031854545454546E-4 5.031854545454546E-4 5.031854545454546E-4 5.031854545454546E-4 0 0.0013178666666666665 5.031854545454546E-4 0 5.031854545454546E-4 0 0 0.0013178666666666665 5.031854545454546E-4 0.0013178666666666665 0 
47 0.5031854545454546 0 0 0 0 0 0 0 0 3.5941818181818184E-4 0 0 3.5941818181818184E-4 0 3.5941818181818184E-4 3.5941818181818184E-4 0 0 0 3.5941818181818184E-4 
48 0 5.031854545454546E-4 5.031854545454546E-4 5.031854545454546E-4 5.031854545454546E-4 5.031854545454546E-4 5.031854545454546E-4 5.031854545454546E-4 5.031854545454546E-4 0 0.0013178666666666665 5.031854545454546E-4 0 5.031854545454546E-4 0 0 0.0013178666666666665 5.031854545454546E-4 0.0013178666666666665 0 
49 0 5.031854545454546E-4 5.031854545454546E-4 5.031854545454546E-4 5.031854545454546E-4 5.031854545454546E-4 5.031854545454546E-4 5.031854545454546E-4 5.031854545454546E-4 0 0.0013178666666666665 5.031854545454546E-4 0 5.031854545454546E-4 0 0 0.0013178666666666665 5.031854545454546E-4 0.0013178666666666665 0 
50 0 0 0 0 0 0 0 0 0 0.0047970346666666676 0 0 0.0047970346666666676 0 0.0047970346666666676 0.0047970346666666676 0 0 0 0.0047970346666666676 
51 0.5031854545454546 0 0 0 0 0 0 0 0 3.5941818181818184E-4 0 0 3.5941818181818184E-4 0 3.5941818181818184E-4 3.5941818181818184E-4 0 0 0 3.5941818181818184E-4 
52 0 0 0 0 0 0 0 0 0 0.0047970346666666676 0 0 0.0047970346666666676 0 0.0047970346666666676 0.0047970346666666676 0 0 0 0.0047970346666666676 
53 0 5.031854545454546E-4 5.031854545454546E-4 5.031854545454546E-4 5.031854545454546E-4 5.031854545454546E-4 5.031854545454546E-4 5.031854545454546E-4 5.031854545454546E-4 0 0.0013178666666666665 5.031854545454546E-4 0 5.031854545454546E-4 0 0 0.0013178666666666665 5.031854545454546E-4 0.0013178666666666665 0 
[5,*,*] : 
0 24 25 26 := 
0 0 0.011184 0 0 
24 0.47931428571428575 0 0.011184 0 
25 0 0.0369072 0 0.011184 
26 0 0 0.18822672 0 
[6,*,*] : 
0 27 28 29 30 := 
0 0 0.009172 0.009172 0 0 
27 2.5681599999999998 0 0 0.009172 0 
28 2.5681599999999998 0 0 0.009172 0 
29 0 0.0128408 0.0128408 0 0.018344 
30 0 0 0 0.04622688 0 
;
param x_bar : 0 1 2 3 4 5 6 7 8 9 10 11 12 13 14 15  := 
0 0 0 0 0 0 0 0 0 0 0 0 0 0 0 0 0 
1 0 0 0 0 0 0 1 0 0 0 0 0 0 0 0 0 
2 0 0 0 0 0 0 1 0 0 0 0 0 0 0 0 0 
3 0 0 0 0 0 0 1 0 0 0 0 0 0 0 0 0 
4 1 0 0 0 0 0 0 0 0 0 0 0 0 0 0 0 
5 1 0 0 0 0 0 0 0 0 0 0 0 0 0 0 0 
6 1 0 0 0 0 0 0 0 0 0 0 0 0 0 0 0 
7 0 0 0 0 0 0 0 0 1 0 0 0 0 0 0 0 
8 0 0 0 0 0 0 0 0 0 1 0 0 0 0 0 0 
9 0 0 0 0 0 0 0 0 1 0 0 0 0 0 0 0 
10 0 0 0 0 1 0 0 0 0 0 0 0 0 0 0 0 
11 0 0 0 0 0 0 1 0 0 0 0 0 0 0 0 0 
12 0 0 0 0 0 0 1 0 0 0 0 0 0 0 0 0 
13 0 0 0 0 0 0 1 0 0 0 0 0 0 0 0 0 
;
