data;
set C_bar :=  1 2 3 4 5 6 7 8 9 10 11 12 13 14 15 ;
set C :=  16 17 18 19 20 21 22 23 24 51 52 25 26 27 28 29 30 31 32 33 34 35 36 38 39 40 41 42 43 44 45 46 47 48 49 50 53 54 55 37 ;
set R := 0 1 2 3 4 5 6 ;
set C_bar_r[0] :=  
1 2 3 ;
set C_bar_r[1] :=  
4 5 6 ;
set C_bar_r[2] :=  
7 8 9 10 11 ;
set C_bar_r[3] :=  
12 13 14 15 ;
set C_r[0] :=  
34 35 36 38 39 40 41 42 43 44 45 46 47 48 49 50 53 54 55 ;
set C_r[1] :=  
;
set C_r[2] :=  
37 ;
set C_r[3] :=  
;
set C_r[4] :=  
16 17 18 19 ;
set C_r[5] :=  
20 21 22 23 24 51 52 ;
set C_r[6] :=  
25 26 27 28 29 30 31 32 33 ;
set S :=  0 1 2 3 4 5 6 7 8 9 10 11 12 13 14 15 ;
set S_u :=  0 1 2 3 4 5 6 7 8 9 10 11 12 13 14 15 ;
set S_r[0] := 
14 ;
set S_r[1] := 
6 ;
set S_r[2] := 
12 13 ;
set S_r[3] := 
12 13 ;
set Rack :=  0 1 2 3 4 5 6 7 ;
param COST : 0 1 2 3 4 5 6 7 8 9 10 11 12 13 14 15 :=
0 0 1 3 3 5 5 5 5 5 5 5 5 5 5 5 5 
1 1 0 3 3 5 5 5 5 5 5 5 5 5 5 5 5 
2 3 3 0 1 5 5 5 5 5 5 5 5 5 5 5 5 
3 3 3 1 0 5 5 5 5 5 5 5 5 5 5 5 5 
4 5 5 5 5 0 1 3 3 5 5 5 5 5 5 5 5 
5 5 5 5 5 1 0 3 3 5 5 5 5 5 5 5 5 
6 5 5 5 5 3 3 0 1 5 5 5 5 5 5 5 5 
7 5 5 5 5 3 3 1 0 5 5 5 5 5 5 5 5 
8 5 5 5 5 5 5 5 5 0 1 3 3 5 5 5 5 
9 5 5 5 5 5 5 5 5 1 0 3 3 5 5 5 5 
10 5 5 5 5 5 5 5 5 3 3 0 1 5 5 5 5 
11 5 5 5 5 5 5 5 5 3 3 1 0 5 5 5 5 
12 5 5 5 5 5 5 5 5 5 5 5 5 0 1 3 3 
13 5 5 5 5 5 5 5 5 5 5 5 5 1 0 3 3 
14 5 5 5 5 5 5 5 5 5 5 5 5 3 3 0 1 
15 5 5 5 5 5 5 5 5 5 5 5 5 3 3 1 0 
;
set S_rack[0] :=  
0 1 ;
set S_rack[1] :=  
2 3 ;
set S_rack[2] :=  
4 5 ;
set S_rack[3] :=  
6 7 ;
set S_rack[4] :=  
8 9 ;
set S_rack[5] :=  
10 11 ;
set S_rack[6] :=  
12 13 ;
set S_rack[7] :=  
14 15 ;
param CPU := 
0 56.0
1 56.0
2 28.0
3 28.0
4 28.0
5 28.0
6 42.0
7 56.0
8 28.0
9 28.0
10 44.0
11 44.0
12 26.0
13 46.0
14 30.0
15 56.0
;
param MEM := 
0 192.0
1 192.0
2 96.0
3 96.0
4 192.0
5 192.0
6 140.0
7 192.0
8 192.0
9 192.0
10 128.0
11 128.0
12 72.0
13 152.0
14 88.0
15 192.0
;
param DISK := 
0 384.0
1 384.0
2 192.0
3 192.0
4 384.0
5 384.0
6 288.8
7 384.0
8 384.0
9 384.0
10 256.0
11 256.0
12 176.0
13 288.0
14 246.0
15 384.0
;
param BDW_out := 
0 10.0
1 10.0
2 10.0
3 10.0
4 10.0
5 10.0
6 9.6928
7 10.0
8 10.0
9 10.0
10 10.0
11 10.0
12 4.601919840000001
13 6.4005977142857144
14 9.964857142857143
15 10.0
;
param BDW_in := 
0 10.0
1 10.0
2 10.0
3 10.0
4 10.0
5 10.0
6 9.992832
7 10.0
8 10.0
9 10.0
10 10.0
11 10.0
12 9.947912
13 9.49543184
14 9.99918
15 10.0
;
param mem := 
1 32.0
2 64.0
3 8.0
34 32.0
35 32.0
36 8.0
38 32.0
39 64.0
40 32.0
41 32.0
42 32.0
43 8.0
44 8.0
45 64.0
46 64.0
47 32.0
48 64.0
49 8.0
50 32.0
53 32.0
54 64.0
55 8.0
4 4.0
5 32.0
6 16.0
7 16.0
8 16.0
9 16.0
10 8.0
11 64.0
37 64.0
12 16.0
13 8.0
14 8.0
15 8.0
16 1.0
17 1.0
18 16.0
19 64.0
20 64.0
21 64.0
22 64.0
23 16.0
24 8.0
51 8.0
52 16.0
25 32.0
26 32.0
27 32.0
28 16.0
29 32.0
30 16.0
31 32.0
32 16.0
33 32.0
;
param disk := 
1 50.0
2 64.0
3 24.0
34 50.0
35 50.0
36 24.0
38 50.0
39 64.0
40 50.0
41 50.0
42 50.0
43 24.0
44 24.0
45 64.0
46 64.0
47 50.0
48 64.0
49 24.0
50 50.0
53 50.0
54 64.0
55 24.0
4 16.0
5 43.2
6 36.0
7 36.0
8 36.0
9 36.0
10 24.0
11 64.0
37 64.0
12 36.0
13 24.0
14 24.0
15 24.0
16 4.0
17 4.0
18 36.0
19 64.0
20 64.0
21 64.0
22 64.0
23 36.0
24 24.0
51 24.0
52 36.0
25 43.2
26 43.2
27 43.2
28 36.0
29 43.2
30 36.0
31 43.2
32 36.0
33 43.2
;
param cpu : 
0 1 2 3 4 5 6 7 8 9 10 11 12 13 14 15 := 
1 8.0 8.0 9.523809523809524 9.523809523809524 8.0 8.0 8.0 8.0 8.0 8.0 9.090909090909092 9.090909090909092 8.0 8.0 8.0 8.0 
2 16.0 16.0 19.047619047619047 19.047619047619047 16.0 16.0 16.0 16.0 16.0 16.0 18.181818181818183 18.181818181818183 16.0 16.0 16.0 16.0 
3 2.0 2.0 2.380952380952381 2.380952380952381 2.0 2.0 2.0 2.0 2.0 2.0 2.272727272727273 2.272727272727273 2.0 2.0 2.0 2.0 
34 8.0 8.0 9.523809523809524 9.523809523809524 8.0 8.0 8.0 8.0 8.0 8.0 9.090909090909092 9.090909090909092 8.0 8.0 8.0 8.0 
35 8.0 8.0 9.523809523809524 9.523809523809524 8.0 8.0 8.0 8.0 8.0 8.0 9.090909090909092 9.090909090909092 8.0 8.0 8.0 8.0 
36 2.0 2.0 2.380952380952381 2.380952380952381 2.0 2.0 2.0 2.0 2.0 2.0 2.272727272727273 2.272727272727273 2.0 2.0 2.0 2.0 
38 8.0 8.0 9.523809523809524 9.523809523809524 8.0 8.0 8.0 8.0 8.0 8.0 9.090909090909092 9.090909090909092 8.0 8.0 8.0 8.0 
39 16.0 16.0 19.047619047619047 19.047619047619047 16.0 16.0 16.0 16.0 16.0 16.0 18.181818181818183 18.181818181818183 16.0 16.0 16.0 16.0 
40 8.0 8.0 9.523809523809524 9.523809523809524 8.0 8.0 8.0 8.0 8.0 8.0 9.090909090909092 9.090909090909092 8.0 8.0 8.0 8.0 
41 8.0 8.0 9.523809523809524 9.523809523809524 8.0 8.0 8.0 8.0 8.0 8.0 9.090909090909092 9.090909090909092 8.0 8.0 8.0 8.0 
42 8.0 8.0 9.523809523809524 9.523809523809524 8.0 8.0 8.0 8.0 8.0 8.0 9.090909090909092 9.090909090909092 8.0 8.0 8.0 8.0 
43 2.0 2.0 2.380952380952381 2.380952380952381 2.0 2.0 2.0 2.0 2.0 2.0 2.272727272727273 2.272727272727273 2.0 2.0 2.0 2.0 
44 2.0 2.0 2.380952380952381 2.380952380952381 2.0 2.0 2.0 2.0 2.0 2.0 2.272727272727273 2.272727272727273 2.0 2.0 2.0 2.0 
45 16.0 16.0 19.047619047619047 19.047619047619047 16.0 16.0 16.0 16.0 16.0 16.0 18.181818181818183 18.181818181818183 16.0 16.0 16.0 16.0 
46 16.0 16.0 19.047619047619047 19.047619047619047 16.0 16.0 16.0 16.0 16.0 16.0 18.181818181818183 18.181818181818183 16.0 16.0 16.0 16.0 
47 8.0 8.0 9.523809523809524 9.523809523809524 8.0 8.0 8.0 8.0 8.0 8.0 9.090909090909092 9.090909090909092 8.0 8.0 8.0 8.0 
48 16.0 16.0 19.047619047619047 19.047619047619047 16.0 16.0 16.0 16.0 16.0 16.0 18.181818181818183 18.181818181818183 16.0 16.0 16.0 16.0 
49 2.0 2.0 2.380952380952381 2.380952380952381 2.0 2.0 2.0 2.0 2.0 2.0 2.272727272727273 2.272727272727273 2.0 2.0 2.0 2.0 
50 8.0 8.0 9.523809523809524 9.523809523809524 8.0 8.0 8.0 8.0 8.0 8.0 9.090909090909092 9.090909090909092 8.0 8.0 8.0 8.0 
53 8.0 8.0 9.523809523809524 9.523809523809524 8.0 8.0 8.0 8.0 8.0 8.0 9.090909090909092 9.090909090909092 8.0 8.0 8.0 8.0 
54 16.0 16.0 19.047619047619047 19.047619047619047 16.0 16.0 16.0 16.0 16.0 16.0 18.181818181818183 18.181818181818183 16.0 16.0 16.0 16.0 
55 2.0 2.0 2.380952380952381 2.380952380952381 2.0 2.0 2.0 2.0 2.0 2.0 2.272727272727273 2.272727272727273 2.0 2.0 2.0 2.0 
4 2.0 2.0 2.380952380952381 2.380952380952381 2.0 2.0 2.0 2.0 2.0 2.0 2.272727272727273 2.272727272727273 2.0 2.0 2.0 2.0 
5 8.0 8.0 9.523809523809524 9.523809523809524 8.0 8.0 8.0 8.0 8.0 8.0 9.090909090909092 9.090909090909092 8.0 8.0 8.0 8.0 
6 4.0 4.0 4.761904761904762 4.761904761904762 4.0 4.0 4.0 4.0 4.0 4.0 4.545454545454546 4.545454545454546 4.0 4.0 4.0 4.0 
7 4.0 4.0 4.761904761904762 4.761904761904762 4.0 4.0 4.0 4.0 4.0 4.0 4.545454545454546 4.545454545454546 4.0 4.0 4.0 4.0 
8 4.0 4.0 4.761904761904762 4.761904761904762 4.0 4.0 4.0 4.0 4.0 4.0 4.545454545454546 4.545454545454546 4.0 4.0 4.0 4.0 
9 4.0 4.0 4.761904761904762 4.761904761904762 4.0 4.0 4.0 4.0 4.0 4.0 4.545454545454546 4.545454545454546 4.0 4.0 4.0 4.0 
10 2.0 2.0 2.380952380952381 2.380952380952381 2.0 2.0 2.0 2.0 2.0 2.0 2.272727272727273 2.272727272727273 2.0 2.0 2.0 2.0 
11 16.0 16.0 19.047619047619047 19.047619047619047 16.0 16.0 16.0 16.0 16.0 16.0 18.181818181818183 18.181818181818183 16.0 16.0 16.0 16.0 
37 16.0 16.0 19.047619047619047 19.047619047619047 16.0 16.0 16.0 16.0 16.0 16.0 18.181818181818183 18.181818181818183 16.0 16.0 16.0 16.0 
12 4.0 4.0 4.761904761904762 4.761904761904762 4.0 4.0 4.0 4.0 4.0 4.0 4.545454545454546 4.545454545454546 4.0 4.0 4.0 4.0 
13 2.0 2.0 2.380952380952381 2.380952380952381 2.0 2.0 2.0 2.0 2.0 2.0 2.272727272727273 2.272727272727273 2.0 2.0 2.0 2.0 
14 2.0 2.0 2.380952380952381 2.380952380952381 2.0 2.0 2.0 2.0 2.0 2.0 2.272727272727273 2.272727272727273 2.0 2.0 2.0 2.0 
15 2.0 2.0 2.380952380952381 2.380952380952381 2.0 2.0 2.0 2.0 2.0 2.0 2.272727272727273 2.272727272727273 2.0 2.0 2.0 2.0 
16 1.0 1.0 1.1904761904761905 1.1904761904761905 1.0 1.0 1.0 1.0 1.0 1.0 1.1363636363636365 1.1363636363636365 1.0 1.0 1.0 1.0 
17 1.0 1.0 1.1904761904761905 1.1904761904761905 1.0 1.0 1.0 1.0 1.0 1.0 1.1363636363636365 1.1363636363636365 1.0 1.0 1.0 1.0 
18 4.0 4.0 4.761904761904762 4.761904761904762 4.0 4.0 4.0 4.0 4.0 4.0 4.545454545454546 4.545454545454546 4.0 4.0 4.0 4.0 
19 16.0 16.0 19.047619047619047 19.047619047619047 16.0 16.0 16.0 16.0 16.0 16.0 18.181818181818183 18.181818181818183 16.0 16.0 16.0 16.0 
20 16.0 16.0 19.047619047619047 19.047619047619047 16.0 16.0 16.0 16.0 16.0 16.0 18.181818181818183 18.181818181818183 16.0 16.0 16.0 16.0 
21 16.0 16.0 19.047619047619047 19.047619047619047 16.0 16.0 16.0 16.0 16.0 16.0 18.181818181818183 18.181818181818183 16.0 16.0 16.0 16.0 
22 16.0 16.0 19.047619047619047 19.047619047619047 16.0 16.0 16.0 16.0 16.0 16.0 18.181818181818183 18.181818181818183 16.0 16.0 16.0 16.0 
23 4.0 4.0 4.761904761904762 4.761904761904762 4.0 4.0 4.0 4.0 4.0 4.0 4.545454545454546 4.545454545454546 4.0 4.0 4.0 4.0 
24 2.0 2.0 2.380952380952381 2.380952380952381 2.0 2.0 2.0 2.0 2.0 2.0 2.272727272727273 2.272727272727273 2.0 2.0 2.0 2.0 
51 2.0 2.0 2.380952380952381 2.380952380952381 2.0 2.0 2.0 2.0 2.0 2.0 2.272727272727273 2.272727272727273 2.0 2.0 2.0 2.0 
52 4.0 4.0 4.761904761904762 4.761904761904762 4.0 4.0 4.0 4.0 4.0 4.0 4.545454545454546 4.545454545454546 4.0 4.0 4.0 4.0 
25 8.0 8.0 9.523809523809524 9.523809523809524 8.0 8.0 8.0 8.0 8.0 8.0 9.090909090909092 9.090909090909092 8.0 8.0 8.0 8.0 
26 8.0 8.0 9.523809523809524 9.523809523809524 8.0 8.0 8.0 8.0 8.0 8.0 9.090909090909092 9.090909090909092 8.0 8.0 8.0 8.0 
27 8.0 8.0 9.523809523809524 9.523809523809524 8.0 8.0 8.0 8.0 8.0 8.0 9.090909090909092 9.090909090909092 8.0 8.0 8.0 8.0 
28 4.0 4.0 4.761904761904762 4.761904761904762 4.0 4.0 4.0 4.0 4.0 4.0 4.545454545454546 4.545454545454546 4.0 4.0 4.0 4.0 
29 8.0 8.0 9.523809523809524 9.523809523809524 8.0 8.0 8.0 8.0 8.0 8.0 9.090909090909092 9.090909090909092 8.0 8.0 8.0 8.0 
30 4.0 4.0 4.761904761904762 4.761904761904762 4.0 4.0 4.0 4.0 4.0 4.0 4.545454545454546 4.545454545454546 4.0 4.0 4.0 4.0 
31 8.0 8.0 9.523809523809524 9.523809523809524 8.0 8.0 8.0 8.0 8.0 8.0 9.090909090909092 9.090909090909092 8.0 8.0 8.0 8.0 
32 4.0 4.0 4.761904761904762 4.761904761904762 4.0 4.0 4.0 4.0 4.0 4.0 4.545454545454546 4.545454545454546 4.0 4.0 4.0 4.0 
33 8.0 8.0 9.523809523809524 9.523809523809524 8.0 8.0 8.0 8.0 8.0 8.0 9.090909090909092 9.090909090909092 8.0 8.0 8.0 8.0 
;
set c_0 := 0;
param d := 
[0,*,*] : 
0 1 2 3 34 35 36 38 39 40 41 42 43 44 45 46 47 48 49 50 53 54 55 := 
0 0 8.200000000000001E-4 0 0 8.200000000000001E-4 8.200000000000001E-4 0 8.200000000000001E-4 0 8.200000000000001E-4 8.200000000000001E-4 8.200000000000001E-4 0 0 0 0 8.200000000000001E-4 0 0 8.200000000000001E-4 8.200000000000001E-4 0 0 
1 0.03514285714285715 0 1.366666666666667E-4 0 0 0 0 0 1.366666666666667E-4 0 0 0 0 0 1.366666666666667E-4 1.366666666666667E-4 0 1.366666666666667E-4 0 0 0 1.366666666666667E-4 0 
2 0 4.5100000000000007E-4 0 2.277777777777778E-4 4.5100000000000007E-4 4.5100000000000007E-4 2.277777777777778E-4 4.5100000000000007E-4 0 4.5100000000000007E-4 4.5100000000000007E-4 4.5100000000000007E-4 2.277777777777778E-4 2.277777777777778E-4 0 0 4.5100000000000007E-4 0 2.277777777777778E-4 4.5100000000000007E-4 4.5100000000000007E-4 0 2.277777777777778E-4 
3 0 0 0.0027060000000000005 0 0 0 0 0 0.0027060000000000005 0 0 0 0 0 0.0027060000000000005 0.0027060000000000005 0 0.0027060000000000005 0 0 0 0.0027060000000000005 0 
34 0.03514285714285715 0 1.366666666666667E-4 0 0 0 0 0 1.366666666666667E-4 0 0 0 0 0 1.366666666666667E-4 1.366666666666667E-4 0 1.366666666666667E-4 0 0 0 1.366666666666667E-4 0 
35 0.03514285714285715 0 1.366666666666667E-4 0 0 0 0 0 1.366666666666667E-4 0 0 0 0 0 1.366666666666667E-4 1.366666666666667E-4 0 1.366666666666667E-4 0 0 0 1.366666666666667E-4 0 
36 0 0 0.0027060000000000005 0 0 0 0 0 0.0027060000000000005 0 0 0 0 0 0.0027060000000000005 0.0027060000000000005 0 0.0027060000000000005 0 0 0 0.0027060000000000005 0 
38 0.03514285714285715 0 1.366666666666667E-4 0 0 0 0 0 1.366666666666667E-4 0 0 0 0 0 1.366666666666667E-4 1.366666666666667E-4 0 1.366666666666667E-4 0 0 0 1.366666666666667E-4 0 
39 0 4.5100000000000007E-4 0 2.277777777777778E-4 4.5100000000000007E-4 4.5100000000000007E-4 2.277777777777778E-4 4.5100000000000007E-4 0 4.5100000000000007E-4 4.5100000000000007E-4 4.5100000000000007E-4 2.277777777777778E-4 2.277777777777778E-4 0 0 4.5100000000000007E-4 0 2.277777777777778E-4 4.5100000000000007E-4 4.5100000000000007E-4 0 2.277777777777778E-4 
40 0.03514285714285715 0 1.366666666666667E-4 0 0 0 0 0 1.366666666666667E-4 0 0 0 0 0 1.366666666666667E-4 1.366666666666667E-4 0 1.366666666666667E-4 0 0 0 1.366666666666667E-4 0 
41 0.03514285714285715 0 1.366666666666667E-4 0 0 0 0 0 1.366666666666667E-4 0 0 0 0 0 1.366666666666667E-4 1.366666666666667E-4 0 1.366666666666667E-4 0 0 0 1.366666666666667E-4 0 
42 0.03514285714285715 0 1.366666666666667E-4 0 0 0 0 0 1.366666666666667E-4 0 0 0 0 0 1.366666666666667E-4 1.366666666666667E-4 0 1.366666666666667E-4 0 0 0 1.366666666666667E-4 0 
43 0 0 0.0027060000000000005 0 0 0 0 0 0.0027060000000000005 0 0 0 0 0 0.0027060000000000005 0.0027060000000000005 0 0.0027060000000000005 0 0 0 0.0027060000000000005 0 
44 0 0 0.0027060000000000005 0 0 0 0 0 0.0027060000000000005 0 0 0 0 0 0.0027060000000000005 0.0027060000000000005 0 0.0027060000000000005 0 0 0 0.0027060000000000005 0 
45 0 4.5100000000000007E-4 0 2.277777777777778E-4 4.5100000000000007E-4 4.5100000000000007E-4 2.277777777777778E-4 4.5100000000000007E-4 0 4.5100000000000007E-4 4.5100000000000007E-4 4.5100000000000007E-4 2.277777777777778E-4 2.277777777777778E-4 0 0 4.5100000000000007E-4 0 2.277777777777778E-4 4.5100000000000007E-4 4.5100000000000007E-4 0 2.277777777777778E-4 
46 0 4.5100000000000007E-4 0 2.277777777777778E-4 4.5100000000000007E-4 4.5100000000000007E-4 2.277777777777778E-4 4.5100000000000007E-4 0 4.5100000000000007E-4 4.5100000000000007E-4 4.5100000000000007E-4 2.277777777777778E-4 2.277777777777778E-4 0 0 4.5100000000000007E-4 0 2.277777777777778E-4 4.5100000000000007E-4 4.5100000000000007E-4 0 2.277777777777778E-4 
47 0.03514285714285715 0 1.366666666666667E-4 0 0 0 0 0 1.366666666666667E-4 0 0 0 0 0 1.366666666666667E-4 1.366666666666667E-4 0 1.366666666666667E-4 0 0 0 1.366666666666667E-4 0 
48 0 4.5100000000000007E-4 0 2.277777777777778E-4 4.5100000000000007E-4 4.5100000000000007E-4 2.277777777777778E-4 4.5100000000000007E-4 0 4.5100000000000007E-4 4.5100000000000007E-4 4.5100000000000007E-4 2.277777777777778E-4 2.277777777777778E-4 0 0 4.5100000000000007E-4 0 2.277777777777778E-4 4.5100000000000007E-4 4.5100000000000007E-4 0 2.277777777777778E-4 
49 0 0 0.0027060000000000005 0 0 0 0 0 0.0027060000000000005 0 0 0 0 0 0.0027060000000000005 0.0027060000000000005 0 0.0027060000000000005 0 0 0 0.0027060000000000005 0 
50 0.03514285714285715 0 1.366666666666667E-4 0 0 0 0 0 1.366666666666667E-4 0 0 0 0 0 1.366666666666667E-4 1.366666666666667E-4 0 1.366666666666667E-4 0 0 0 1.366666666666667E-4 0 
53 0.03514285714285715 0 1.366666666666667E-4 0 0 0 0 0 1.366666666666667E-4 0 0 0 0 0 1.366666666666667E-4 1.366666666666667E-4 0 1.366666666666667E-4 0 0 0 1.366666666666667E-4 0 
54 0 4.5100000000000007E-4 0 2.277777777777778E-4 4.5100000000000007E-4 4.5100000000000007E-4 2.277777777777778E-4 4.5100000000000007E-4 0 4.5100000000000007E-4 4.5100000000000007E-4 4.5100000000000007E-4 2.277777777777778E-4 2.277777777777778E-4 0 0 4.5100000000000007E-4 0 2.277777777777778E-4 4.5100000000000007E-4 4.5100000000000007E-4 0 2.277777777777778E-4 
55 0 0 0.0027060000000000005 0 0 0 0 0 0.0027060000000000005 0 0 0 0 0 0.0027060000000000005 0.0027060000000000005 0 0.0027060000000000005 0 0 0 0.0027060000000000005 0 
[1,*,*] : 
0 4 5 6 := 
0 0 0.007168 0 0 
4 0.30720000000000003 0 0.007168 0 
5 0 0.023654400000000003 0 0.007168 
6 0 0 0.04494336 0 
[2,*,*] : 
0 7 8 9 10 11 37 := 
0 0 0.0088 0.0088 0.0088 0 0 0 
7 2.464 0 0 0 0.0088 0 0 
8 2.464 0 0 0 0.0088 0 0 
9 2.464 0 0 0 0.0088 0 0 
10 0 0.01232 0.01232 0.01232 0 0.0132 0.0132 
11 0 0 0 0 0.07946399999999999 0 0 
37 0 0 0 0 0.07946399999999999 0 0 
[3,*,*] : 
0 12 13 14 15 := 
0 0 0.025688 0 0 0 
12 1.1009142857142857 0 0.025688 0 0 
13 0 0.0847704 0 0.012844 0.012844 
14 0 0 0.22888008 0 0 
15 0 0 0.22888008 0 0 
[4,*,*] : 
0 16 17 18 19 := 
0 0 0.010584 0.010584 0 0 
16 0.4536 0 0 0.010584 0 
17 0.4536 0 0 0.010584 0 
18 0 0.0349272 0.0349272 0 0.021168 
19 0 0 0 0.23750496 0 
[5,*,*] : 
0 20 21 22 23 24 51 52 := 
0 0 0.0059173333333333335 0.0059173333333333335 0.0059173333333333335 0 0 0 0 
20 1.6568533333333333 0 0 0 0.0029586666666666667 0 0 0.0029586666666666667 
21 1.6568533333333333 0 0 0 0.0029586666666666667 0 0 0.0029586666666666667 
22 1.6568533333333333 0 0 0 0.0029586666666666667 0 0 0.0029586666666666667 
23 0 0.004142133333333333 0.004142133333333333 0.004142133333333333 0 0.004438 0.004438 0 
24 0 0 0 0 0.04722032 0 0 0.04722032 
51 0 0 0 0 0.04722032 0 0 0.04722032 
52 0 0.004142133333333333 0.004142133333333333 0.004142133333333333 0 0.004438 0.004438 0 
[6,*,*] : 
0 25 26 27 28 29 30 31 32 33 := 
0 0 0.0050016 0.0050016 0.0050016 0 0 0 0.0050016 0 0.0050016 
25 1.400448 0 0 0 0.0016672 0 0.0016672 0 0.0016672 0 
26 1.400448 0 0 0 0.0016672 0 0.0016672 0 0.0016672 0 
27 1.400448 0 0 0 0.0016672 0 0.0016672 0 0.0016672 0 
28 0 0.00233408 0.00233408 0.00233408 0 0.008336 0 0.00233408 0 0.00233408 
29 0 0 0 0 0.00933632 0 0.00933632 0 0.00933632 0 
30 0 0.00233408 0.00233408 0.00233408 0 0.008336 0 0.00233408 0 0.00233408 
31 1.400448 0 0 0 0.0016672 0 0.0016672 0 0.0016672 0 
32 0 0.00233408 0.00233408 0.00233408 0 0.008336 0 0.00233408 0 0.00233408 
33 1.400448 0 0 0 0.0016672 0 0.0016672 0 0.0016672 0 
;
param x_bar : 0 1 2 3 4 5 6 7 8 9 10 11 12 13 14 15  := 
0 0 0 0 0 0 0 0 0 0 0 0 0 0 0 0 0 
1 0 0 0 0 0 0 0 0 0 0 0 0 0 0 1 0 
2 0 0 0 0 0 0 0 0 0 0 0 0 0 0 1 0 
3 0 0 0 0 0 0 0 0 0 0 0 0 0 0 1 0 
4 0 0 0 0 0 0 1 0 0 0 0 0 0 0 0 0 
5 0 0 0 0 0 0 1 0 0 0 0 0 0 0 0 0 
6 0 0 0 0 0 0 1 0 0 0 0 0 0 0 0 0 
7 0 0 0 0 0 0 0 0 0 0 0 0 1 0 0 0 
8 0 0 0 0 0 0 0 0 0 0 0 0 1 0 0 0 
9 0 0 0 0 0 0 0 0 0 0 0 0 0 1 0 0 
10 0 0 0 0 0 0 0 0 0 0 0 0 1 0 0 0 
11 0 0 0 0 0 0 0 0 0 0 0 0 1 0 0 0 
12 0 0 0 0 0 0 0 0 0 0 0 0 0 1 0 0 
13 0 0 0 0 0 0 0 0 0 0 0 0 0 1 0 0 
14 0 0 0 0 0 0 0 0 0 0 0 0 1 0 0 0 
15 0 0 0 0 0 0 0 0 0 0 0 0 1 0 0 0 
;
