data;
set C_bar :=  1 2 3 4 5 6 7 8 9 10 11 12 13 14 15 16 ;
set C :=  17 18 19 20 21 47 48 49 50 51 22 23 24 25 26 27 28 29 30 31 32 33 42 43 34 35 36 37 38 39 40 41 44 45 46 52 54 55 56 53 ;
set R := 0 1 2 3 4 5 6 ;
set C_bar_r[0] :=  
1 2 3 4 ;
set C_bar_r[1] :=  
5 6 7 8 9 10 ;
set C_bar_r[2] :=  
11 12 13 ;
set C_bar_r[3] :=  
14 15 16 ;
set C_r[0] :=  
44 45 46 ;
set C_r[1] :=  
52 54 55 56 ;
set C_r[2] :=  
;
set C_r[3] :=  
53 ;
set C_r[4] :=  
17 18 19 20 21 47 48 49 50 51 ;
set C_r[5] :=  
22 23 24 25 26 27 28 29 30 31 32 33 42 43 ;
set C_r[6] :=  
34 35 36 37 38 39 40 41 ;
set S :=  0 1 2 3 4 5 6 7 8 9 10 11 12 13 14 15 ;
set S_u :=  0 1 2 3 4 5 6 7 8 9 10 11 12 13 14 15 ;
set S_r[0] := 
12 ;
set S_r[1] := 
0 14 15 ;
set S_r[2] := 
8 ;
set S_r[3] := 
4 15 ;
set Rack :=  0 1 2 3 4 5 6 7 ;
param COST : 0 1 2 3 4 5 6 7 8 9 10 11 12 13 14 15 :=
0 0 1 3 3 5 5 5 5 5 5 5 5 5 5 5 5 
1 1 0 3 3 5 5 5 5 5 5 5 5 5 5 5 5 
2 3 3 0 1 5 5 5 5 5 5 5 5 5 5 5 5 
3 3 3 1 0 5 5 5 5 5 5 5 5 5 5 5 5 
4 5 5 5 5 0 1 3 3 5 5 5 5 5 5 5 5 
5 5 5 5 5 1 0 3 3 5 5 5 5 5 5 5 5 
6 5 5 5 5 3 3 0 1 5 5 5 5 5 5 5 5 
7 5 5 5 5 3 3 1 0 5 5 5 5 5 5 5 5 
8 5 5 5 5 5 5 5 5 0 1 3 3 5 5 5 5 
9 5 5 5 5 5 5 5 5 1 0 3 3 5 5 5 5 
10 5 5 5 5 5 5 5 5 3 3 0 1 5 5 5 5 
11 5 5 5 5 5 5 5 5 3 3 1 0 5 5 5 5 
12 5 5 5 5 5 5 5 5 5 5 5 5 0 1 3 3 
13 5 5 5 5 5 5 5 5 5 5 5 5 1 0 3 3 
14 5 5 5 5 5 5 5 5 5 5 5 5 3 3 0 1 
15 5 5 5 5 5 5 5 5 5 5 5 5 3 3 1 0 
;
set S_rack[0] :=  
0 1 ;
set S_rack[1] :=  
2 3 ;
set S_rack[2] :=  
4 5 ;
set S_rack[3] :=  
6 7 ;
set S_rack[4] :=  
8 9 ;
set S_rack[5] :=  
10 11 ;
set S_rack[6] :=  
12 13 ;
set S_rack[7] :=  
14 15 ;
param CPU := 
0 34.909090995788574
1 44.0
2 28.0
3 28.0
4 18.4761905670166
5 28.0
6 28.0
7 28.0
8 37.18181824684143
9 44.0
10 28.0
11 28.0
12 28.0
13 56.0
14 22.0
15 22.0
;
param MEM := 
0 96.0
1 128.0
2 192.0
3 192.0
4 64.0
5 96.0
6 48.0
7 48.0
8 110.0
9 128.0
10 48.0
11 48.0
12 80.0
13 192.0
14 28.0
15 32.0
;
param DISK := 
0 212.8
1 256.0
2 384.0
3 384.0
4 142.0
5 192.0
6 96.0
7 96.0
8 212.0
9 256.0
10 96.0
11 96.0
12 228.8
13 384.0
14 44.0
15 40.0
;
param BDW_out := 
0 9.9866368
1 10.0
2 10.0
3 10.0
4 9.111278857142857
5 10.0
6 10.0
7 10.0
8 9.593371428571428
9 10.0
10 10.0
11 10.0
12 9.585142857142857
13 10.0
14 8.769503817142857
15 8.743167657142857
;
param BDW_in := 
0 9.955222674285714
1 10.0
2 10.0
3 10.0
4 9.9128648
5 10.0
6 10.0
7 10.0
8 9.990512
9 10.0
10 10.0
11 10.0
12 9.99032
13 10.0
14 9.985364114285714
15 9.972524114285715
;
param mem := 
1 32.0
2 64.0
3 8.0
4 8.0
44 32.0
45 32.0
46 8.0
5 2.0
6 2.0
7 2.0
8 2.0
9 32.0
10 16.0
52 2.0
54 2.0
55 2.0
56 32.0
11 1.0
12 16.0
13 1.0
14 32.0
15 8.0
16 4.0
53 4.0
17 16.0
18 16.0
19 16.0
20 32.0
21 16.0
47 32.0
48 16.0
49 16.0
50 16.0
51 16.0
22 8.0
23 8.0
24 8.0
25 8.0
26 8.0
27 8.0
28 8.0
29 8.0
30 8.0
31 8.0
32 16.0
33 4.0
42 8.0
43 8.0
34 32.0
35 16.0
36 4.0
37 32.0
38 16.0
39 16.0
40 32.0
41 16.0
;
param disk := 
1 43.2
2 64.0
3 24.0
4 24.0
44 43.2
45 43.2
46 24.0
5 8.0
6 8.0
7 8.0
8 8.0
9 43.2
10 36.0
52 8.0
54 8.0
55 8.0
56 43.2
11 4.0
12 36.0
13 4.0
14 50.0
15 24.0
16 16.0
53 16.0
17 36.0
18 36.0
19 36.0
20 43.2
21 36.0
47 43.2
48 36.0
49 36.0
50 36.0
51 36.0
22 24.0
23 24.0
24 24.0
25 24.0
26 24.0
27 24.0
28 24.0
29 24.0
30 24.0
31 24.0
32 36.0
33 16.0
42 24.0
43 24.0
34 50.0
35 36.0
36 16.0
37 50.0
38 36.0
39 36.0
40 50.0
41 36.0
;
param cpu : 
0 1 2 3 4 5 6 7 8 9 10 11 12 13 14 15 := 
1 9.090909090909092 9.090909090909092 8.0 8.0 9.523809523809524 9.523809523809524 8.0 8.0 9.090909090909092 9.090909090909092 8.0 8.0 8.0 8.0 8.0 8.0 
2 18.181818181818183 18.181818181818183 16.0 16.0 19.047619047619047 19.047619047619047 16.0 16.0 18.181818181818183 18.181818181818183 16.0 16.0 16.0 16.0 16.0 16.0 
3 2.272727272727273 2.272727272727273 2.0 2.0 2.380952380952381 2.380952380952381 2.0 2.0 2.272727272727273 2.272727272727273 2.0 2.0 2.0 2.0 2.0 2.0 
4 2.272727272727273 2.272727272727273 2.0 2.0 2.380952380952381 2.380952380952381 2.0 2.0 2.272727272727273 2.272727272727273 2.0 2.0 2.0 2.0 2.0 2.0 
44 9.090909090909092 9.090909090909092 8.0 8.0 9.523809523809524 9.523809523809524 8.0 8.0 9.090909090909092 9.090909090909092 8.0 8.0 8.0 8.0 8.0 8.0 
45 9.090909090909092 9.090909090909092 8.0 8.0 9.523809523809524 9.523809523809524 8.0 8.0 9.090909090909092 9.090909090909092 8.0 8.0 8.0 8.0 8.0 8.0 
46 2.272727272727273 2.272727272727273 2.0 2.0 2.380952380952381 2.380952380952381 2.0 2.0 2.272727272727273 2.272727272727273 2.0 2.0 2.0 2.0 2.0 2.0 
5 1.1363636363636365 1.1363636363636365 1.0 1.0 1.1904761904761905 1.1904761904761905 1.0 1.0 1.1363636363636365 1.1363636363636365 1.0 1.0 1.0 1.0 1.0 1.0 
6 1.1363636363636365 1.1363636363636365 1.0 1.0 1.1904761904761905 1.1904761904761905 1.0 1.0 1.1363636363636365 1.1363636363636365 1.0 1.0 1.0 1.0 1.0 1.0 
7 1.1363636363636365 1.1363636363636365 1.0 1.0 1.1904761904761905 1.1904761904761905 1.0 1.0 1.1363636363636365 1.1363636363636365 1.0 1.0 1.0 1.0 1.0 1.0 
8 1.1363636363636365 1.1363636363636365 1.0 1.0 1.1904761904761905 1.1904761904761905 1.0 1.0 1.1363636363636365 1.1363636363636365 1.0 1.0 1.0 1.0 1.0 1.0 
9 9.090909090909092 9.090909090909092 8.0 8.0 9.523809523809524 9.523809523809524 8.0 8.0 9.090909090909092 9.090909090909092 8.0 8.0 8.0 8.0 8.0 8.0 
10 4.545454545454546 4.545454545454546 4.0 4.0 4.761904761904762 4.761904761904762 4.0 4.0 4.545454545454546 4.545454545454546 4.0 4.0 4.0 4.0 4.0 4.0 
52 1.1363636363636365 1.1363636363636365 1.0 1.0 1.1904761904761905 1.1904761904761905 1.0 1.0 1.1363636363636365 1.1363636363636365 1.0 1.0 1.0 1.0 1.0 1.0 
54 1.1363636363636365 1.1363636363636365 1.0 1.0 1.1904761904761905 1.1904761904761905 1.0 1.0 1.1363636363636365 1.1363636363636365 1.0 1.0 1.0 1.0 1.0 1.0 
55 1.1363636363636365 1.1363636363636365 1.0 1.0 1.1904761904761905 1.1904761904761905 1.0 1.0 1.1363636363636365 1.1363636363636365 1.0 1.0 1.0 1.0 1.0 1.0 
56 9.090909090909092 9.090909090909092 8.0 8.0 9.523809523809524 9.523809523809524 8.0 8.0 9.090909090909092 9.090909090909092 8.0 8.0 8.0 8.0 8.0 8.0 
11 1.1363636363636365 1.1363636363636365 1.0 1.0 1.1904761904761905 1.1904761904761905 1.0 1.0 1.1363636363636365 1.1363636363636365 1.0 1.0 1.0 1.0 1.0 1.0 
12 4.545454545454546 4.545454545454546 4.0 4.0 4.761904761904762 4.761904761904762 4.0 4.0 4.545454545454546 4.545454545454546 4.0 4.0 4.0 4.0 4.0 4.0 
13 1.1363636363636365 1.1363636363636365 1.0 1.0 1.1904761904761905 1.1904761904761905 1.0 1.0 1.1363636363636365 1.1363636363636365 1.0 1.0 1.0 1.0 1.0 1.0 
14 9.090909090909092 9.090909090909092 8.0 8.0 9.523809523809524 9.523809523809524 8.0 8.0 9.090909090909092 9.090909090909092 8.0 8.0 8.0 8.0 8.0 8.0 
15 2.272727272727273 2.272727272727273 2.0 2.0 2.380952380952381 2.380952380952381 2.0 2.0 2.272727272727273 2.272727272727273 2.0 2.0 2.0 2.0 2.0 2.0 
16 2.272727272727273 2.272727272727273 2.0 2.0 2.380952380952381 2.380952380952381 2.0 2.0 2.272727272727273 2.272727272727273 2.0 2.0 2.0 2.0 2.0 2.0 
53 2.272727272727273 2.272727272727273 2.0 2.0 2.380952380952381 2.380952380952381 2.0 2.0 2.272727272727273 2.272727272727273 2.0 2.0 2.0 2.0 2.0 2.0 
17 4.545454545454546 4.545454545454546 4.0 4.0 4.761904761904762 4.761904761904762 4.0 4.0 4.545454545454546 4.545454545454546 4.0 4.0 4.0 4.0 4.0 4.0 
18 4.545454545454546 4.545454545454546 4.0 4.0 4.761904761904762 4.761904761904762 4.0 4.0 4.545454545454546 4.545454545454546 4.0 4.0 4.0 4.0 4.0 4.0 
19 4.545454545454546 4.545454545454546 4.0 4.0 4.761904761904762 4.761904761904762 4.0 4.0 4.545454545454546 4.545454545454546 4.0 4.0 4.0 4.0 4.0 4.0 
20 9.090909090909092 9.090909090909092 8.0 8.0 9.523809523809524 9.523809523809524 8.0 8.0 9.090909090909092 9.090909090909092 8.0 8.0 8.0 8.0 8.0 8.0 
21 4.545454545454546 4.545454545454546 4.0 4.0 4.761904761904762 4.761904761904762 4.0 4.0 4.545454545454546 4.545454545454546 4.0 4.0 4.0 4.0 4.0 4.0 
47 9.090909090909092 9.090909090909092 8.0 8.0 9.523809523809524 9.523809523809524 8.0 8.0 9.090909090909092 9.090909090909092 8.0 8.0 8.0 8.0 8.0 8.0 
48 4.545454545454546 4.545454545454546 4.0 4.0 4.761904761904762 4.761904761904762 4.0 4.0 4.545454545454546 4.545454545454546 4.0 4.0 4.0 4.0 4.0 4.0 
49 4.545454545454546 4.545454545454546 4.0 4.0 4.761904761904762 4.761904761904762 4.0 4.0 4.545454545454546 4.545454545454546 4.0 4.0 4.0 4.0 4.0 4.0 
50 4.545454545454546 4.545454545454546 4.0 4.0 4.761904761904762 4.761904761904762 4.0 4.0 4.545454545454546 4.545454545454546 4.0 4.0 4.0 4.0 4.0 4.0 
51 4.545454545454546 4.545454545454546 4.0 4.0 4.761904761904762 4.761904761904762 4.0 4.0 4.545454545454546 4.545454545454546 4.0 4.0 4.0 4.0 4.0 4.0 
22 2.272727272727273 2.272727272727273 2.0 2.0 2.380952380952381 2.380952380952381 2.0 2.0 2.272727272727273 2.272727272727273 2.0 2.0 2.0 2.0 2.0 2.0 
23 2.272727272727273 2.272727272727273 2.0 2.0 2.380952380952381 2.380952380952381 2.0 2.0 2.272727272727273 2.272727272727273 2.0 2.0 2.0 2.0 2.0 2.0 
24 2.272727272727273 2.272727272727273 2.0 2.0 2.380952380952381 2.380952380952381 2.0 2.0 2.272727272727273 2.272727272727273 2.0 2.0 2.0 2.0 2.0 2.0 
25 2.272727272727273 2.272727272727273 2.0 2.0 2.380952380952381 2.380952380952381 2.0 2.0 2.272727272727273 2.272727272727273 2.0 2.0 2.0 2.0 2.0 2.0 
26 2.272727272727273 2.272727272727273 2.0 2.0 2.380952380952381 2.380952380952381 2.0 2.0 2.272727272727273 2.272727272727273 2.0 2.0 2.0 2.0 2.0 2.0 
27 2.272727272727273 2.272727272727273 2.0 2.0 2.380952380952381 2.380952380952381 2.0 2.0 2.272727272727273 2.272727272727273 2.0 2.0 2.0 2.0 2.0 2.0 
28 2.272727272727273 2.272727272727273 2.0 2.0 2.380952380952381 2.380952380952381 2.0 2.0 2.272727272727273 2.272727272727273 2.0 2.0 2.0 2.0 2.0 2.0 
29 2.272727272727273 2.272727272727273 2.0 2.0 2.380952380952381 2.380952380952381 2.0 2.0 2.272727272727273 2.272727272727273 2.0 2.0 2.0 2.0 2.0 2.0 
30 2.272727272727273 2.272727272727273 2.0 2.0 2.380952380952381 2.380952380952381 2.0 2.0 2.272727272727273 2.272727272727273 2.0 2.0 2.0 2.0 2.0 2.0 
31 2.272727272727273 2.272727272727273 2.0 2.0 2.380952380952381 2.380952380952381 2.0 2.0 2.272727272727273 2.272727272727273 2.0 2.0 2.0 2.0 2.0 2.0 
32 4.545454545454546 4.545454545454546 4.0 4.0 4.761904761904762 4.761904761904762 4.0 4.0 4.545454545454546 4.545454545454546 4.0 4.0 4.0 4.0 4.0 4.0 
33 2.272727272727273 2.272727272727273 2.0 2.0 2.380952380952381 2.380952380952381 2.0 2.0 2.272727272727273 2.272727272727273 2.0 2.0 2.0 2.0 2.0 2.0 
42 2.272727272727273 2.272727272727273 2.0 2.0 2.380952380952381 2.380952380952381 2.0 2.0 2.272727272727273 2.272727272727273 2.0 2.0 2.0 2.0 2.0 2.0 
43 2.272727272727273 2.272727272727273 2.0 2.0 2.380952380952381 2.380952380952381 2.0 2.0 2.272727272727273 2.272727272727273 2.0 2.0 2.0 2.0 2.0 2.0 
34 9.090909090909092 9.090909090909092 8.0 8.0 9.523809523809524 9.523809523809524 8.0 8.0 9.090909090909092 9.090909090909092 8.0 8.0 8.0 8.0 8.0 8.0 
35 4.545454545454546 4.545454545454546 4.0 4.0 4.761904761904762 4.761904761904762 4.0 4.0 4.545454545454546 4.545454545454546 4.0 4.0 4.0 4.0 4.0 4.0 
36 2.272727272727273 2.272727272727273 2.0 2.0 2.380952380952381 2.380952380952381 2.0 2.0 2.272727272727273 2.272727272727273 2.0 2.0 2.0 2.0 2.0 2.0 
37 9.090909090909092 9.090909090909092 8.0 8.0 9.523809523809524 9.523809523809524 8.0 8.0 9.090909090909092 9.090909090909092 8.0 8.0 8.0 8.0 8.0 8.0 
38 4.545454545454546 4.545454545454546 4.0 4.0 4.761904761904762 4.761904761904762 4.0 4.0 4.545454545454546 4.545454545454546 4.0 4.0 4.0 4.0 4.0 4.0 
39 4.545454545454546 4.545454545454546 4.0 4.0 4.761904761904762 4.761904761904762 4.0 4.0 4.545454545454546 4.545454545454546 4.0 4.0 4.0 4.0 4.0 4.0 
40 9.090909090909092 9.090909090909092 8.0 8.0 9.523809523809524 9.523809523809524 8.0 8.0 9.090909090909092 9.090909090909092 8.0 8.0 8.0 8.0 8.0 8.0 
41 4.545454545454546 4.545454545454546 4.0 4.0 4.761904761904762 4.761904761904762 4.0 4.0 4.545454545454546 4.545454545454546 4.0 4.0 4.0 4.0 4.0 4.0 
;
set c_0 := 0;
param d := 
[0,*,*] : 
0 1 2 3 4 44 45 46 := 
0 0 0.00968 0 0 0 0.00968 0.00968 0 
1 0.41485714285714287 0 0.00968 0 0 0 0 0 
2 0 0.031944 0 0.00968 0.00968 0.031944 0.031944 0.00968 
3 0 0 0.2012472 0 0 0 0 0 
4 0 0 0.2012472 0 0 0 0 0 
44 0.41485714285714287 0 0.00968 0 0 0 0 0 
45 0.41485714285714287 0 0.00968 0 0 0 0 0 
46 0 0 0.2012472 0 0 0 0 0 
[1,*,*] : 
0 5 6 7 8 9 10 52 54 55 56 := 
0 0 0.002121142857142857 0.002121142857142857 0.002121142857142857 0.002121142857142857 0 0 0.002121142857142857 0.002121142857142857 0.002121142857142857 0 
5 0.59392 0 0 0 0 0.0010605714285714285 0 0 0 0 0.0010605714285714285 
6 0.59392 0 0 0 0 0.0010605714285714285 0 0 0 0 0.0010605714285714285 
7 0.59392 0 0 0 0 0.0010605714285714285 0 0 0 0 0.0010605714285714285 
8 0.59392 0 0 0 0 0.0010605714285714285 0 0 0 0 0.0010605714285714285 
9 0 0.0014848 0.0014848 0.0014848 0.0014848 0 0.007424 0.0014848 0.0014848 0.0014848 0 
10 0 0 0 0 0 0.04053504 0 0 0 0 0.04053504 
52 0.59392 0 0 0 0 0.0010605714285714285 0 0 0 0 0.0010605714285714285 
54 0.59392 0 0 0 0 0.0010605714285714285 0 0 0 0 0.0010605714285714285 
55 0.59392 0 0 0 0 0.0010605714285714285 0 0 0 0 0.0010605714285714285 
56 0 0.0014848 0.0014848 0.0014848 0.0014848 0 0.007424 0.0014848 0.0014848 0.0014848 0 
[2,*,*] : 
0 11 12 13 := 
0 0 0.009488 0 0 
11 0.40662857142857145 0 0.009488 0 
12 0 0.0313104 0 0.009488 
13 0 0 0.20351760000000002 0 
[3,*,*] : 
0 14 15 16 53 := 
0 0 0.020264 0 0 0 
14 0.8684571428571429 0 0.020264 0 0 
15 0 0.0668712 0 0.010132 0.010132 
16 0 0 0.26079768000000003 0 0 
53 0 0 0.26079768000000003 0 0 
[4,*,*] : 
0 17 18 19 20 21 47 48 49 50 51 := 
0 0 0.0012272 0.0012272 0.0012272 0 0 0 0 0 0.0012272 0.0012272 
17 0.34361600000000003 0 0 0 6.136E-4 0 6.136E-4 0 0 0 0 
18 0.34361600000000003 0 0 0 6.136E-4 0 6.136E-4 0 0 0 0 
19 0.34361600000000003 0 0 0 6.136E-4 0 6.136E-4 0 0 0 0 
20 0 8.590399999999999E-4 8.590399999999999E-4 8.590399999999999E-4 0 0.0010226666666666667 0 0.0010226666666666667 0.0010226666666666667 8.590399999999999E-4 8.590399999999999E-4 
21 0 0 0 0 0.009019919999999999 0 0.009019919999999999 0 0 0 0 
47 0 8.590399999999999E-4 8.590399999999999E-4 8.590399999999999E-4 0 0.0010226666666666667 0 0.0010226666666666667 0.0010226666666666667 8.590399999999999E-4 8.590399999999999E-4 
48 0 0 0 0 0.009019919999999999 0 0.009019919999999999 0 0 0 0 
49 0 0 0 0 0.009019919999999999 0 0.009019919999999999 0 0 0 0 
50 0.34361600000000003 0 0 0 6.136E-4 0 6.136E-4 0 0 0 0 
51 0.34361600000000003 0 0 0 6.136E-4 0 6.136E-4 0 0 0 0 
[5,*,*] : 
0 22 23 24 25 26 27 28 29 30 31 32 33 42 43 := 
0 0 0.0013 0.0013 0.0013 0.0013 0.0013 0.0013 0.0013 0.0013 0.0013 0.0013 0 0 0.0013 0.0013 
22 0.36399999999999993 0 0 0 0 0 0 0 0 0 0 0.0013 0 0 0 
23 0.36399999999999993 0 0 0 0 0 0 0 0 0 0 0.0013 0 0 0 
24 0.36399999999999993 0 0 0 0 0 0 0 0 0 0 0.0013 0 0 0 
25 0.36399999999999993 0 0 0 0 0 0 0 0 0 0 0.0013 0 0 0 
26 0.36399999999999993 0 0 0 0 0 0 0 0 0 0 0.0013 0 0 0 
27 0.36399999999999993 0 0 0 0 0 0 0 0 0 0 0.0013 0 0 0 
28 0.36399999999999993 0 0 0 0 0 0 0 0 0 0 0.0013 0 0 0 
29 0.36399999999999993 0 0 0 0 0 0 0 0 0 0 0.0013 0 0 0 
30 0.36399999999999993 0 0 0 0 0 0 0 0 0 0 0.0013 0 0 0 
31 0.36399999999999993 0 0 0 0 0 0 0 0 0 0 0.0013 0 0 0 
32 0 0.0273 0.0273 0.0273 0.0273 0.0273 0.0273 0.0273 0.0273 0.0273 0.0273 0 0.0156 0.0273 0.0273 
33 0 0 0 0 0 0 0 0 0 0 0 0.36036 0 0 0 
42 0.36399999999999993 0 0 0 0 0 0 0 0 0 0 0.0013 0 0 0 
43 0.36399999999999993 0 0 0 0 0 0 0 0 0 0 0.0013 0 0 0 
[6,*,*] : 
0 34 35 36 37 38 39 40 41 := 
0 0 0.003992 0 0 0.003992 0 0 0.003992 0 
34 0.1710857142857143 0 9.98E-4 0 0 9.98E-4 9.98E-4 0 9.98E-4 
35 0 0.0032934 0 0.002994 0.0032934 0 0 0.0032934 0 
36 0 0 0.07311348000000001 0 0 0.07311348000000001 0.07311348000000001 0 0.07311348000000001 
37 0.1710857142857143 0 9.98E-4 0 0 9.98E-4 9.98E-4 0 9.98E-4 
38 0 0.0032934 0 0.002994 0.0032934 0 0 0.0032934 0 
39 0 0.0032934 0 0.002994 0.0032934 0 0 0.0032934 0 
40 0.1710857142857143 0 9.98E-4 0 0 9.98E-4 9.98E-4 0 9.98E-4 
41 0 0.0032934 0 0.002994 0.0032934 0 0 0.0032934 0 
;
param x_bar : 0 1 2 3 4 5 6 7 8 9 10 11 12 13 14 15  := 
0 0 0 0 0 0 0 0 0 0 0 0 0 0 0 0 0 
1 0 0 0 0 0 0 0 0 0 0 0 0 1 0 0 0 
2 0 0 0 0 0 0 0 0 0 0 0 0 1 0 0 0 
3 0 0 0 0 0 0 0 0 0 0 0 0 1 0 0 0 
4 0 0 0 0 0 0 0 0 0 0 0 0 1 0 0 0 
5 0 0 0 0 0 0 0 0 0 0 0 0 0 0 1 0 
6 0 0 0 0 0 0 0 0 0 0 0 0 0 0 1 0 
7 0 0 0 0 0 0 0 0 0 0 0 0 0 0 0 1 
8 0 0 0 0 0 0 0 0 0 0 0 0 0 0 0 1 
9 1 0 0 0 0 0 0 0 0 0 0 0 0 0 0 0 
10 0 0 0 0 0 0 0 0 0 0 0 0 0 0 1 0 
11 0 0 0 0 0 0 0 0 1 0 0 0 0 0 0 0 
12 0 0 0 0 0 0 0 0 1 0 0 0 0 0 0 0 
13 0 0 0 0 0 0 0 0 1 0 0 0 0 0 0 0 
14 0 0 0 0 1 0 0 0 0 0 0 0 0 0 0 0 
15 0 0 0 0 0 0 0 0 0 0 0 0 0 0 0 1 
16 0 0 0 0 0 0 0 0 0 0 0 0 0 0 0 1 
;
