data;
set C_bar :=  1 2 3 4 5 6 7 8 9 10 11 12 13 14 15 ;
set C :=  16 17 18 19 20 21 22 23 24 25 46 47 48 49 50 26 27 28 29 30 34 53 54 55 31 32 33 39 40 41 42 43 44 45 35 36 52 37 38 51 ;
set R := 0 1 2 3 4 5 6 ;
set C_bar_r[0] :=  
1 2 3 ;
set C_bar_r[1] :=  
4 5 6 ;
set C_bar_r[2] :=  
7 8 9 10 11 12 ;
set C_bar_r[3] :=  
13 14 15 ;
set C_r[0] :=  
39 40 41 42 43 44 45 ;
set C_r[1] :=  
35 36 52 ;
set C_r[2] :=  
37 38 ;
set C_r[3] :=  
51 ;
set C_r[4] :=  
16 17 18 19 20 21 22 23 24 25 46 47 48 49 50 ;
set C_r[5] :=  
26 27 28 29 30 34 53 54 55 ;
set C_r[6] :=  
31 32 33 ;
set S :=  0 1 2 3 4 5 6 7 8 9 10 11 12 13 14 15 ;
set S_u :=  0 1 2 3 4 5 6 7 8 9 10 11 12 13 14 15 ;
set S_r[0] := 
2 ;
set S_r[1] := 
6 ;
set S_r[2] := 
6 7 8 ;
set S_r[3] := 
12 ;
set Rack :=  0 1 2 3 4 5 6 7 ;
param COST : 0 1 2 3 4 5 6 7 8 9 10 11 12 13 14 15 :=
0 0 1 3 3 5 5 5 5 5 5 5 5 5 5 5 5 
1 1 0 3 3 5 5 5 5 5 5 5 5 5 5 5 5 
2 3 3 0 1 5 5 5 5 5 5 5 5 5 5 5 5 
3 3 3 1 0 5 5 5 5 5 5 5 5 5 5 5 5 
4 5 5 5 5 0 1 3 3 5 5 5 5 5 5 5 5 
5 5 5 5 5 1 0 3 3 5 5 5 5 5 5 5 5 
6 5 5 5 5 3 3 0 1 5 5 5 5 5 5 5 5 
7 5 5 5 5 3 3 1 0 5 5 5 5 5 5 5 5 
8 5 5 5 5 5 5 5 5 0 1 3 3 5 5 5 5 
9 5 5 5 5 5 5 5 5 1 0 3 3 5 5 5 5 
10 5 5 5 5 5 5 5 5 3 3 0 1 5 5 5 5 
11 5 5 5 5 5 5 5 5 3 3 1 0 5 5 5 5 
12 5 5 5 5 5 5 5 5 5 5 5 5 0 1 3 3 
13 5 5 5 5 5 5 5 5 5 5 5 5 1 0 3 3 
14 5 5 5 5 5 5 5 5 5 5 5 5 3 3 0 1 
15 5 5 5 5 5 5 5 5 5 5 5 5 3 3 1 0 
;
set S_rack[0] :=  
0 1 ;
set S_rack[1] :=  
2 3 ;
set S_rack[2] :=  
4 5 ;
set S_rack[3] :=  
6 7 ;
set S_rack[4] :=  
8 9 ;
set S_rack[5] :=  
10 11 ;
set S_rack[6] :=  
12 13 ;
set S_rack[7] :=  
14 15 ;
param CPU := 
0 56.0
1 56.0
2 36.0
3 56.0
4 28.0
5 28.0
6 25.0
7 24.0
8 24.0
9 56.0
10 28.0
11 28.0
12 43.0
13 56.0
14 28.0
15 28.0
;
param MEM := 
0 192.0
1 192.0
2 116.0
3 192.0
4 192.0
5 192.0
6 70.0
7 64.0
8 64.0
9 192.0
10 48.0
11 48.0
12 142.0
13 192.0
14 48.0
15 48.0
;
param DISK := 
0 384.0
1 384.0
2 280.0
3 384.0
4 384.0
5 384.0
6 202.0
7 256.0
8 256.0
9 384.0
10 96.0
11 96.0
12 296.8
13 384.0
14 96.0
15 96.0
;
param BDW_out := 
0 10.0
1 10.0
2 9.875611428571428
3 10.0
4 10.0
5 10.0
6 8.078306857142858
7 8.533404
8 7.14504
9 10.0
10 10.0
11 10.0
12 8.674514285714286
13 10.0
14 10.0
15 10.0
;
param BDW_in := 
0 10.0
1 10.0
2 9.9970976
3 10.0
4 10.0
5 10.0
6 9.929708
7 9.975108
8 9.975616
9 10.0
10 10.0
11 10.0
12 9.969072
13 10.0
14 10.0
15 10.0
;
param mem := 
1 64.0
2 8.0
3 4.0
39 8.0
40 4.0
41 64.0
42 64.0
43 64.0
44 4.0
45 64.0
4 2.0
5 8.0
6 32.0
35 8.0
36 8.0
52 8.0
7 64.0
8 64.0
9 64.0
10 64.0
11 16.0
12 64.0
37 64.0
38 64.0
13 32.0
14 2.0
15 16.0
51 16.0
16 16.0
17 16.0
18 16.0
19 16.0
20 16.0
21 16.0
22 16.0
23 16.0
24 1.0
25 8.0
46 16.0
47 16.0
48 16.0
49 8.0
50 1.0
26 4.0
27 4.0
28 4.0
29 8.0
30 4.0
34 8.0
53 8.0
54 4.0
55 8.0
31 64.0
32 16.0
33 32.0
;
param disk := 
1 64.0
2 24.0
3 16.0
39 24.0
40 16.0
41 64.0
42 64.0
43 64.0
44 16.0
45 64.0
4 8.0
5 24.0
6 50.0
35 24.0
36 24.0
52 24.0
7 64.0
8 64.0
9 64.0
10 64.0
11 36.0
12 64.0
37 64.0
38 64.0
13 43.2
14 8.0
15 36.0
51 36.0
16 36.0
17 36.0
18 36.0
19 36.0
20 36.0
21 36.0
22 36.0
23 36.0
24 4.0
25 24.0
46 36.0
47 36.0
48 36.0
49 24.0
50 4.0
26 16.0
27 16.0
28 16.0
29 24.0
30 16.0
34 24.0
53 24.0
54 16.0
55 24.0
31 64.0
32 36.0
33 50.0
;
param cpu : 
0 1 2 3 4 5 6 7 8 9 10 11 12 13 14 15 := 
1 16.0 16.0 16.0 16.0 16.0 16.0 16.0 16.0 16.0 16.0 16.0 16.0 16.0 16.0 16.0 16.0 
2 2.0 2.0 2.0 2.0 2.0 2.0 2.0 2.0 2.0 2.0 2.0 2.0 2.0 2.0 2.0 2.0 
3 2.0 2.0 2.0 2.0 2.0 2.0 2.0 2.0 2.0 2.0 2.0 2.0 2.0 2.0 2.0 2.0 
39 2.0 2.0 2.0 2.0 2.0 2.0 2.0 2.0 2.0 2.0 2.0 2.0 2.0 2.0 2.0 2.0 
40 2.0 2.0 2.0 2.0 2.0 2.0 2.0 2.0 2.0 2.0 2.0 2.0 2.0 2.0 2.0 2.0 
41 16.0 16.0 16.0 16.0 16.0 16.0 16.0 16.0 16.0 16.0 16.0 16.0 16.0 16.0 16.0 16.0 
42 16.0 16.0 16.0 16.0 16.0 16.0 16.0 16.0 16.0 16.0 16.0 16.0 16.0 16.0 16.0 16.0 
43 16.0 16.0 16.0 16.0 16.0 16.0 16.0 16.0 16.0 16.0 16.0 16.0 16.0 16.0 16.0 16.0 
44 2.0 2.0 2.0 2.0 2.0 2.0 2.0 2.0 2.0 2.0 2.0 2.0 2.0 2.0 2.0 2.0 
45 16.0 16.0 16.0 16.0 16.0 16.0 16.0 16.0 16.0 16.0 16.0 16.0 16.0 16.0 16.0 16.0 
4 1.0 1.0 1.0 1.0 1.0 1.0 1.0 1.0 1.0 1.0 1.0 1.0 1.0 1.0 1.0 1.0 
5 2.0 2.0 2.0 2.0 2.0 2.0 2.0 2.0 2.0 2.0 2.0 2.0 2.0 2.0 2.0 2.0 
6 8.0 8.0 8.0 8.0 8.0 8.0 8.0 8.0 8.0 8.0 8.0 8.0 8.0 8.0 8.0 8.0 
35 2.0 2.0 2.0 2.0 2.0 2.0 2.0 2.0 2.0 2.0 2.0 2.0 2.0 2.0 2.0 2.0 
36 2.0 2.0 2.0 2.0 2.0 2.0 2.0 2.0 2.0 2.0 2.0 2.0 2.0 2.0 2.0 2.0 
52 2.0 2.0 2.0 2.0 2.0 2.0 2.0 2.0 2.0 2.0 2.0 2.0 2.0 2.0 2.0 2.0 
7 16.0 16.0 16.0 16.0 16.0 16.0 16.0 16.0 16.0 16.0 16.0 16.0 16.0 16.0 16.0 16.0 
8 16.0 16.0 16.0 16.0 16.0 16.0 16.0 16.0 16.0 16.0 16.0 16.0 16.0 16.0 16.0 16.0 
9 16.0 16.0 16.0 16.0 16.0 16.0 16.0 16.0 16.0 16.0 16.0 16.0 16.0 16.0 16.0 16.0 
10 16.0 16.0 16.0 16.0 16.0 16.0 16.0 16.0 16.0 16.0 16.0 16.0 16.0 16.0 16.0 16.0 
11 4.0 4.0 4.0 4.0 4.0 4.0 4.0 4.0 4.0 4.0 4.0 4.0 4.0 4.0 4.0 4.0 
12 16.0 16.0 16.0 16.0 16.0 16.0 16.0 16.0 16.0 16.0 16.0 16.0 16.0 16.0 16.0 16.0 
37 16.0 16.0 16.0 16.0 16.0 16.0 16.0 16.0 16.0 16.0 16.0 16.0 16.0 16.0 16.0 16.0 
38 16.0 16.0 16.0 16.0 16.0 16.0 16.0 16.0 16.0 16.0 16.0 16.0 16.0 16.0 16.0 16.0 
13 8.0 8.0 8.0 8.0 8.0 8.0 8.0 8.0 8.0 8.0 8.0 8.0 8.0 8.0 8.0 8.0 
14 1.0 1.0 1.0 1.0 1.0 1.0 1.0 1.0 1.0 1.0 1.0 1.0 1.0 1.0 1.0 1.0 
15 4.0 4.0 4.0 4.0 4.0 4.0 4.0 4.0 4.0 4.0 4.0 4.0 4.0 4.0 4.0 4.0 
51 4.0 4.0 4.0 4.0 4.0 4.0 4.0 4.0 4.0 4.0 4.0 4.0 4.0 4.0 4.0 4.0 
16 4.0 4.0 4.0 4.0 4.0 4.0 4.0 4.0 4.0 4.0 4.0 4.0 4.0 4.0 4.0 4.0 
17 4.0 4.0 4.0 4.0 4.0 4.0 4.0 4.0 4.0 4.0 4.0 4.0 4.0 4.0 4.0 4.0 
18 4.0 4.0 4.0 4.0 4.0 4.0 4.0 4.0 4.0 4.0 4.0 4.0 4.0 4.0 4.0 4.0 
19 4.0 4.0 4.0 4.0 4.0 4.0 4.0 4.0 4.0 4.0 4.0 4.0 4.0 4.0 4.0 4.0 
20 4.0 4.0 4.0 4.0 4.0 4.0 4.0 4.0 4.0 4.0 4.0 4.0 4.0 4.0 4.0 4.0 
21 4.0 4.0 4.0 4.0 4.0 4.0 4.0 4.0 4.0 4.0 4.0 4.0 4.0 4.0 4.0 4.0 
22 4.0 4.0 4.0 4.0 4.0 4.0 4.0 4.0 4.0 4.0 4.0 4.0 4.0 4.0 4.0 4.0 
23 4.0 4.0 4.0 4.0 4.0 4.0 4.0 4.0 4.0 4.0 4.0 4.0 4.0 4.0 4.0 4.0 
24 1.0 1.0 1.0 1.0 1.0 1.0 1.0 1.0 1.0 1.0 1.0 1.0 1.0 1.0 1.0 1.0 
25 2.0 2.0 2.0 2.0 2.0 2.0 2.0 2.0 2.0 2.0 2.0 2.0 2.0 2.0 2.0 2.0 
46 4.0 4.0 4.0 4.0 4.0 4.0 4.0 4.0 4.0 4.0 4.0 4.0 4.0 4.0 4.0 4.0 
47 4.0 4.0 4.0 4.0 4.0 4.0 4.0 4.0 4.0 4.0 4.0 4.0 4.0 4.0 4.0 4.0 
48 4.0 4.0 4.0 4.0 4.0 4.0 4.0 4.0 4.0 4.0 4.0 4.0 4.0 4.0 4.0 4.0 
49 2.0 2.0 2.0 2.0 2.0 2.0 2.0 2.0 2.0 2.0 2.0 2.0 2.0 2.0 2.0 2.0 
50 1.0 1.0 1.0 1.0 1.0 1.0 1.0 1.0 1.0 1.0 1.0 1.0 1.0 1.0 1.0 1.0 
26 2.0 2.0 2.0 2.0 2.0 2.0 2.0 2.0 2.0 2.0 2.0 2.0 2.0 2.0 2.0 2.0 
27 2.0 2.0 2.0 2.0 2.0 2.0 2.0 2.0 2.0 2.0 2.0 2.0 2.0 2.0 2.0 2.0 
28 2.0 2.0 2.0 2.0 2.0 2.0 2.0 2.0 2.0 2.0 2.0 2.0 2.0 2.0 2.0 2.0 
29 2.0 2.0 2.0 2.0 2.0 2.0 2.0 2.0 2.0 2.0 2.0 2.0 2.0 2.0 2.0 2.0 
30 2.0 2.0 2.0 2.0 2.0 2.0 2.0 2.0 2.0 2.0 2.0 2.0 2.0 2.0 2.0 2.0 
34 2.0 2.0 2.0 2.0 2.0 2.0 2.0 2.0 2.0 2.0 2.0 2.0 2.0 2.0 2.0 2.0 
53 2.0 2.0 2.0 2.0 2.0 2.0 2.0 2.0 2.0 2.0 2.0 2.0 2.0 2.0 2.0 2.0 
54 2.0 2.0 2.0 2.0 2.0 2.0 2.0 2.0 2.0 2.0 2.0 2.0 2.0 2.0 2.0 2.0 
55 2.0 2.0 2.0 2.0 2.0 2.0 2.0 2.0 2.0 2.0 2.0 2.0 2.0 2.0 2.0 2.0 
31 16.0 16.0 16.0 16.0 16.0 16.0 16.0 16.0 16.0 16.0 16.0 16.0 16.0 16.0 16.0 16.0 
32 4.0 4.0 4.0 4.0 4.0 4.0 4.0 4.0 4.0 4.0 4.0 4.0 4.0 4.0 4.0 4.0 
33 8.0 8.0 8.0 8.0 8.0 8.0 8.0 8.0 8.0 8.0 8.0 8.0 8.0 8.0 8.0 8.0 
;
set c_0 := 0;
param d := 
[0,*,*] : 
0 1 2 3 39 40 41 42 43 44 45 := 
0 0 0.0029024000000000003 0 0 0 0 0.0029024000000000003 0.0029024000000000003 0.0029024000000000003 0 0.0029024000000000003 
1 0.12438857142857145 0 0.0014512000000000001 0 0.0014512000000000001 0 0 0 0 0 0 
2 0 0.00478896 0 0.0024186666666666666 0 0.0024186666666666666 0.00478896 0.00478896 0.00478896 0.0024186666666666666 0.00478896 
3 0 0 0.027935600000000005 0 0.027935600000000005 0 0 0 0 0 0 
39 0 0.00478896 0 0.0024186666666666666 0 0.0024186666666666666 0.00478896 0.00478896 0.00478896 0.0024186666666666666 0.00478896 
40 0 0 0.027935600000000005 0 0.027935600000000005 0 0 0 0 0 0 
41 0.12438857142857145 0 0.0014512000000000001 0 0.0014512000000000001 0 0 0 0 0 0 
42 0.12438857142857145 0 0.0014512000000000001 0 0.0014512000000000001 0 0 0 0 0 0 
43 0.12438857142857145 0 0.0014512000000000001 0 0.0014512000000000001 0 0 0 0 0 0 
44 0 0 0.027935600000000005 0 0.027935600000000005 0 0 0 0 0 0 
45 0.12438857142857145 0 0.0014512000000000001 0 0.0014512000000000001 0 0 0 0 0 0 
[1,*,*] : 
0 4 5 6 35 36 52 := 
0 0 0.010856 0 0 0 0 0 
4 0.46525714285714287 0 0.002714 0 0.002714 0.002714 0.002714 
5 0 0.0089562 0 0.002714 0 0 0 
6 0 0 0.03313794 0 0.03313794 0.03313794 0.03313794 
35 0 0.0089562 0 0.002714 0 0 0 
36 0 0.0089562 0 0.002714 0 0 0 
52 0 0.0089562 0 0.002714 0 0 0 
[2,*,*] : 
0 7 8 9 10 11 12 37 38 := 
0 0 0.0050799999999999994 0.0050799999999999994 0.0050799999999999994 0.0050799999999999994 0 0 0 0.0050799999999999994 
7 1.4224 0 0 0 0 0.0050799999999999994 0 0 0 
8 1.4224 0 0 0 0 0.0050799999999999994 0 0 0 
9 1.4224 0 0 0 0 0.0050799999999999994 0 0 0 
10 1.4224 0 0 0 0 0.0050799999999999994 0 0 0 
11 0 0.007112 0.007112 0.007112 0.007112 0 0.0127 0.0127 0.007112 
12 0 0 0 0 0 0.039116000000000005 0 0 0 
37 0 0 0 0 0 0.039116000000000005 0 0 0 
38 1.4224 0 0 0 0 0.0050799999999999994 0 0 0 
[3,*,*] : 
0 13 14 15 51 := 
0 0 0.030928 0 0 0 
13 1.3254857142857144 0 0.030928 0 0 
14 0 0.1020624 0 0.015464 0.015464 
15 0 0 0.23984664 0 0 
51 0 0 0.23984664 0 0 
[4,*,*] : 
0 16 17 18 19 20 21 22 23 24 25 46 47 48 49 50 := 
0 0 0.0019127272727272728 0.0019127272727272728 0.0019127272727272728 0.0019127272727272728 0.0019127272727272728 0.0019127272727272728 0.0019127272727272728 0.0019127272727272728 0 0 0.0019127272727272728 0.0019127272727272728 0.0019127272727272728 0 0 
16 0.5355636363636364 0 0 0 0 0 0 0 0 9.563636363636364E-4 0 0 0 0 0 9.563636363636364E-4 
17 0.5355636363636364 0 0 0 0 0 0 0 0 9.563636363636364E-4 0 0 0 0 0 9.563636363636364E-4 
18 0.5355636363636364 0 0 0 0 0 0 0 0 9.563636363636364E-4 0 0 0 0 0 9.563636363636364E-4 
19 0.5355636363636364 0 0 0 0 0 0 0 0 9.563636363636364E-4 0 0 0 0 0 9.563636363636364E-4 
20 0.5355636363636364 0 0 0 0 0 0 0 0 9.563636363636364E-4 0 0 0 0 0 9.563636363636364E-4 
21 0.5355636363636364 0 0 0 0 0 0 0 0 9.563636363636364E-4 0 0 0 0 0 9.563636363636364E-4 
22 0.5355636363636364 0 0 0 0 0 0 0 0 9.563636363636364E-4 0 0 0 0 0 9.563636363636364E-4 
23 0.5355636363636364 0 0 0 0 0 0 0 0 9.563636363636364E-4 0 0 0 0 0 9.563636363636364E-4 
24 0 0.001338909090909091 0.001338909090909091 0.001338909090909091 0.001338909090909091 0.001338909090909091 0.001338909090909091 0.001338909090909091 0.001338909090909091 0 0.00526 0.001338909090909091 0.001338909090909091 0.001338909090909091 0.00526 0 
25 0 0 0 0 0 0 0 0 0 0.0500752 0 0 0 0 0 0.0500752 
46 0.5355636363636364 0 0 0 0 0 0 0 0 9.563636363636364E-4 0 0 0 0 0 9.563636363636364E-4 
47 0.5355636363636364 0 0 0 0 0 0 0 0 9.563636363636364E-4 0 0 0 0 0 9.563636363636364E-4 
48 0.5355636363636364 0 0 0 0 0 0 0 0 9.563636363636364E-4 0 0 0 0 0 9.563636363636364E-4 
49 0 0 0 0 0 0 0 0 0 0.0500752 0 0 0 0 0 0.0500752 
50 0 0.001338909090909091 0.001338909090909091 0.001338909090909091 0.001338909090909091 0.001338909090909091 0.001338909090909091 0.001338909090909091 0.001338909090909091 0 0.00526 0.001338909090909091 0.001338909090909091 0.001338909090909091 0.00526 0 
[5,*,*] : 
0 26 27 28 29 30 34 53 54 55 := 
0 0 0.00488 0.00488 0.00488 0 0 0 0 0 0 
26 1.3663999999999998 0 0 0 0.00122 0 0.00122 0.00122 0 0.00122 
27 1.3663999999999998 0 0 0 0.00122 0 0.00122 0.00122 0 0.00122 
28 1.3663999999999998 0 0 0 0.00122 0 0.00122 0.00122 0 0.00122 
29 0 0.001708 0.001708 0.001708 0 0.00183 0 0 0.00183 0 
30 0 0 0 0 0.0171654 0 0.0171654 0.0171654 0 0.0171654 
34 0 0.001708 0.001708 0.001708 0 0.00183 0 0 0.00183 0 
53 0 0.001708 0.001708 0.001708 0 0.00183 0 0 0.00183 0 
54 0 0 0 0 0.0171654 0 0.0171654 0.0171654 0 0.0171654 
55 0 0.001708 0.001708 0.001708 0 0.00183 0 0 0.00183 0 
[6,*,*] : 
0 31 32 33 := 
0 0 0.01708 0 0 
31 0.7320000000000002 0 0.01708 0 
32 0 0.05636400000000001 0 0.01708 
33 0 0 0.40018440000000005 0 
;
param x_bar : 0 1 2 3 4 5 6 7 8 9 10 11 12 13 14 15  := 
0 0 0 0 0 0 0 0 0 0 0 0 0 0 0 0 0 
1 0 0 1 0 0 0 0 0 0 0 0 0 0 0 0 0 
2 0 0 1 0 0 0 0 0 0 0 0 0 0 0 0 0 
3 0 0 1 0 0 0 0 0 0 0 0 0 0 0 0 0 
4 0 0 0 0 0 0 1 0 0 0 0 0 0 0 0 0 
5 0 0 0 0 0 0 1 0 0 0 0 0 0 0 0 0 
6 0 0 0 0 0 0 1 0 0 0 0 0 0 0 0 0 
7 0 0 0 0 0 0 1 0 0 0 0 0 0 0 0 0 
8 0 0 0 0 0 0 0 1 0 0 0 0 0 0 0 0 
9 0 0 0 0 0 0 0 0 1 0 0 0 0 0 0 0 
10 0 0 0 0 0 0 0 0 1 0 0 0 0 0 0 0 
11 0 0 0 0 0 0 1 0 0 0 0 0 0 0 0 0 
12 0 0 0 0 0 0 0 1 0 0 0 0 0 0 0 0 
13 0 0 0 0 0 0 0 0 0 0 0 0 1 0 0 0 
14 0 0 0 0 0 0 0 0 0 0 0 0 1 0 0 0 
15 0 0 0 0 0 0 0 0 0 0 0 0 1 0 0 0 
;
