data;
set C_bar :=  1 2 3 4 5 6 7 8 9 10 11 12 13 ;
set C :=  14 15 16 27 28 17 18 19 20 25 29 30 39 40 41 47 48 49 50 21 22 23 42 43 44 45 46 51 52 53 26 24 31 32 33 34 35 36 37 38 ;
set R := 0 1 2 3 4 5 6 ;
set C_bar_r[0] :=  
1 2 3 ;
set C_bar_r[1] :=  
4 5 6 7 ;
set C_bar_r[2] :=  
8 9 10 ;
set C_bar_r[3] :=  
11 12 13 ;
set C_r[0] :=  
;
set C_r[1] :=  
53 ;
set C_r[2] :=  
26 ;
set C_r[3] :=  
24 31 32 33 34 35 36 37 38 ;
set C_r[4] :=  
14 15 16 27 28 ;
set C_r[5] :=  
17 18 19 20 25 29 30 39 40 41 47 48 49 50 ;
set C_r[6] :=  
21 22 23 42 43 44 45 46 51 52 ;
set S :=  0 1 2 3 4 5 6 7 8 9 10 11 12 13 14 15 ;
set S_u :=  0 1 2 3 4 5 6 7 8 9 10 11 12 13 14 15 ;
set S_r[0] := 
4 8 ;
set S_r[1] := 
14 ;
set S_r[2] := 
2 ;
set S_r[3] := 
12 ;
set Rack :=  0 1 2 3 4 5 6 7 ;
param COST : 0 1 2 3 4 5 6 7 8 9 10 11 12 13 14 15 :=
0 0 1 3 3 5 5 5 5 5 5 5 5 5 5 5 5 
1 1 0 3 3 5 5 5 5 5 5 5 5 5 5 5 5 
2 3 3 0 1 5 5 5 5 5 5 5 5 5 5 5 5 
3 3 3 1 0 5 5 5 5 5 5 5 5 5 5 5 5 
4 5 5 5 5 0 1 3 3 5 5 5 5 5 5 5 5 
5 5 5 5 5 1 0 3 3 5 5 5 5 5 5 5 5 
6 5 5 5 5 3 3 0 1 5 5 5 5 5 5 5 5 
7 5 5 5 5 3 3 1 0 5 5 5 5 5 5 5 5 
8 5 5 5 5 5 5 5 5 0 1 3 3 5 5 5 5 
9 5 5 5 5 5 5 5 5 1 0 3 3 5 5 5 5 
10 5 5 5 5 5 5 5 5 3 3 0 1 5 5 5 5 
11 5 5 5 5 5 5 5 5 3 3 1 0 5 5 5 5 
12 5 5 5 5 5 5 5 5 5 5 5 5 0 1 3 3 
13 5 5 5 5 5 5 5 5 5 5 5 5 1 0 3 3 
14 5 5 5 5 5 5 5 5 5 5 5 5 3 3 0 1 
15 5 5 5 5 5 5 5 5 5 5 5 5 3 3 1 0 
;
set S_rack[0] :=  
0 1 ;
set S_rack[1] :=  
2 3 ;
set S_rack[2] :=  
4 5 ;
set S_rack[3] :=  
6 7 ;
set S_rack[4] :=  
8 9 ;
set S_rack[5] :=  
10 11 ;
set S_rack[6] :=  
12 13 ;
set S_rack[7] :=  
14 15 ;
param CPU := 
0 28.0
1 28.0
2 51.0
3 56.0
4 24.0
5 28.0
6 28.0
7 28.0
8 24.0
9 56.0
10 44.0
11 44.0
12 50.0
13 56.0
14 30.0
15 56.0
;
param MEM := 
0 192.0
1 192.0
2 175.0
3 192.0
4 32.0
5 48.0
6 192.0
7 192.0
8 64.0
9 192.0
10 128.0
11 128.0
12 173.0
13 192.0
14 88.0
15 192.0
;
param DISK := 
0 384.0
1 384.0
2 332.0
3 384.0
4 60.0
5 96.0
6 384.0
7 384.0
8 256.0
9 384.0
10 256.0
11 256.0
12 336.0
13 384.0
14 223.60000000000002
15 384.0
;
param BDW_out := 
0 10.0
1 10.0
2 9.571257142857142
3 10.0
4 9.4065544
5 10.0
6 10.0
7 10.0
8 8.663234285714285
9 10.0
10 10.0
11 10.0
12 9.813942857142857
13 10.0
14 6.85504
15 10.0
;
param BDW_in := 
0 10.0
1 10.0
2 9.989996
3 10.0
4 9.96952
5 10.0
6 10.0
7 10.0
8 9.3760744
9 10.0
10 10.0
11 10.0
12 9.995658666666667
13 10.0
14 9.988768
15 10.0
;
param mem := 
1 64.0
2 64.0
3 16.0
4 32.0
5 32.0
6 32.0
7 8.0
53 32.0
8 8.0
9 1.0
10 8.0
26 8.0
11 16.0
12 2.0
13 1.0
24 16.0
31 2.0
32 2.0
33 1.0
34 2.0
35 16.0
36 1.0
37 1.0
38 2.0
14 1.0
15 32.0
16 4.0
27 1.0
28 32.0
17 32.0
18 32.0
19 16.0
20 32.0
25 32.0
29 32.0
30 32.0
39 16.0
40 32.0
41 32.0
47 32.0
48 16.0
49 32.0
50 32.0
21 4.0
22 8.0
23 16.0
42 4.0
43 4.0
44 4.0
45 4.0
46 4.0
51 16.0
52 8.0
;
param disk := 
1 64.0
2 64.0
3 36.0
4 43.2
5 43.2
6 50.0
7 24.0
53 50.0
8 24.0
9 4.0
10 24.0
26 24.0
11 36.0
12 8.0
13 4.0
24 36.0
31 8.0
32 8.0
33 4.0
34 8.0
35 36.0
36 4.0
37 4.0
38 8.0
14 4.0
15 50.0
16 16.0
27 4.0
28 50.0
17 50.0
18 50.0
19 36.0
20 50.0
25 50.0
29 50.0
30 50.0
39 36.0
40 50.0
41 50.0
47 50.0
48 36.0
49 50.0
50 50.0
21 16.0
22 24.0
23 36.0
42 16.0
43 16.0
44 16.0
45 16.0
46 16.0
51 36.0
52 24.0
;
param cpu : 
0 1 2 3 4 5 6 7 8 9 10 11 12 13 14 15 := 
1 16.0 16.0 16.0 16.0 16.0 16.0 16.0 16.0 16.0 16.0 18.181818181818183 18.181818181818183 16.0 16.0 16.0 16.0 
2 16.0 16.0 16.0 16.0 16.0 16.0 16.0 16.0 16.0 16.0 18.181818181818183 18.181818181818183 16.0 16.0 16.0 16.0 
3 4.0 4.0 4.0 4.0 4.0 4.0 4.0 4.0 4.0 4.0 4.545454545454546 4.545454545454546 4.0 4.0 4.0 4.0 
4 8.0 8.0 8.0 8.0 8.0 8.0 8.0 8.0 8.0 8.0 9.090909090909092 9.090909090909092 8.0 8.0 8.0 8.0 
5 8.0 8.0 8.0 8.0 8.0 8.0 8.0 8.0 8.0 8.0 9.090909090909092 9.090909090909092 8.0 8.0 8.0 8.0 
6 8.0 8.0 8.0 8.0 8.0 8.0 8.0 8.0 8.0 8.0 9.090909090909092 9.090909090909092 8.0 8.0 8.0 8.0 
7 2.0 2.0 2.0 2.0 2.0 2.0 2.0 2.0 2.0 2.0 2.272727272727273 2.272727272727273 2.0 2.0 2.0 2.0 
53 8.0 8.0 8.0 8.0 8.0 8.0 8.0 8.0 8.0 8.0 9.090909090909092 9.090909090909092 8.0 8.0 8.0 8.0 
8 2.0 2.0 2.0 2.0 2.0 2.0 2.0 2.0 2.0 2.0 2.272727272727273 2.272727272727273 2.0 2.0 2.0 2.0 
9 1.0 1.0 1.0 1.0 1.0 1.0 1.0 1.0 1.0 1.0 1.1363636363636365 1.1363636363636365 1.0 1.0 1.0 1.0 
10 2.0 2.0 2.0 2.0 2.0 2.0 2.0 2.0 2.0 2.0 2.272727272727273 2.272727272727273 2.0 2.0 2.0 2.0 
26 2.0 2.0 2.0 2.0 2.0 2.0 2.0 2.0 2.0 2.0 2.272727272727273 2.272727272727273 2.0 2.0 2.0 2.0 
11 4.0 4.0 4.0 4.0 4.0 4.0 4.0 4.0 4.0 4.0 4.545454545454546 4.545454545454546 4.0 4.0 4.0 4.0 
12 1.0 1.0 1.0 1.0 1.0 1.0 1.0 1.0 1.0 1.0 1.1363636363636365 1.1363636363636365 1.0 1.0 1.0 1.0 
13 1.0 1.0 1.0 1.0 1.0 1.0 1.0 1.0 1.0 1.0 1.1363636363636365 1.1363636363636365 1.0 1.0 1.0 1.0 
24 4.0 4.0 4.0 4.0 4.0 4.0 4.0 4.0 4.0 4.0 4.545454545454546 4.545454545454546 4.0 4.0 4.0 4.0 
31 1.0 1.0 1.0 1.0 1.0 1.0 1.0 1.0 1.0 1.0 1.1363636363636365 1.1363636363636365 1.0 1.0 1.0 1.0 
32 1.0 1.0 1.0 1.0 1.0 1.0 1.0 1.0 1.0 1.0 1.1363636363636365 1.1363636363636365 1.0 1.0 1.0 1.0 
33 1.0 1.0 1.0 1.0 1.0 1.0 1.0 1.0 1.0 1.0 1.1363636363636365 1.1363636363636365 1.0 1.0 1.0 1.0 
34 1.0 1.0 1.0 1.0 1.0 1.0 1.0 1.0 1.0 1.0 1.1363636363636365 1.1363636363636365 1.0 1.0 1.0 1.0 
35 4.0 4.0 4.0 4.0 4.0 4.0 4.0 4.0 4.0 4.0 4.545454545454546 4.545454545454546 4.0 4.0 4.0 4.0 
36 1.0 1.0 1.0 1.0 1.0 1.0 1.0 1.0 1.0 1.0 1.1363636363636365 1.1363636363636365 1.0 1.0 1.0 1.0 
37 1.0 1.0 1.0 1.0 1.0 1.0 1.0 1.0 1.0 1.0 1.1363636363636365 1.1363636363636365 1.0 1.0 1.0 1.0 
38 1.0 1.0 1.0 1.0 1.0 1.0 1.0 1.0 1.0 1.0 1.1363636363636365 1.1363636363636365 1.0 1.0 1.0 1.0 
14 1.0 1.0 1.0 1.0 1.0 1.0 1.0 1.0 1.0 1.0 1.1363636363636365 1.1363636363636365 1.0 1.0 1.0 1.0 
15 8.0 8.0 8.0 8.0 8.0 8.0 8.0 8.0 8.0 8.0 9.090909090909092 9.090909090909092 8.0 8.0 8.0 8.0 
16 2.0 2.0 2.0 2.0 2.0 2.0 2.0 2.0 2.0 2.0 2.272727272727273 2.272727272727273 2.0 2.0 2.0 2.0 
27 1.0 1.0 1.0 1.0 1.0 1.0 1.0 1.0 1.0 1.0 1.1363636363636365 1.1363636363636365 1.0 1.0 1.0 1.0 
28 8.0 8.0 8.0 8.0 8.0 8.0 8.0 8.0 8.0 8.0 9.090909090909092 9.090909090909092 8.0 8.0 8.0 8.0 
17 8.0 8.0 8.0 8.0 8.0 8.0 8.0 8.0 8.0 8.0 9.090909090909092 9.090909090909092 8.0 8.0 8.0 8.0 
18 8.0 8.0 8.0 8.0 8.0 8.0 8.0 8.0 8.0 8.0 9.090909090909092 9.090909090909092 8.0 8.0 8.0 8.0 
19 4.0 4.0 4.0 4.0 4.0 4.0 4.0 4.0 4.0 4.0 4.545454545454546 4.545454545454546 4.0 4.0 4.0 4.0 
20 8.0 8.0 8.0 8.0 8.0 8.0 8.0 8.0 8.0 8.0 9.090909090909092 9.090909090909092 8.0 8.0 8.0 8.0 
25 8.0 8.0 8.0 8.0 8.0 8.0 8.0 8.0 8.0 8.0 9.090909090909092 9.090909090909092 8.0 8.0 8.0 8.0 
29 8.0 8.0 8.0 8.0 8.0 8.0 8.0 8.0 8.0 8.0 9.090909090909092 9.090909090909092 8.0 8.0 8.0 8.0 
30 8.0 8.0 8.0 8.0 8.0 8.0 8.0 8.0 8.0 8.0 9.090909090909092 9.090909090909092 8.0 8.0 8.0 8.0 
39 4.0 4.0 4.0 4.0 4.0 4.0 4.0 4.0 4.0 4.0 4.545454545454546 4.545454545454546 4.0 4.0 4.0 4.0 
40 8.0 8.0 8.0 8.0 8.0 8.0 8.0 8.0 8.0 8.0 9.090909090909092 9.090909090909092 8.0 8.0 8.0 8.0 
41 8.0 8.0 8.0 8.0 8.0 8.0 8.0 8.0 8.0 8.0 9.090909090909092 9.090909090909092 8.0 8.0 8.0 8.0 
47 8.0 8.0 8.0 8.0 8.0 8.0 8.0 8.0 8.0 8.0 9.090909090909092 9.090909090909092 8.0 8.0 8.0 8.0 
48 4.0 4.0 4.0 4.0 4.0 4.0 4.0 4.0 4.0 4.0 4.545454545454546 4.545454545454546 4.0 4.0 4.0 4.0 
49 8.0 8.0 8.0 8.0 8.0 8.0 8.0 8.0 8.0 8.0 9.090909090909092 9.090909090909092 8.0 8.0 8.0 8.0 
50 8.0 8.0 8.0 8.0 8.0 8.0 8.0 8.0 8.0 8.0 9.090909090909092 9.090909090909092 8.0 8.0 8.0 8.0 
21 2.0 2.0 2.0 2.0 2.0 2.0 2.0 2.0 2.0 2.0 2.272727272727273 2.272727272727273 2.0 2.0 2.0 2.0 
22 2.0 2.0 2.0 2.0 2.0 2.0 2.0 2.0 2.0 2.0 2.272727272727273 2.272727272727273 2.0 2.0 2.0 2.0 
23 4.0 4.0 4.0 4.0 4.0 4.0 4.0 4.0 4.0 4.0 4.545454545454546 4.545454545454546 4.0 4.0 4.0 4.0 
42 2.0 2.0 2.0 2.0 2.0 2.0 2.0 2.0 2.0 2.0 2.272727272727273 2.272727272727273 2.0 2.0 2.0 2.0 
43 2.0 2.0 2.0 2.0 2.0 2.0 2.0 2.0 2.0 2.0 2.272727272727273 2.272727272727273 2.0 2.0 2.0 2.0 
44 2.0 2.0 2.0 2.0 2.0 2.0 2.0 2.0 2.0 2.0 2.272727272727273 2.272727272727273 2.0 2.0 2.0 2.0 
45 2.0 2.0 2.0 2.0 2.0 2.0 2.0 2.0 2.0 2.0 2.272727272727273 2.272727272727273 2.0 2.0 2.0 2.0 
46 2.0 2.0 2.0 2.0 2.0 2.0 2.0 2.0 2.0 2.0 2.272727272727273 2.272727272727273 2.0 2.0 2.0 2.0 
51 4.0 4.0 4.0 4.0 4.0 4.0 4.0 4.0 4.0 4.0 4.545454545454546 4.545454545454546 4.0 4.0 4.0 4.0 
52 2.0 2.0 2.0 2.0 2.0 2.0 2.0 2.0 2.0 2.0 2.272727272727273 2.272727272727273 2.0 2.0 2.0 2.0 
;
set c_0 := 0;
param d := 
[0,*,*] : 
0 1 2 3 := 
0 0 0.03048 0 0 
1 1.3062857142857143 0 0.03048 0 
2 0 0.10058399999999999 0 0.03048 
3 0 0 0.5934456 0 
[1,*,*] : 
0 4 5 6 7 53 := 
0 0 0.005616 0.005616 0 0 0 
4 1.57248 0 0 0.002808 0 0.002808 
5 1.57248 0 0 0.002808 0 0.002808 
6 0 0.0039312 0.0039312 0 0.005616 0 
7 0 0 0 0.06761664 0 0.06761664 
53 0 0.0039312 0.0039312 0 0.005616 0 
[2,*,*] : 
0 8 9 10 26 := 
0 0 0.010004 0 0 0.010004 
8 0.42874285714285715 0 0.010004 0 0 
9 0 0.0330132 0 0.020008 0.0330132 
10 0 0 0.25090032 0 0 
26 0.42874285714285715 0 0.010004 0 0 
[3,*,*] : 
0 11 12 13 24 31 32 33 34 35 36 37 38 := 
0 0 0.004341333333333333 0 0 0.004341333333333333 0 0 0 0 0.004341333333333333 0 0 0 
11 0.1860571428571429 0 8.682666666666667E-4 0 0 8.682666666666667E-4 8.682666666666667E-4 0 8.682666666666667E-4 0 0 0 8.682666666666667E-4 
12 0 0.0028652800000000004 0 6.512E-4 0.0028652800000000004 0 0 6.512E-4 0 0.0028652800000000004 6.512E-4 6.512E-4 0 
13 0 0 0.010959696 0 0 0.010959696 0.010959696 0 0.010959696 0 0 0 0.010959696 
24 0.1860571428571429 0 8.682666666666667E-4 0 0 8.682666666666667E-4 8.682666666666667E-4 0 8.682666666666667E-4 0 0 0 8.682666666666667E-4 
31 0 0.0028652800000000004 0 6.512E-4 0.0028652800000000004 0 0 6.512E-4 0 0.0028652800000000004 6.512E-4 6.512E-4 0 
32 0 0.0028652800000000004 0 6.512E-4 0.0028652800000000004 0 0 6.512E-4 0 0.0028652800000000004 6.512E-4 6.512E-4 0 
33 0 0 0.010959696 0 0 0.010959696 0.010959696 0 0.010959696 0 0 0 0.010959696 
34 0 0.0028652800000000004 0 6.512E-4 0.0028652800000000004 0 0 6.512E-4 0 0.0028652800000000004 6.512E-4 6.512E-4 0 
35 0.1860571428571429 0 8.682666666666667E-4 0 0 8.682666666666667E-4 8.682666666666667E-4 0 8.682666666666667E-4 0 0 0 8.682666666666667E-4 
36 0 0 0.010959696 0 0 0.010959696 0.010959696 0 0.010959696 0 0 0 0.010959696 
37 0 0 0.010959696 0 0 0.010959696 0.010959696 0 0.010959696 0 0 0 0.010959696 
38 0 0.0028652800000000004 0 6.512E-4 0.0028652800000000004 0 0 6.512E-4 0 0.0028652800000000004 6.512E-4 6.512E-4 0 
[4,*,*] : 
0 14 15 16 27 28 := 
0 0 0.0053 0 0 0.0053 0 
14 0.22714285714285717 0 0.00265 0 0 0.00265 
15 0 0.008745000000000001 0 0.0053 0.008745000000000001 0 
16 0 0 0.16440600000000002 0 0 0.16440600000000002 
27 0.22714285714285717 0 0.00265 0 0 0.00265 
28 0 0.008745000000000001 0 0.0053 0.008745000000000001 0 
[5,*,*] : 
0 17 18 19 20 25 29 30 39 40 41 47 48 49 50 := 
0 0 0.003282 0.003282 0 0 0.003282 0.003282 0 0 0.003282 0.003282 0.003282 0 0 0.003282 
17 0.14065714285714287 0 0 0.0010940000000000001 0 0 0 0 0.0010940000000000001 0 0 0 0.0010940000000000001 0 0 
18 0.14065714285714287 0 0 0.0010940000000000001 0 0 0 0 0.0010940000000000001 0 0 0 0.0010940000000000001 0 0 
19 0 0.0036102000000000005 0.0036102000000000005 0 0.002917333333333334 0.0036102000000000005 0.0036102000000000005 0.002917333333333334 0 0.0036102000000000005 0.0036102000000000005 0.0036102000000000005 0 0.002917333333333334 0.0036102000000000005 
20 0 0 0 0.041396960000000003 0 0 0 0 0.041396960000000003 0 0 0 0.041396960000000003 0 0 
25 0.14065714285714287 0 0 0.0010940000000000001 0 0 0 0 0.0010940000000000001 0 0 0 0.0010940000000000001 0 0 
29 0.14065714285714287 0 0 0.0010940000000000001 0 0 0 0 0.0010940000000000001 0 0 0 0.0010940000000000001 0 0 
30 0 0 0 0.041396960000000003 0 0 0 0 0.041396960000000003 0 0 0 0.041396960000000003 0 0 
39 0 0.0036102000000000005 0.0036102000000000005 0 0.002917333333333334 0.0036102000000000005 0.0036102000000000005 0.002917333333333334 0 0.0036102000000000005 0.0036102000000000005 0.0036102000000000005 0 0.002917333333333334 0.0036102000000000005 
40 0.14065714285714287 0 0 0.0010940000000000001 0 0 0 0 0.0010940000000000001 0 0 0 0.0010940000000000001 0 0 
41 0.14065714285714287 0 0 0.0010940000000000001 0 0 0 0 0.0010940000000000001 0 0 0 0.0010940000000000001 0 0 
47 0.14065714285714287 0 0 0.0010940000000000001 0 0 0 0 0.0010940000000000001 0 0 0 0.0010940000000000001 0 0 
48 0 0.0036102000000000005 0.0036102000000000005 0 0.002917333333333334 0.0036102000000000005 0.0036102000000000005 0.002917333333333334 0 0.0036102000000000005 0.0036102000000000005 0.0036102000000000005 0 0.002917333333333334 0.0036102000000000005 
49 0 0 0 0.041396960000000003 0 0 0 0 0.041396960000000003 0 0 0 0.041396960000000003 0 0 
50 0.14065714285714287 0 0 0.0010940000000000001 0 0 0 0 0.0010940000000000001 0 0 0 0.0010940000000000001 0 0 
[6,*,*] : 
0 21 22 23 42 43 44 45 46 51 52 := 
0 0 0.002928 0 0 0.002928 0.002928 0.002928 0.002928 0.002928 0 0 
21 0.17567999999999998 0 0.001464 0 0 0 0 0 0 0 0.001464 
22 0 0.0048312 0 0.004392 0.0048312 0.0048312 0.0048312 0.0048312 0.0048312 0.004392 0 
23 0 0 0.04493016 0 0 0 0 0 0 0 0.04493016 
42 0.17567999999999998 0 0.001464 0 0 0 0 0 0 0 0.001464 
43 0.17567999999999998 0 0.001464 0 0 0 0 0 0 0 0.001464 
44 0.17567999999999998 0 0.001464 0 0 0 0 0 0 0 0.001464 
45 0.17567999999999998 0 0.001464 0 0 0 0 0 0 0 0.001464 
46 0.17567999999999998 0 0.001464 0 0 0 0 0 0 0 0.001464 
51 0 0 0.04493016 0 0 0 0 0 0 0 0.04493016 
52 0 0.0048312 0 0.004392 0.0048312 0.0048312 0.0048312 0.0048312 0.0048312 0.004392 0 
;
param x_bar : 0 1 2 3 4 5 6 7 8 9 10 11 12 13 14 15  := 
0 0 0 0 0 0 0 0 0 0 0 0 0 0 0 0 0 
1 0 0 0 0 0 0 0 0 1 0 0 0 0 0 0 0 
2 0 0 0 0 0 0 0 0 1 0 0 0 0 0 0 0 
3 0 0 0 0 1 0 0 0 0 0 0 0 0 0 0 0 
4 0 0 0 0 0 0 0 0 0 0 0 0 0 0 1 0 
5 0 0 0 0 0 0 0 0 0 0 0 0 0 0 1 0 
6 0 0 0 0 0 0 0 0 0 0 0 0 0 0 1 0 
7 0 0 0 0 0 0 0 0 0 0 0 0 0 0 1 0 
8 0 0 1 0 0 0 0 0 0 0 0 0 0 0 0 0 
9 0 0 1 0 0 0 0 0 0 0 0 0 0 0 0 0 
10 0 0 1 0 0 0 0 0 0 0 0 0 0 0 0 0 
11 0 0 0 0 0 0 0 0 0 0 0 0 1 0 0 0 
12 0 0 0 0 0 0 0 0 0 0 0 0 1 0 0 0 
13 0 0 0 0 0 0 0 0 0 0 0 0 1 0 0 0 
;
