data;
set C_bar :=  1 2 3 4 5 6 7 8 9 10 11 12 13 14 ;
set C :=  15 16 17 18 19 20 21 22 23 24 25 26 27 28 29 30 31 32 33 34 35 42 43 48 49 50 36 37 38 39 40 41 44 45 51 52 53 54 46 47 ;
set R := 0 1 2 3 4 5 6 ;
set C_bar_r[0] :=  
1 2 3 4 ;
set C_bar_r[1] :=  
5 6 7 ;
set C_bar_r[2] :=  
8 9 10 11 ;
set C_bar_r[3] :=  
12 13 14 ;
set C_r[0] :=  
;
set C_r[1] :=  
44 45 ;
set C_r[2] :=  
51 52 53 54 ;
set C_r[3] :=  
46 47 ;
set C_r[4] :=  
15 16 17 ;
set C_r[5] :=  
18 19 20 21 22 23 24 25 26 27 28 29 30 31 32 33 34 35 42 43 48 49 50 ;
set C_r[6] :=  
36 37 38 39 40 41 ;
set S :=  0 1 2 3 4 5 6 7 8 9 10 11 12 13 14 15 ;
set S_u :=  0 1 2 3 4 5 6 7 8 9 10 11 12 13 14 15 ;
set S_r[0] := 
10 ;
set S_r[1] := 
4 ;
set S_r[2] := 
10 11 ;
set S_r[3] := 
0 1 ;
set Rack :=  0 1 2 3 4 5 6 7 ;
param COST : 0 1 2 3 4 5 6 7 8 9 10 11 12 13 14 15 :=
0 0 1 3 3 5 5 5 5 5 5 5 5 5 5 5 5 
1 1 0 3 3 5 5 5 5 5 5 5 5 5 5 5 5 
2 3 3 0 1 5 5 5 5 5 5 5 5 5 5 5 5 
3 3 3 1 0 5 5 5 5 5 5 5 5 5 5 5 5 
4 5 5 5 5 0 1 3 3 5 5 5 5 5 5 5 5 
5 5 5 5 5 1 0 3 3 5 5 5 5 5 5 5 5 
6 5 5 5 5 3 3 0 1 5 5 5 5 5 5 5 5 
7 5 5 5 5 3 3 1 0 5 5 5 5 5 5 5 5 
8 5 5 5 5 5 5 5 5 0 1 3 3 5 5 5 5 
9 5 5 5 5 5 5 5 5 1 0 3 3 5 5 5 5 
10 5 5 5 5 5 5 5 5 3 3 0 1 5 5 5 5 
11 5 5 5 5 5 5 5 5 3 3 1 0 5 5 5 5 
12 5 5 5 5 5 5 5 5 5 5 5 5 0 1 3 3 
13 5 5 5 5 5 5 5 5 5 5 5 5 1 0 3 3 
14 5 5 5 5 5 5 5 5 5 5 5 5 3 3 0 1 
15 5 5 5 5 5 5 5 5 5 5 5 5 3 3 1 0 
;
set S_rack[0] :=  
0 1 ;
set S_rack[1] :=  
2 3 ;
set S_rack[2] :=  
4 5 ;
set S_rack[3] :=  
6 7 ;
set S_rack[4] :=  
8 9 ;
set S_rack[5] :=  
10 11 ;
set S_rack[6] :=  
12 13 ;
set S_rack[7] :=  
14 15 ;
param CPU := 
0 12.0
1 12.0
2 56.0
3 56.0
4 44.0
5 56.0
6 28.0
7 28.0
8 56.0
9 56.0
10 23.545454740524292
11 34.909090995788574
12 56.0
13 56.0
14 28.0
15 28.0
;
param MEM := 
0 128.0
1 128.0
2 192.0
3 192.0
4 148.0
5 192.0
6 192.0
7 192.0
8 192.0
9 192.0
10 61.0
11 96.0
12 192.0
13 192.0
14 192.0
15 192.0
;
param DISK := 
0 297.6
1 320.0
2 384.0
3 384.0
4 294.0
5 384.0
6 384.0
7 384.0
8 384.0
9 384.0
10 100.0
11 184.0
12 384.0
13 384.0
14 384.0
15 384.0
;
param BDW_out := 
0 9.214324
1 9.98395096
2 10.0
3 10.0
4 9.878628571428571
5 10.0
6 10.0
7 10.0
8 10.0
9 10.0
10 8.106943718095238
11 9.971783066666667
12 10.0
13 10.0
14 10.0
15 10.0
;
param BDW_in := 
0 9.98115496
1 9.997204
2 10.0
3 10.0
4 9.997168
5 10.0
6 10.0
7 10.0
8 10.0
9 10.0
10 9.939369066666666
11 9.496115146666666
12 10.0
13 10.0
14 10.0
15 10.0
;
param mem := 
1 16.0
2 16.0
3 16.0
4 1.0
5 32.0
6 4.0
7 8.0
44 8.0
45 32.0
8 16.0
9 16.0
10 16.0
11 2.0
51 16.0
52 16.0
53 16.0
54 16.0
12 32.0
13 32.0
14 64.0
46 32.0
47 32.0
15 4.0
16 16.0
17 16.0
18 8.0
19 8.0
20 8.0
21 8.0
22 8.0
23 8.0
24 8.0
25 8.0
26 8.0
27 8.0
28 8.0
29 8.0
30 8.0
31 8.0
32 8.0
33 8.0
34 4.0
35 2.0
42 8.0
43 2.0
48 8.0
49 8.0
50 2.0
36 16.0
37 16.0
38 16.0
39 16.0
40 32.0
41 16.0
;
param disk := 
1 36.0
2 36.0
3 36.0
4 4.0
5 50.0
6 16.0
7 24.0
44 24.0
45 50.0
8 36.0
9 36.0
10 36.0
11 8.0
51 36.0
52 36.0
53 36.0
54 36.0
12 43.2
13 43.2
14 64.0
46 43.2
47 43.2
15 16.0
16 36.0
17 36.0
18 24.0
19 24.0
20 24.0
21 24.0
22 24.0
23 24.0
24 24.0
25 24.0
26 24.0
27 24.0
28 24.0
29 24.0
30 24.0
31 24.0
32 24.0
33 24.0
34 16.0
35 8.0
42 24.0
43 8.0
48 24.0
49 24.0
50 8.0
36 36.0
37 36.0
38 36.0
39 36.0
40 50.0
41 36.0
;
param cpu : 
0 1 2 3 4 5 6 7 8 9 10 11 12 13 14 15 := 
1 4.0 4.0 4.0 4.0 4.0 4.0 4.0 4.0 4.0 4.0 4.545454545454546 4.545454545454546 4.0 4.0 4.0 4.0 
2 4.0 4.0 4.0 4.0 4.0 4.0 4.0 4.0 4.0 4.0 4.545454545454546 4.545454545454546 4.0 4.0 4.0 4.0 
3 4.0 4.0 4.0 4.0 4.0 4.0 4.0 4.0 4.0 4.0 4.545454545454546 4.545454545454546 4.0 4.0 4.0 4.0 
4 1.0 1.0 1.0 1.0 1.0 1.0 1.0 1.0 1.0 1.0 1.1363636363636365 1.1363636363636365 1.0 1.0 1.0 1.0 
5 8.0 8.0 8.0 8.0 8.0 8.0 8.0 8.0 8.0 8.0 9.090909090909092 9.090909090909092 8.0 8.0 8.0 8.0 
6 2.0 2.0 2.0 2.0 2.0 2.0 2.0 2.0 2.0 2.0 2.272727272727273 2.272727272727273 2.0 2.0 2.0 2.0 
7 2.0 2.0 2.0 2.0 2.0 2.0 2.0 2.0 2.0 2.0 2.272727272727273 2.272727272727273 2.0 2.0 2.0 2.0 
44 2.0 2.0 2.0 2.0 2.0 2.0 2.0 2.0 2.0 2.0 2.272727272727273 2.272727272727273 2.0 2.0 2.0 2.0 
45 8.0 8.0 8.0 8.0 8.0 8.0 8.0 8.0 8.0 8.0 9.090909090909092 9.090909090909092 8.0 8.0 8.0 8.0 
8 4.0 4.0 4.0 4.0 4.0 4.0 4.0 4.0 4.0 4.0 4.545454545454546 4.545454545454546 4.0 4.0 4.0 4.0 
9 4.0 4.0 4.0 4.0 4.0 4.0 4.0 4.0 4.0 4.0 4.545454545454546 4.545454545454546 4.0 4.0 4.0 4.0 
10 4.0 4.0 4.0 4.0 4.0 4.0 4.0 4.0 4.0 4.0 4.545454545454546 4.545454545454546 4.0 4.0 4.0 4.0 
11 1.0 1.0 1.0 1.0 1.0 1.0 1.0 1.0 1.0 1.0 1.1363636363636365 1.1363636363636365 1.0 1.0 1.0 1.0 
51 4.0 4.0 4.0 4.0 4.0 4.0 4.0 4.0 4.0 4.0 4.545454545454546 4.545454545454546 4.0 4.0 4.0 4.0 
52 4.0 4.0 4.0 4.0 4.0 4.0 4.0 4.0 4.0 4.0 4.545454545454546 4.545454545454546 4.0 4.0 4.0 4.0 
53 4.0 4.0 4.0 4.0 4.0 4.0 4.0 4.0 4.0 4.0 4.545454545454546 4.545454545454546 4.0 4.0 4.0 4.0 
54 4.0 4.0 4.0 4.0 4.0 4.0 4.0 4.0 4.0 4.0 4.545454545454546 4.545454545454546 4.0 4.0 4.0 4.0 
12 8.0 8.0 8.0 8.0 8.0 8.0 8.0 8.0 8.0 8.0 9.090909090909092 9.090909090909092 8.0 8.0 8.0 8.0 
13 8.0 8.0 8.0 8.0 8.0 8.0 8.0 8.0 8.0 8.0 9.090909090909092 9.090909090909092 8.0 8.0 8.0 8.0 
14 16.0 16.0 16.0 16.0 16.0 16.0 16.0 16.0 16.0 16.0 18.181818181818183 18.181818181818183 16.0 16.0 16.0 16.0 
46 8.0 8.0 8.0 8.0 8.0 8.0 8.0 8.0 8.0 8.0 9.090909090909092 9.090909090909092 8.0 8.0 8.0 8.0 
47 8.0 8.0 8.0 8.0 8.0 8.0 8.0 8.0 8.0 8.0 9.090909090909092 9.090909090909092 8.0 8.0 8.0 8.0 
15 2.0 2.0 2.0 2.0 2.0 2.0 2.0 2.0 2.0 2.0 2.272727272727273 2.272727272727273 2.0 2.0 2.0 2.0 
16 4.0 4.0 4.0 4.0 4.0 4.0 4.0 4.0 4.0 4.0 4.545454545454546 4.545454545454546 4.0 4.0 4.0 4.0 
17 4.0 4.0 4.0 4.0 4.0 4.0 4.0 4.0 4.0 4.0 4.545454545454546 4.545454545454546 4.0 4.0 4.0 4.0 
18 2.0 2.0 2.0 2.0 2.0 2.0 2.0 2.0 2.0 2.0 2.272727272727273 2.272727272727273 2.0 2.0 2.0 2.0 
19 2.0 2.0 2.0 2.0 2.0 2.0 2.0 2.0 2.0 2.0 2.272727272727273 2.272727272727273 2.0 2.0 2.0 2.0 
20 2.0 2.0 2.0 2.0 2.0 2.0 2.0 2.0 2.0 2.0 2.272727272727273 2.272727272727273 2.0 2.0 2.0 2.0 
21 2.0 2.0 2.0 2.0 2.0 2.0 2.0 2.0 2.0 2.0 2.272727272727273 2.272727272727273 2.0 2.0 2.0 2.0 
22 2.0 2.0 2.0 2.0 2.0 2.0 2.0 2.0 2.0 2.0 2.272727272727273 2.272727272727273 2.0 2.0 2.0 2.0 
23 2.0 2.0 2.0 2.0 2.0 2.0 2.0 2.0 2.0 2.0 2.272727272727273 2.272727272727273 2.0 2.0 2.0 2.0 
24 2.0 2.0 2.0 2.0 2.0 2.0 2.0 2.0 2.0 2.0 2.272727272727273 2.272727272727273 2.0 2.0 2.0 2.0 
25 2.0 2.0 2.0 2.0 2.0 2.0 2.0 2.0 2.0 2.0 2.272727272727273 2.272727272727273 2.0 2.0 2.0 2.0 
26 2.0 2.0 2.0 2.0 2.0 2.0 2.0 2.0 2.0 2.0 2.272727272727273 2.272727272727273 2.0 2.0 2.0 2.0 
27 2.0 2.0 2.0 2.0 2.0 2.0 2.0 2.0 2.0 2.0 2.272727272727273 2.272727272727273 2.0 2.0 2.0 2.0 
28 2.0 2.0 2.0 2.0 2.0 2.0 2.0 2.0 2.0 2.0 2.272727272727273 2.272727272727273 2.0 2.0 2.0 2.0 
29 2.0 2.0 2.0 2.0 2.0 2.0 2.0 2.0 2.0 2.0 2.272727272727273 2.272727272727273 2.0 2.0 2.0 2.0 
30 2.0 2.0 2.0 2.0 2.0 2.0 2.0 2.0 2.0 2.0 2.272727272727273 2.272727272727273 2.0 2.0 2.0 2.0 
31 2.0 2.0 2.0 2.0 2.0 2.0 2.0 2.0 2.0 2.0 2.272727272727273 2.272727272727273 2.0 2.0 2.0 2.0 
32 2.0 2.0 2.0 2.0 2.0 2.0 2.0 2.0 2.0 2.0 2.272727272727273 2.272727272727273 2.0 2.0 2.0 2.0 
33 2.0 2.0 2.0 2.0 2.0 2.0 2.0 2.0 2.0 2.0 2.272727272727273 2.272727272727273 2.0 2.0 2.0 2.0 
34 2.0 2.0 2.0 2.0 2.0 2.0 2.0 2.0 2.0 2.0 2.272727272727273 2.272727272727273 2.0 2.0 2.0 2.0 
35 1.0 1.0 1.0 1.0 1.0 1.0 1.0 1.0 1.0 1.0 1.1363636363636365 1.1363636363636365 1.0 1.0 1.0 1.0 
42 2.0 2.0 2.0 2.0 2.0 2.0 2.0 2.0 2.0 2.0 2.272727272727273 2.272727272727273 2.0 2.0 2.0 2.0 
43 1.0 1.0 1.0 1.0 1.0 1.0 1.0 1.0 1.0 1.0 1.1363636363636365 1.1363636363636365 1.0 1.0 1.0 1.0 
48 2.0 2.0 2.0 2.0 2.0 2.0 2.0 2.0 2.0 2.0 2.272727272727273 2.272727272727273 2.0 2.0 2.0 2.0 
49 2.0 2.0 2.0 2.0 2.0 2.0 2.0 2.0 2.0 2.0 2.272727272727273 2.272727272727273 2.0 2.0 2.0 2.0 
50 1.0 1.0 1.0 1.0 1.0 1.0 1.0 1.0 1.0 1.0 1.1363636363636365 1.1363636363636365 1.0 1.0 1.0 1.0 
36 4.0 4.0 4.0 4.0 4.0 4.0 4.0 4.0 4.0 4.0 4.545454545454546 4.545454545454546 4.0 4.0 4.0 4.0 
37 4.0 4.0 4.0 4.0 4.0 4.0 4.0 4.0 4.0 4.0 4.545454545454546 4.545454545454546 4.0 4.0 4.0 4.0 
38 4.0 4.0 4.0 4.0 4.0 4.0 4.0 4.0 4.0 4.0 4.545454545454546 4.545454545454546 4.0 4.0 4.0 4.0 
39 4.0 4.0 4.0 4.0 4.0 4.0 4.0 4.0 4.0 4.0 4.545454545454546 4.545454545454546 4.0 4.0 4.0 4.0 
40 8.0 8.0 8.0 8.0 8.0 8.0 8.0 8.0 8.0 8.0 9.090909090909092 9.090909090909092 8.0 8.0 8.0 8.0 
41 4.0 4.0 4.0 4.0 4.0 4.0 4.0 4.0 4.0 4.0 4.545454545454546 4.545454545454546 4.0 4.0 4.0 4.0 
;
set c_0 := 0;
param d := 
[0,*,*] : 
0 1 2 3 4 := 
0 0 0.013308 0.013308 0 0 
1 0.5703428571428573 0 0 0.013308 0 
2 0.5703428571428573 0 0 0.013308 0 
3 0 0.0439164 0.0439164 0 0.026616 
4 0 0 0 0.12296591999999999 0 
[1,*,*] : 
0 5 6 7 44 45 := 
0 0 0.002832 0 0 0 0.002832 
5 0.12137142857142857 0 0.002832 0 0 0 
6 0 0.009345599999999999 0 0.002832 0.002832 0.009345599999999999 
7 0 0 0.026167679999999995 0 0 0 
44 0 0 0.026167679999999995 0 0 0 
45 0.12137142857142857 0 0.002832 0 0 0 
[2,*,*] : 
0 8 9 10 11 51 52 53 54 := 
0 0 0.005798 0 0 0 0.005798 0.005798 0 0.005798 
8 0.2484857142857143 0 0.0019326666666666667 0.0019326666666666667 0 0 0 0.0019326666666666667 0 
9 0 0.0063778 0 0 0.007730666666666667 0.0063778 0.0063778 0 0.0063778 
10 0 0.0063778 0 0 0.007730666666666667 0.0063778 0.0063778 0 0.0063778 
11 0 0 0.25000976 0.25000976 0 0 0 0.25000976 0 
51 0.2484857142857143 0 0.0019326666666666667 0.0019326666666666667 0 0 0 0.0019326666666666667 0 
52 0.2484857142857143 0 0.0019326666666666667 0.0019326666666666667 0 0 0 0.0019326666666666667 0 
53 0 0.0063778 0 0 0.007730666666666667 0.0063778 0.0063778 0 0.0063778 
54 0.2484857142857143 0 0.0019326666666666667 0.0019326666666666667 0 0 0 0.0019326666666666667 0 
[3,*,*] : 
0 12 13 14 46 47 := 
0 0 0.002796 0 0 0.002796 0 
12 0.78288 0 0.001398 0 0 0.001398 
13 0 0.0019572 0 0.002796 0.0019572 0 
14 0 0 0.01604904 0 0 0.01604904 
46 0.78288 0 0.001398 0 0 0.001398 
47 0 0.0019572 0 0.002796 0.0019572 0 
[4,*,*] : 
0 15 16 17 := 
0 0 0.012656 0 0 
15 0.5424000000000001 0 0.012656 0 
16 0 0.04176480000000001 0 0.012656 
17 0 0 0.13782384000000003 0 
[5,*,*] : 
0 18 19 20 21 22 23 24 25 26 27 28 29 30 31 32 33 34 35 42 43 48 49 50 := 
0 0 0.0013284210526315788 0.0013284210526315788 0.0013284210526315788 0.0013284210526315788 0.0013284210526315788 0.0013284210526315788 0.0013284210526315788 0.0013284210526315788 0.0013284210526315788 0.0013284210526315788 0.0013284210526315788 0.0013284210526315788 0.0013284210526315788 0.0013284210526315788 0.0013284210526315788 0.0013284210526315788 0 0 0.0013284210526315788 0 0.0013284210526315788 0.0013284210526315788 0 
18 0.3719578947368421 0 0 0 0 0 0 0 0 0 0 0 0 0 0 0 0 0.0013284210526315788 0 0 0 0 0 0 
19 0.3719578947368421 0 0 0 0 0 0 0 0 0 0 0 0 0 0 0 0 0.0013284210526315788 0 0 0 0 0 0 
20 0.3719578947368421 0 0 0 0 0 0 0 0 0 0 0 0 0 0 0 0 0.0013284210526315788 0 0 0 0 0 0 
21 0.3719578947368421 0 0 0 0 0 0 0 0 0 0 0 0 0 0 0 0 0.0013284210526315788 0 0 0 0 0 0 
22 0.3719578947368421 0 0 0 0 0 0 0 0 0 0 0 0 0 0 0 0 0.0013284210526315788 0 0 0 0 0 0 
23 0.3719578947368421 0 0 0 0 0 0 0 0 0 0 0 0 0 0 0 0 0.0013284210526315788 0 0 0 0 0 0 
24 0.3719578947368421 0 0 0 0 0 0 0 0 0 0 0 0 0 0 0 0 0.0013284210526315788 0 0 0 0 0 0 
25 0.3719578947368421 0 0 0 0 0 0 0 0 0 0 0 0 0 0 0 0 0.0013284210526315788 0 0 0 0 0 0 
26 0.3719578947368421 0 0 0 0 0 0 0 0 0 0 0 0 0 0 0 0 0.0013284210526315788 0 0 0 0 0 0 
27 0.3719578947368421 0 0 0 0 0 0 0 0 0 0 0 0 0 0 0 0 0.0013284210526315788 0 0 0 0 0 0 
28 0.3719578947368421 0 0 0 0 0 0 0 0 0 0 0 0 0 0 0 0 0.0013284210526315788 0 0 0 0 0 0 
29 0.3719578947368421 0 0 0 0 0 0 0 0 0 0 0 0 0 0 0 0 0.0013284210526315788 0 0 0 0 0 0 
30 0.3719578947368421 0 0 0 0 0 0 0 0 0 0 0 0 0 0 0 0 0.0013284210526315788 0 0 0 0 0 0 
31 0.3719578947368421 0 0 0 0 0 0 0 0 0 0 0 0 0 0 0 0 0.0013284210526315788 0 0 0 0 0 0 
32 0.3719578947368421 0 0 0 0 0 0 0 0 0 0 0 0 0 0 0 0 0.0013284210526315788 0 0 0 0 0 0 
33 0.3719578947368421 0 0 0 0 0 0 0 0 0 0 0 0 0 0 0 0 0.0013284210526315788 0 0 0 0 0 0 
34 0 0.0018597894736842105 0.0018597894736842105 0.0018597894736842105 0.0018597894736842105 0.0018597894736842105 0.0018597894736842105 0.0018597894736842105 0.0018597894736842105 0.0018597894736842105 0.0018597894736842105 0.0018597894736842105 0.0018597894736842105 0.0018597894736842105 0.0018597894736842105 0.0018597894736842105 0.0018597894736842105 0 0.008413333333333333 0.0018597894736842105 0.008413333333333333 0.0018597894736842105 0.0018597894736842105 0.008413333333333333 
35 0 0 0 0 0 0 0 0 0 0 0 0 0 0 0 0 0 0.004711466666666666 0 0 0 0 0 0 
42 0.3719578947368421 0 0 0 0 0 0 0 0 0 0 0 0 0 0 0 0 0.0013284210526315788 0 0 0 0 0 0 
43 0 0 0 0 0 0 0 0 0 0 0 0 0 0 0 0 0 0.004711466666666666 0 0 0 0 0 0 
48 0.3719578947368421 0 0 0 0 0 0 0 0 0 0 0 0 0 0 0 0 0.0013284210526315788 0 0 0 0 0 0 
49 0.3719578947368421 0 0 0 0 0 0 0 0 0 0 0 0 0 0 0 0 0.0013284210526315788 0 0 0 0 0 0 
50 0 0 0 0 0 0 0 0 0 0 0 0 0 0 0 0 0 0.004711466666666666 0 0 0 0 0 0 
[6,*,*] : 
0 36 37 38 39 40 41 := 
0 0 0.002126 0.002126 0.002126 0.002126 0 0 
36 0.5952799999999999 0 0 0 0 0.002126 0 
37 0.5952799999999999 0 0 0 0 0.002126 0 
38 0.5952799999999999 0 0 0 0 0.002126 0 
39 0.5952799999999999 0 0 0 0 0.002126 0 
40 0 0.0029763999999999997 0.0029763999999999997 0.0029763999999999997 0.0029763999999999997 0 0.008504 
41 0 0 0 0 0 0.09762591999999998 0 
;
param x_bar : 0 1 2 3 4 5 6 7 8 9 10 11 12 13 14 15  := 
0 0 0 0 0 0 0 0 0 0 0 0 0 0 0 0 0 
1 0 0 0 0 0 0 0 0 0 0 1 0 0 0 0 0 
2 0 0 0 0 0 0 0 0 0 0 1 0 0 0 0 0 
3 0 0 0 0 0 0 0 0 0 0 1 0 0 0 0 0 
4 0 0 0 0 0 0 0 0 0 0 1 0 0 0 0 0 
5 0 0 0 0 1 0 0 0 0 0 0 0 0 0 0 0 
6 0 0 0 0 1 0 0 0 0 0 0 0 0 0 0 0 
7 0 0 0 0 1 0 0 0 0 0 0 0 0 0 0 0 
8 0 0 0 0 0 0 0 0 0 0 1 0 0 0 0 0 
9 0 0 0 0 0 0 0 0 0 0 0 1 0 0 0 0 
10 0 0 0 0 0 0 0 0 0 0 0 1 0 0 0 0 
11 0 0 0 0 0 0 0 0 0 0 1 0 0 0 0 0 
12 1 0 0 0 0 0 0 0 0 0 0 0 0 0 0 0 
13 1 0 0 0 0 0 0 0 0 0 0 0 0 0 0 0 
14 0 1 0 0 0 0 0 0 0 0 0 0 0 0 0 0 
;
