data;
set C_bar :=  1 2 3 4 5 6 7 8 9 10 11 12 ;
set C :=  13 14 15 39 40 41 42 43 44 45 46 16 17 18 19 20 21 22 23 24 25 26 27 28 29 30 31 32 33 34 35 36 37 47 48 49 50 51 38 52 ;
set R := 0 1 2 3 4 5 6 ;
set C_bar_r[0] :=  
1 2 3 ;
set C_bar_r[1] :=  
4 5 6 ;
set C_bar_r[2] :=  
7 8 9 ;
set C_bar_r[3] :=  
10 11 12 ;
set C_r[0] :=  
38 ;
set C_r[1] :=  
52 ;
set C_r[2] :=  
;
set C_r[3] :=  
;
set C_r[4] :=  
13 14 15 39 40 41 42 43 44 45 46 ;
set C_r[5] :=  
16 17 18 19 20 21 22 23 24 ;
set C_r[6] :=  
25 26 27 28 29 30 31 32 33 34 35 36 37 47 48 49 50 51 ;
set S :=  0 1 2 3 4 5 6 7 8 9 10 11 12 13 14 15 ;
set S_u :=  0 1 3 4 5 7 8 9 10 11 12 13 14 15 ;
set S_r[0] := 
6 ;
set S_r[1] := 
2 ;
set S_r[2] := 
7 ;
set S_r[3] := 
3 12 13 ;
set Rack :=  0 1 2 3 4 5 6 7 ;
param COST : 0 1 2 3 4 5 6 7 8 9 10 11 12 13 14 15 :=
0 0 1 3 3 5 5 5 5 5 5 5 5 5 5 5 5 
1 1 0 3 3 5 5 5 5 5 5 5 5 5 5 5 5 
2 3 3 0 1 5 5 5 5 5 5 5 5 5 5 5 5 
3 3 3 1 0 5 5 5 5 5 5 5 5 5 5 5 5 
4 5 5 5 5 0 1 3 3 5 5 5 5 5 5 5 5 
5 5 5 5 5 1 0 3 3 5 5 5 5 5 5 5 5 
6 5 5 5 5 3 3 0 1 5 5 5 5 5 5 5 5 
7 5 5 5 5 3 3 1 0 5 5 5 5 5 5 5 5 
8 5 5 5 5 5 5 5 5 0 1 3 3 5 5 5 5 
9 5 5 5 5 5 5 5 5 1 0 3 3 5 5 5 5 
10 5 5 5 5 5 5 5 5 3 3 0 1 5 5 5 5 
11 5 5 5 5 5 5 5 5 3 3 1 0 5 5 5 5 
12 5 5 5 5 5 5 5 5 5 5 5 5 0 1 3 3 
13 5 5 5 5 5 5 5 5 5 5 5 5 1 0 3 3 
14 5 5 5 5 5 5 5 5 5 5 5 5 3 3 0 1 
15 5 5 5 5 5 5 5 5 5 5 5 5 3 3 1 0 
;
set S_rack[0] :=  
0 1 ;
set S_rack[1] :=  
2 3 ;
set S_rack[2] :=  
4 5 ;
set S_rack[3] :=  
6 7 ;
set S_rack[4] :=  
8 9 ;
set S_rack[5] :=  
10 11 ;
set S_rack[6] :=  
12 13 ;
set S_rack[7] :=  
14 15 ;
param CPU := 
0 56.0
1 56.0
2 10.0
3 20.0
4 28.0
5 28.0
6 10.0
7 16.0
8 28.0
9 28.0
10 56.0
11 56.0
12 20.0
13 26.0
14 28.0
15 28.0
;
param MEM := 
0 192.0
1 192.0
2 120.0
3 160.0
4 192.0
5 192.0
6 124.0
7 144.0
8 48.0
9 48.0
10 192.0
11 192.0
12 16.0
13 40.0
14 96.0
15 96.0
;
param DISK := 
0 384.0
1 384.0
2 266.8
3 340.8
4 384.0
5 384.0
6 274.8
7 286.0
8 96.0
9 96.0
10 384.0
11 384.0
12 46.0
13 72.0
14 192.0
15 192.0
;
param BDW_out := 
0 10.0
1 10.0
2 9.612228571428572
3 9.91310176
4 10.0
5 10.0
6 8.888457142857142
7 9.717142857142857
8 10.0
9 10.0
10 10.0
11 10.0
12 9.037598857142857
13 9.9056408
14 10.0
15 10.0
;
param BDW_in := 
0 10.0
1 10.0
2 9.990952
3 9.978056
4 10.0
5 10.0
6 9.974064
7 9.9934
8 10.0
9 10.0
10 10.0
11 10.0
12 9.9056408
13 9.89115776
14 10.0
15 10.0
;
param mem := 
1 32.0
2 32.0
3 4.0
38 32.0
4 32.0
5 8.0
6 32.0
52 32.0
7 32.0
8 8.0
9 8.0
10 32.0
11 8.0
12 32.0
13 16.0
14 1.0
15 32.0
39 1.0
40 32.0
41 1.0
42 16.0
43 1.0
44 1.0
45 32.0
46 1.0
16 2.0
17 2.0
18 2.0
19 2.0
20 2.0
21 2.0
22 2.0
23 64.0
24 4.0
25 16.0
26 16.0
27 16.0
28 16.0
29 16.0
30 16.0
31 16.0
32 16.0
33 16.0
34 16.0
35 16.0
36 1.0
37 8.0
47 1.0
48 16.0
49 1.0
50 1.0
51 16.0
;
param disk := 
1 43.2
2 50.0
3 16.0
38 50.0
4 43.2
5 24.0
6 50.0
52 43.2
7 50.0
8 24.0
9 24.0
10 50.0
11 24.0
12 43.2
13 36.0
14 4.0
15 43.2
39 4.0
40 43.2
41 4.0
42 36.0
43 4.0
44 4.0
45 43.2
46 4.0
16 8.0
17 8.0
18 8.0
19 8.0
20 8.0
21 8.0
22 8.0
23 64.0
24 16.0
25 36.0
26 36.0
27 36.0
28 36.0
29 36.0
30 36.0
31 36.0
32 36.0
33 36.0
34 36.0
35 36.0
36 4.0
37 24.0
47 4.0
48 36.0
49 4.0
50 4.0
51 36.0
;
param cpu : 
0 1 2 3 4 5 6 7 8 9 10 11 12 13 14 15 := 
1 8.0 8.0 8.0 8.0 8.0 8.0 8.0 8.0 8.0 8.0 8.0 8.0 8.0 8.0 9.523809523809524 9.523809523809524 
2 8.0 8.0 8.0 8.0 8.0 8.0 8.0 8.0 8.0 8.0 8.0 8.0 8.0 8.0 9.523809523809524 9.523809523809524 
3 2.0 2.0 2.0 2.0 2.0 2.0 2.0 2.0 2.0 2.0 2.0 2.0 2.0 2.0 2.380952380952381 2.380952380952381 
38 8.0 8.0 8.0 8.0 8.0 8.0 8.0 8.0 8.0 8.0 8.0 8.0 8.0 8.0 9.523809523809524 9.523809523809524 
4 8.0 8.0 8.0 8.0 8.0 8.0 8.0 8.0 8.0 8.0 8.0 8.0 8.0 8.0 9.523809523809524 9.523809523809524 
5 2.0 2.0 2.0 2.0 2.0 2.0 2.0 2.0 2.0 2.0 2.0 2.0 2.0 2.0 2.380952380952381 2.380952380952381 
6 8.0 8.0 8.0 8.0 8.0 8.0 8.0 8.0 8.0 8.0 8.0 8.0 8.0 8.0 9.523809523809524 9.523809523809524 
52 8.0 8.0 8.0 8.0 8.0 8.0 8.0 8.0 8.0 8.0 8.0 8.0 8.0 8.0 9.523809523809524 9.523809523809524 
7 8.0 8.0 8.0 8.0 8.0 8.0 8.0 8.0 8.0 8.0 8.0 8.0 8.0 8.0 9.523809523809524 9.523809523809524 
8 2.0 2.0 2.0 2.0 2.0 2.0 2.0 2.0 2.0 2.0 2.0 2.0 2.0 2.0 2.380952380952381 2.380952380952381 
9 2.0 2.0 2.0 2.0 2.0 2.0 2.0 2.0 2.0 2.0 2.0 2.0 2.0 2.0 2.380952380952381 2.380952380952381 
10 8.0 8.0 8.0 8.0 8.0 8.0 8.0 8.0 8.0 8.0 8.0 8.0 8.0 8.0 9.523809523809524 9.523809523809524 
11 2.0 2.0 2.0 2.0 2.0 2.0 2.0 2.0 2.0 2.0 2.0 2.0 2.0 2.0 2.380952380952381 2.380952380952381 
12 8.0 8.0 8.0 8.0 8.0 8.0 8.0 8.0 8.0 8.0 8.0 8.0 8.0 8.0 9.523809523809524 9.523809523809524 
13 4.0 4.0 4.0 4.0 4.0 4.0 4.0 4.0 4.0 4.0 4.0 4.0 4.0 4.0 4.761904761904762 4.761904761904762 
14 1.0 1.0 1.0 1.0 1.0 1.0 1.0 1.0 1.0 1.0 1.0 1.0 1.0 1.0 1.1904761904761905 1.1904761904761905 
15 8.0 8.0 8.0 8.0 8.0 8.0 8.0 8.0 8.0 8.0 8.0 8.0 8.0 8.0 9.523809523809524 9.523809523809524 
39 1.0 1.0 1.0 1.0 1.0 1.0 1.0 1.0 1.0 1.0 1.0 1.0 1.0 1.0 1.1904761904761905 1.1904761904761905 
40 8.0 8.0 8.0 8.0 8.0 8.0 8.0 8.0 8.0 8.0 8.0 8.0 8.0 8.0 9.523809523809524 9.523809523809524 
41 1.0 1.0 1.0 1.0 1.0 1.0 1.0 1.0 1.0 1.0 1.0 1.0 1.0 1.0 1.1904761904761905 1.1904761904761905 
42 4.0 4.0 4.0 4.0 4.0 4.0 4.0 4.0 4.0 4.0 4.0 4.0 4.0 4.0 4.761904761904762 4.761904761904762 
43 1.0 1.0 1.0 1.0 1.0 1.0 1.0 1.0 1.0 1.0 1.0 1.0 1.0 1.0 1.1904761904761905 1.1904761904761905 
44 1.0 1.0 1.0 1.0 1.0 1.0 1.0 1.0 1.0 1.0 1.0 1.0 1.0 1.0 1.1904761904761905 1.1904761904761905 
45 8.0 8.0 8.0 8.0 8.0 8.0 8.0 8.0 8.0 8.0 8.0 8.0 8.0 8.0 9.523809523809524 9.523809523809524 
46 1.0 1.0 1.0 1.0 1.0 1.0 1.0 1.0 1.0 1.0 1.0 1.0 1.0 1.0 1.1904761904761905 1.1904761904761905 
16 1.0 1.0 1.0 1.0 1.0 1.0 1.0 1.0 1.0 1.0 1.0 1.0 1.0 1.0 1.1904761904761905 1.1904761904761905 
17 1.0 1.0 1.0 1.0 1.0 1.0 1.0 1.0 1.0 1.0 1.0 1.0 1.0 1.0 1.1904761904761905 1.1904761904761905 
18 1.0 1.0 1.0 1.0 1.0 1.0 1.0 1.0 1.0 1.0 1.0 1.0 1.0 1.0 1.1904761904761905 1.1904761904761905 
19 1.0 1.0 1.0 1.0 1.0 1.0 1.0 1.0 1.0 1.0 1.0 1.0 1.0 1.0 1.1904761904761905 1.1904761904761905 
20 1.0 1.0 1.0 1.0 1.0 1.0 1.0 1.0 1.0 1.0 1.0 1.0 1.0 1.0 1.1904761904761905 1.1904761904761905 
21 1.0 1.0 1.0 1.0 1.0 1.0 1.0 1.0 1.0 1.0 1.0 1.0 1.0 1.0 1.1904761904761905 1.1904761904761905 
22 1.0 1.0 1.0 1.0 1.0 1.0 1.0 1.0 1.0 1.0 1.0 1.0 1.0 1.0 1.1904761904761905 1.1904761904761905 
23 16.0 16.0 16.0 16.0 16.0 16.0 16.0 16.0 16.0 16.0 16.0 16.0 16.0 16.0 19.047619047619047 19.047619047619047 
24 2.0 2.0 2.0 2.0 2.0 2.0 2.0 2.0 2.0 2.0 2.0 2.0 2.0 2.0 2.380952380952381 2.380952380952381 
25 4.0 4.0 4.0 4.0 4.0 4.0 4.0 4.0 4.0 4.0 4.0 4.0 4.0 4.0 4.761904761904762 4.761904761904762 
26 4.0 4.0 4.0 4.0 4.0 4.0 4.0 4.0 4.0 4.0 4.0 4.0 4.0 4.0 4.761904761904762 4.761904761904762 
27 4.0 4.0 4.0 4.0 4.0 4.0 4.0 4.0 4.0 4.0 4.0 4.0 4.0 4.0 4.761904761904762 4.761904761904762 
28 4.0 4.0 4.0 4.0 4.0 4.0 4.0 4.0 4.0 4.0 4.0 4.0 4.0 4.0 4.761904761904762 4.761904761904762 
29 4.0 4.0 4.0 4.0 4.0 4.0 4.0 4.0 4.0 4.0 4.0 4.0 4.0 4.0 4.761904761904762 4.761904761904762 
30 4.0 4.0 4.0 4.0 4.0 4.0 4.0 4.0 4.0 4.0 4.0 4.0 4.0 4.0 4.761904761904762 4.761904761904762 
31 4.0 4.0 4.0 4.0 4.0 4.0 4.0 4.0 4.0 4.0 4.0 4.0 4.0 4.0 4.761904761904762 4.761904761904762 
32 4.0 4.0 4.0 4.0 4.0 4.0 4.0 4.0 4.0 4.0 4.0 4.0 4.0 4.0 4.761904761904762 4.761904761904762 
33 4.0 4.0 4.0 4.0 4.0 4.0 4.0 4.0 4.0 4.0 4.0 4.0 4.0 4.0 4.761904761904762 4.761904761904762 
34 4.0 4.0 4.0 4.0 4.0 4.0 4.0 4.0 4.0 4.0 4.0 4.0 4.0 4.0 4.761904761904762 4.761904761904762 
35 4.0 4.0 4.0 4.0 4.0 4.0 4.0 4.0 4.0 4.0 4.0 4.0 4.0 4.0 4.761904761904762 4.761904761904762 
36 1.0 1.0 1.0 1.0 1.0 1.0 1.0 1.0 1.0 1.0 1.0 1.0 1.0 1.0 1.1904761904761905 1.1904761904761905 
37 2.0 2.0 2.0 2.0 2.0 2.0 2.0 2.0 2.0 2.0 2.0 2.0 2.0 2.0 2.380952380952381 2.380952380952381 
47 1.0 1.0 1.0 1.0 1.0 1.0 1.0 1.0 1.0 1.0 1.0 1.0 1.0 1.0 1.1904761904761905 1.1904761904761905 
48 4.0 4.0 4.0 4.0 4.0 4.0 4.0 4.0 4.0 4.0 4.0 4.0 4.0 4.0 4.761904761904762 4.761904761904762 
49 1.0 1.0 1.0 1.0 1.0 1.0 1.0 1.0 1.0 1.0 1.0 1.0 1.0 1.0 1.1904761904761905 1.1904761904761905 
50 1.0 1.0 1.0 1.0 1.0 1.0 1.0 1.0 1.0 1.0 1.0 1.0 1.0 1.0 1.1904761904761905 1.1904761904761905 
51 4.0 4.0 4.0 4.0 4.0 4.0 4.0 4.0 4.0 4.0 4.0 4.0 4.0 4.0 4.761904761904762 4.761904761904762 
;
set c_0 := 0;
param d := 
[0,*,*] : 
0 1 2 3 38 := 
0 0 0.025936 0 0 0 
1 1.1115428571428572 0 0.012968 0 0.012968 
2 0 0.0427944 0 0.012968 0 
3 0 0 0.35947296000000006 0 0.35947296000000006 
38 0 0.0427944 0 0.012968 0 
[1,*,*] : 
0 4 5 6 52 := 
0 0 0.009048 0 0 0.009048 
4 0.3877714285714286 0 0.009048 0 0 
5 0 0.0298584 0 0.018096 0.0298584 
6 0 0 0.35232912000000005 0 0 
52 0.3877714285714286 0 0.009048 0 0 
[2,*,*] : 
0 7 8 9 := 
0 0 0.0066 0 0 
7 0.28285714285714286 0 0.0066 0 
8 0 0.021779999999999997 0 0.0066 
9 0 0 0.056628 0 
[3,*,*] : 
0 10 11 12 := 
0 0 0.021944 0 0 
10 0.940457142857143 0 0.021944 0 
11 0 0.0724152 0 0.021944 
12 0 0 0.08689824 0 
[4,*,*] : 
0 13 14 15 39 40 41 42 43 44 45 46 := 
0 0 0.009928 0 0 0 0 0 0.009928 0 0 0 0 
13 0.4254857142857143 0 0.0016546666666666665 0 0.0016546666666666665 0 0.0016546666666666665 0 0.0016546666666666665 0.0016546666666666665 0 0.0016546666666666665 
14 0 0.0054604 0 0.001103111111111111 0 0.001103111111111111 0 0.0054604 0 0 0.001103111111111111 0 
15 0 0 0.008008586666666666 0 0.008008586666666666 0 0.008008586666666666 0 0.008008586666666666 0.008008586666666666 0 0.008008586666666666 
39 0 0.0054604 0 0.001103111111111111 0 0.001103111111111111 0 0.0054604 0 0 0.001103111111111111 0 
40 0 0 0.008008586666666666 0 0.008008586666666666 0 0.008008586666666666 0 0.008008586666666666 0.008008586666666666 0 0.008008586666666666 
41 0 0.0054604 0 0.001103111111111111 0 0.001103111111111111 0 0.0054604 0 0 0.001103111111111111 0 
42 0.4254857142857143 0 0.0016546666666666665 0 0.0016546666666666665 0 0.0016546666666666665 0 0.0016546666666666665 0.0016546666666666665 0 0.0016546666666666665 
43 0 0.0054604 0 0.001103111111111111 0 0.001103111111111111 0 0.0054604 0 0 0.001103111111111111 0 
44 0 0.0054604 0 0.001103111111111111 0 0.001103111111111111 0 0.0054604 0 0 0.001103111111111111 0 
45 0 0 0.008008586666666666 0 0.008008586666666666 0 0.008008586666666666 0 0.008008586666666666 0.008008586666666666 0 0.008008586666666666 
46 0 0.0054604 0 0.001103111111111111 0 0.001103111111111111 0 0.0054604 0 0 0.001103111111111111 0 
[5,*,*] : 
0 16 17 18 19 20 21 22 23 24 := 
0 0 0.003508571428571428 0.003508571428571428 0.003508571428571428 0.003508571428571428 0.003508571428571428 0.003508571428571428 0.003508571428571428 0 0 
16 0.9823999999999999 0 0 0 0 0 0 0 0.003508571428571428 0 
17 0.9823999999999999 0 0 0 0 0 0 0 0.003508571428571428 0 
18 0.9823999999999999 0 0 0 0 0 0 0 0.003508571428571428 0 
19 0.9823999999999999 0 0 0 0 0 0 0 0.003508571428571428 0 
20 0.9823999999999999 0 0 0 0 0 0 0 0.003508571428571428 0 
21 0.9823999999999999 0 0 0 0 0 0 0 0.003508571428571428 0 
22 0.9823999999999999 0 0 0 0 0 0 0 0.003508571428571428 0 
23 0 0.004912 0.004912 0.004912 0.004912 0.004912 0.004912 0.004912 0 0.02456 
24 0 0 0 0 0 0 0 0 0.034384 0 
[6,*,*] : 
0 25 26 27 28 29 30 31 32 33 34 35 36 37 47 48 49 50 51 := 
0 0 0.002144 0.002144 0.002144 0.002144 0.002144 0.002144 0.002144 0.002144 0.002144 0.002144 0.002144 0 0 0 0.002144 0 0 0.002144 
25 0.6003200000000001 0 0 0 0 0 0 0 0 0 0 0 5.36E-4 0 5.36E-4 0 5.36E-4 5.36E-4 0 
26 0.6003200000000001 0 0 0 0 0 0 0 0 0 0 0 5.36E-4 0 5.36E-4 0 5.36E-4 5.36E-4 0 
27 0.6003200000000001 0 0 0 0 0 0 0 0 0 0 0 5.36E-4 0 5.36E-4 0 5.36E-4 5.36E-4 0 
28 0.6003200000000001 0 0 0 0 0 0 0 0 0 0 0 5.36E-4 0 5.36E-4 0 5.36E-4 5.36E-4 0 
29 0.6003200000000001 0 0 0 0 0 0 0 0 0 0 0 5.36E-4 0 5.36E-4 0 5.36E-4 5.36E-4 0 
30 0.6003200000000001 0 0 0 0 0 0 0 0 0 0 0 5.36E-4 0 5.36E-4 0 5.36E-4 5.36E-4 0 
31 0.6003200000000001 0 0 0 0 0 0 0 0 0 0 0 5.36E-4 0 5.36E-4 0 5.36E-4 5.36E-4 0 
32 0.6003200000000001 0 0 0 0 0 0 0 0 0 0 0 5.36E-4 0 5.36E-4 0 5.36E-4 5.36E-4 0 
33 0.6003200000000001 0 0 0 0 0 0 0 0 0 0 0 5.36E-4 0 5.36E-4 0 5.36E-4 5.36E-4 0 
34 0.6003200000000001 0 0 0 0 0 0 0 0 0 0 0 5.36E-4 0 5.36E-4 0 5.36E-4 5.36E-4 0 
35 0.6003200000000001 0 0 0 0 0 0 0 0 0 0 0 5.36E-4 0 5.36E-4 0 5.36E-4 5.36E-4 0 
36 0 7.504E-4 7.504E-4 7.504E-4 7.504E-4 7.504E-4 7.504E-4 7.504E-4 7.504E-4 7.504E-4 7.504E-4 7.504E-4 0 0.006968 0 7.504E-4 0 0 7.504E-4 
37 0 0 0 0 0 0 0 0 0 0 0 0 0.03706976 0 0.03706976 0 0.03706976 0.03706976 0 
47 0 7.504E-4 7.504E-4 7.504E-4 7.504E-4 7.504E-4 7.504E-4 7.504E-4 7.504E-4 7.504E-4 7.504E-4 7.504E-4 0 0.006968 0 7.504E-4 0 0 7.504E-4 
48 0.6003200000000001 0 0 0 0 0 0 0 0 0 0 0 5.36E-4 0 5.36E-4 0 5.36E-4 5.36E-4 0 
49 0 7.504E-4 7.504E-4 7.504E-4 7.504E-4 7.504E-4 7.504E-4 7.504E-4 7.504E-4 7.504E-4 7.504E-4 7.504E-4 0 0.006968 0 7.504E-4 0 0 7.504E-4 
50 0 7.504E-4 7.504E-4 7.504E-4 7.504E-4 7.504E-4 7.504E-4 7.504E-4 7.504E-4 7.504E-4 7.504E-4 7.504E-4 0 0.006968 0 7.504E-4 0 0 7.504E-4 
51 0.6003200000000001 0 0 0 0 0 0 0 0 0 0 0 5.36E-4 0 5.36E-4 0 5.36E-4 5.36E-4 0 
;
param x_bar : 0 1 2 3 4 5 6 7 8 9 10 11 12 13 14 15  := 
0 0 0 0 0 0 0 0 0 0 0 0 0 0 0 0 0 
1 0 0 0 0 0 0 1 0 0 0 0 0 0 0 0 0 
2 0 0 0 0 0 0 1 0 0 0 0 0 0 0 0 0 
3 0 0 0 0 0 0 1 0 0 0 0 0 0 0 0 0 
4 0 0 1 0 0 0 0 0 0 0 0 0 0 0 0 0 
5 0 0 1 0 0 0 0 0 0 0 0 0 0 0 0 0 
6 0 0 1 0 0 0 0 0 0 0 0 0 0 0 0 0 
7 0 0 0 0 0 0 0 1 0 0 0 0 0 0 0 0 
8 0 0 0 0 0 0 0 1 0 0 0 0 0 0 0 0 
9 0 0 0 0 0 0 0 1 0 0 0 0 0 0 0 0 
10 0 0 0 0 0 0 0 0 0 0 0 0 1 0 0 0 
11 0 0 0 0 0 0 0 0 0 0 0 0 0 1 0 0 
12 0 0 0 1 0 0 0 0 0 0 0 0 0 0 0 0 
;
