data;
set C_bar :=  1 2 3 4 5 6 7 8 9 10 11 12 13 14 15 16 17 18 19 20 21 22 23 24 25 26 27 ;
set C :=  28 29 30 45 46 31 32 33 34 35 36 37 38 47 52 53 64 65 66 39 40 41 48 50 51 49 54 55 56 57 58 59 60 61 62 67 42 43 44 63 ;
set R := 0 1 2 3 4 5 6 ;
set C_bar_r[0] :=  
1 2 3 4 5 6 7 8 ;
set C_bar_r[1] :=  
9 10 11 12 13 14 15 16 17 18 19 20 ;
set C_bar_r[2] :=  
21 22 23 24 ;
set C_bar_r[3] :=  
25 26 27 ;
set C_r[0] :=  
;
set C_r[1] :=  
49 ;
set C_r[2] :=  
54 55 56 57 58 59 60 61 62 67 ;
set C_r[3] :=  
42 43 44 63 ;
set C_r[4] :=  
28 29 30 45 46 ;
set C_r[5] :=  
31 32 33 34 35 36 37 38 47 52 53 64 65 66 ;
set C_r[6] :=  
39 40 41 48 50 51 ;
set S :=  0 1 2 3 4 5 6 7 8 9 10 11 12 13 14 15 ;
set S_u :=  0 1 2 3 4 5 6 7 8 9 10 11 12 13 14 15 ;
set S_r[0] := 
12 14 15 ;
set S_r[1] := 
0 1 6 12 13 ;
set S_r[2] := 
2 ;
set S_r[3] := 
4 ;
set Rack :=  0 1 2 3 4 5 6 7 ;
param COST : 0 1 2 3 4 5 6 7 8 9 10 11 12 13 14 15 :=
0 0 1 3 3 5 5 5 5 5 5 5 5 5 5 5 5 
1 1 0 3 3 5 5 5 5 5 5 5 5 5 5 5 5 
2 3 3 0 1 5 5 5 5 5 5 5 5 5 5 5 5 
3 3 3 1 0 5 5 5 5 5 5 5 5 5 5 5 5 
4 5 5 5 5 0 1 3 3 5 5 5 5 5 5 5 5 
5 5 5 5 5 1 0 3 3 5 5 5 5 5 5 5 5 
6 5 5 5 5 3 3 0 1 5 5 5 5 5 5 5 5 
7 5 5 5 5 3 3 1 0 5 5 5 5 5 5 5 5 
8 5 5 5 5 5 5 5 5 0 1 3 3 5 5 5 5 
9 5 5 5 5 5 5 5 5 1 0 3 3 5 5 5 5 
10 5 5 5 5 5 5 5 5 3 3 0 1 5 5 5 5 
11 5 5 5 5 5 5 5 5 3 3 1 0 5 5 5 5 
12 5 5 5 5 5 5 5 5 5 5 5 5 0 1 3 3 
13 5 5 5 5 5 5 5 5 5 5 5 5 1 0 3 3 
14 5 5 5 5 5 5 5 5 5 5 5 5 3 3 0 1 
15 5 5 5 5 5 5 5 5 5 5 5 5 3 3 1 0 
;
set S_rack[0] :=  
0 1 ;
set S_rack[1] :=  
2 3 ;
set S_rack[2] :=  
4 5 ;
set S_rack[3] :=  
6 7 ;
set S_rack[4] :=  
8 9 ;
set S_rack[5] :=  
10 11 ;
set S_rack[6] :=  
12 13 ;
set S_rack[7] :=  
14 15 ;
param CPU := 
0 48.0
1 48.0
2 19.666666746139526
3 28.0
4 36.045454621315
5 44.0
6 24.0
7 28.0
8 28.0
9 28.0
10 56.0
11 56.0
12 25.0
13 48.0
14 14.904762029647827
15 25.61904764175415
;
param MEM := 
0 160.0
1 160.0
2 71.0
3 96.0
4 106.0
5 128.0
6 176.0
7 192.0
8 96.0
9 96.0
10 192.0
11 192.0
12 70.0
13 160.0
14 58.0
15 92.0
;
param DISK := 
0 312.0
1 312.0
2 116.0
3 192.0
4 196.0
5 256.0
6 348.0
7 384.0
8 192.0
9 192.0
10 384.0
11 384.0
12 180.0
13 312.0
14 96.0
15 176.0
;
param BDW_out := 
0 8.6028856
1 8.6028856
2 9.693622857142858
3 10.0
4 9.787771428571428
5 10.0
6 9.3014428
7 10.0
8 10.0
9 10.0
10 10.0
11 10.0
12 6.94383304
13 8.6028856
14 7.1398504
15 8.095944
;
param BDW_in := 
0 9.99153264
1 9.99153264
2 9.9928512
3 10.0
4 9.995048
5 10.0
6 9.99576632
7 10.0
8 10.0
9 10.0
10 10.0
11 10.0
12 9.9756812
13 9.99153264
14 9.979672
15 9.9837376
;
param mem := 
1 2.0
2 2.0
3 2.0
4 2.0
5 2.0
6 2.0
7 16.0
8 16.0
9 16.0
10 16.0
11 16.0
12 16.0
13 16.0
14 16.0
15 16.0
16 16.0
17 16.0
18 16.0
19 8.0
20 64.0
49 8.0
21 8.0
22 8.0
23 1.0
24 8.0
54 8.0
55 8.0
56 8.0
57 8.0
58 1.0
59 8.0
60 8.0
61 1.0
62 8.0
67 8.0
25 2.0
26 16.0
27 4.0
42 2.0
43 16.0
44 4.0
63 2.0
28 16.0
29 2.0
30 64.0
45 2.0
46 64.0
31 32.0
32 32.0
33 32.0
34 32.0
35 32.0
36 32.0
37 4.0
38 16.0
47 32.0
52 32.0
53 32.0
64 16.0
65 4.0
66 4.0
39 16.0
40 64.0
41 4.0
48 4.0
50 64.0
51 64.0
;
param disk := 
1 8.0
2 8.0
3 8.0
4 8.0
5 8.0
6 8.0
7 36.0
8 36.0
9 36.0
10 36.0
11 36.0
12 36.0
13 36.0
14 36.0
15 36.0
16 36.0
17 36.0
18 36.0
19 24.0
20 64.0
49 24.0
21 24.0
22 24.0
23 4.0
24 24.0
54 24.0
55 24.0
56 24.0
57 24.0
58 4.0
59 24.0
60 24.0
61 4.0
62 24.0
67 24.0
25 8.0
26 36.0
27 16.0
42 8.0
43 36.0
44 16.0
63 8.0
28 36.0
29 8.0
30 64.0
45 8.0
46 64.0
31 50.0
32 50.0
33 50.0
34 50.0
35 50.0
36 50.0
37 16.0
38 36.0
47 50.0
52 50.0
53 50.0
64 36.0
65 16.0
66 16.0
39 36.0
40 64.0
41 16.0
48 16.0
50 64.0
51 64.0
;
param cpu : 
0 1 2 3 4 5 6 7 8 9 10 11 12 13 14 15 := 
1 1.0 1.0 1.1904761904761905 1.1904761904761905 1.1363636363636365 1.1363636363636365 1.0 1.0 1.1904761904761905 1.1904761904761905 1.0 1.0 1.0 1.0 1.1904761904761905 1.1904761904761905 
2 1.0 1.0 1.1904761904761905 1.1904761904761905 1.1363636363636365 1.1363636363636365 1.0 1.0 1.1904761904761905 1.1904761904761905 1.0 1.0 1.0 1.0 1.1904761904761905 1.1904761904761905 
3 1.0 1.0 1.1904761904761905 1.1904761904761905 1.1363636363636365 1.1363636363636365 1.0 1.0 1.1904761904761905 1.1904761904761905 1.0 1.0 1.0 1.0 1.1904761904761905 1.1904761904761905 
4 1.0 1.0 1.1904761904761905 1.1904761904761905 1.1363636363636365 1.1363636363636365 1.0 1.0 1.1904761904761905 1.1904761904761905 1.0 1.0 1.0 1.0 1.1904761904761905 1.1904761904761905 
5 1.0 1.0 1.1904761904761905 1.1904761904761905 1.1363636363636365 1.1363636363636365 1.0 1.0 1.1904761904761905 1.1904761904761905 1.0 1.0 1.0 1.0 1.1904761904761905 1.1904761904761905 
6 1.0 1.0 1.1904761904761905 1.1904761904761905 1.1363636363636365 1.1363636363636365 1.0 1.0 1.1904761904761905 1.1904761904761905 1.0 1.0 1.0 1.0 1.1904761904761905 1.1904761904761905 
7 4.0 4.0 4.761904761904762 4.761904761904762 4.545454545454546 4.545454545454546 4.0 4.0 4.761904761904762 4.761904761904762 4.0 4.0 4.0 4.0 4.761904761904762 4.761904761904762 
8 4.0 4.0 4.761904761904762 4.761904761904762 4.545454545454546 4.545454545454546 4.0 4.0 4.761904761904762 4.761904761904762 4.0 4.0 4.0 4.0 4.761904761904762 4.761904761904762 
9 4.0 4.0 4.761904761904762 4.761904761904762 4.545454545454546 4.545454545454546 4.0 4.0 4.761904761904762 4.761904761904762 4.0 4.0 4.0 4.0 4.761904761904762 4.761904761904762 
10 4.0 4.0 4.761904761904762 4.761904761904762 4.545454545454546 4.545454545454546 4.0 4.0 4.761904761904762 4.761904761904762 4.0 4.0 4.0 4.0 4.761904761904762 4.761904761904762 
11 4.0 4.0 4.761904761904762 4.761904761904762 4.545454545454546 4.545454545454546 4.0 4.0 4.761904761904762 4.761904761904762 4.0 4.0 4.0 4.0 4.761904761904762 4.761904761904762 
12 4.0 4.0 4.761904761904762 4.761904761904762 4.545454545454546 4.545454545454546 4.0 4.0 4.761904761904762 4.761904761904762 4.0 4.0 4.0 4.0 4.761904761904762 4.761904761904762 
13 4.0 4.0 4.761904761904762 4.761904761904762 4.545454545454546 4.545454545454546 4.0 4.0 4.761904761904762 4.761904761904762 4.0 4.0 4.0 4.0 4.761904761904762 4.761904761904762 
14 4.0 4.0 4.761904761904762 4.761904761904762 4.545454545454546 4.545454545454546 4.0 4.0 4.761904761904762 4.761904761904762 4.0 4.0 4.0 4.0 4.761904761904762 4.761904761904762 
15 4.0 4.0 4.761904761904762 4.761904761904762 4.545454545454546 4.545454545454546 4.0 4.0 4.761904761904762 4.761904761904762 4.0 4.0 4.0 4.0 4.761904761904762 4.761904761904762 
16 4.0 4.0 4.761904761904762 4.761904761904762 4.545454545454546 4.545454545454546 4.0 4.0 4.761904761904762 4.761904761904762 4.0 4.0 4.0 4.0 4.761904761904762 4.761904761904762 
17 4.0 4.0 4.761904761904762 4.761904761904762 4.545454545454546 4.545454545454546 4.0 4.0 4.761904761904762 4.761904761904762 4.0 4.0 4.0 4.0 4.761904761904762 4.761904761904762 
18 4.0 4.0 4.761904761904762 4.761904761904762 4.545454545454546 4.545454545454546 4.0 4.0 4.761904761904762 4.761904761904762 4.0 4.0 4.0 4.0 4.761904761904762 4.761904761904762 
19 2.0 2.0 2.380952380952381 2.380952380952381 2.272727272727273 2.272727272727273 2.0 2.0 2.380952380952381 2.380952380952381 2.0 2.0 2.0 2.0 2.380952380952381 2.380952380952381 
20 16.0 16.0 19.047619047619047 19.047619047619047 18.181818181818183 18.181818181818183 16.0 16.0 19.047619047619047 19.047619047619047 16.0 16.0 16.0 16.0 19.047619047619047 19.047619047619047 
49 2.0 2.0 2.380952380952381 2.380952380952381 2.272727272727273 2.272727272727273 2.0 2.0 2.380952380952381 2.380952380952381 2.0 2.0 2.0 2.0 2.380952380952381 2.380952380952381 
21 2.0 2.0 2.380952380952381 2.380952380952381 2.272727272727273 2.272727272727273 2.0 2.0 2.380952380952381 2.380952380952381 2.0 2.0 2.0 2.0 2.380952380952381 2.380952380952381 
22 2.0 2.0 2.380952380952381 2.380952380952381 2.272727272727273 2.272727272727273 2.0 2.0 2.380952380952381 2.380952380952381 2.0 2.0 2.0 2.0 2.380952380952381 2.380952380952381 
23 1.0 1.0 1.1904761904761905 1.1904761904761905 1.1363636363636365 1.1363636363636365 1.0 1.0 1.1904761904761905 1.1904761904761905 1.0 1.0 1.0 1.0 1.1904761904761905 1.1904761904761905 
24 2.0 2.0 2.380952380952381 2.380952380952381 2.272727272727273 2.272727272727273 2.0 2.0 2.380952380952381 2.380952380952381 2.0 2.0 2.0 2.0 2.380952380952381 2.380952380952381 
54 2.0 2.0 2.380952380952381 2.380952380952381 2.272727272727273 2.272727272727273 2.0 2.0 2.380952380952381 2.380952380952381 2.0 2.0 2.0 2.0 2.380952380952381 2.380952380952381 
55 2.0 2.0 2.380952380952381 2.380952380952381 2.272727272727273 2.272727272727273 2.0 2.0 2.380952380952381 2.380952380952381 2.0 2.0 2.0 2.0 2.380952380952381 2.380952380952381 
56 2.0 2.0 2.380952380952381 2.380952380952381 2.272727272727273 2.272727272727273 2.0 2.0 2.380952380952381 2.380952380952381 2.0 2.0 2.0 2.0 2.380952380952381 2.380952380952381 
57 2.0 2.0 2.380952380952381 2.380952380952381 2.272727272727273 2.272727272727273 2.0 2.0 2.380952380952381 2.380952380952381 2.0 2.0 2.0 2.0 2.380952380952381 2.380952380952381 
58 1.0 1.0 1.1904761904761905 1.1904761904761905 1.1363636363636365 1.1363636363636365 1.0 1.0 1.1904761904761905 1.1904761904761905 1.0 1.0 1.0 1.0 1.1904761904761905 1.1904761904761905 
59 2.0 2.0 2.380952380952381 2.380952380952381 2.272727272727273 2.272727272727273 2.0 2.0 2.380952380952381 2.380952380952381 2.0 2.0 2.0 2.0 2.380952380952381 2.380952380952381 
60 2.0 2.0 2.380952380952381 2.380952380952381 2.272727272727273 2.272727272727273 2.0 2.0 2.380952380952381 2.380952380952381 2.0 2.0 2.0 2.0 2.380952380952381 2.380952380952381 
61 1.0 1.0 1.1904761904761905 1.1904761904761905 1.1363636363636365 1.1363636363636365 1.0 1.0 1.1904761904761905 1.1904761904761905 1.0 1.0 1.0 1.0 1.1904761904761905 1.1904761904761905 
62 2.0 2.0 2.380952380952381 2.380952380952381 2.272727272727273 2.272727272727273 2.0 2.0 2.380952380952381 2.380952380952381 2.0 2.0 2.0 2.0 2.380952380952381 2.380952380952381 
67 2.0 2.0 2.380952380952381 2.380952380952381 2.272727272727273 2.272727272727273 2.0 2.0 2.380952380952381 2.380952380952381 2.0 2.0 2.0 2.0 2.380952380952381 2.380952380952381 
25 1.0 1.0 1.1904761904761905 1.1904761904761905 1.1363636363636365 1.1363636363636365 1.0 1.0 1.1904761904761905 1.1904761904761905 1.0 1.0 1.0 1.0 1.1904761904761905 1.1904761904761905 
26 4.0 4.0 4.761904761904762 4.761904761904762 4.545454545454546 4.545454545454546 4.0 4.0 4.761904761904762 4.761904761904762 4.0 4.0 4.0 4.0 4.761904761904762 4.761904761904762 
27 2.0 2.0 2.380952380952381 2.380952380952381 2.272727272727273 2.272727272727273 2.0 2.0 2.380952380952381 2.380952380952381 2.0 2.0 2.0 2.0 2.380952380952381 2.380952380952381 
42 1.0 1.0 1.1904761904761905 1.1904761904761905 1.1363636363636365 1.1363636363636365 1.0 1.0 1.1904761904761905 1.1904761904761905 1.0 1.0 1.0 1.0 1.1904761904761905 1.1904761904761905 
43 4.0 4.0 4.761904761904762 4.761904761904762 4.545454545454546 4.545454545454546 4.0 4.0 4.761904761904762 4.761904761904762 4.0 4.0 4.0 4.0 4.761904761904762 4.761904761904762 
44 2.0 2.0 2.380952380952381 2.380952380952381 2.272727272727273 2.272727272727273 2.0 2.0 2.380952380952381 2.380952380952381 2.0 2.0 2.0 2.0 2.380952380952381 2.380952380952381 
63 1.0 1.0 1.1904761904761905 1.1904761904761905 1.1363636363636365 1.1363636363636365 1.0 1.0 1.1904761904761905 1.1904761904761905 1.0 1.0 1.0 1.0 1.1904761904761905 1.1904761904761905 
28 4.0 4.0 4.761904761904762 4.761904761904762 4.545454545454546 4.545454545454546 4.0 4.0 4.761904761904762 4.761904761904762 4.0 4.0 4.0 4.0 4.761904761904762 4.761904761904762 
29 1.0 1.0 1.1904761904761905 1.1904761904761905 1.1363636363636365 1.1363636363636365 1.0 1.0 1.1904761904761905 1.1904761904761905 1.0 1.0 1.0 1.0 1.1904761904761905 1.1904761904761905 
30 16.0 16.0 19.047619047619047 19.047619047619047 18.181818181818183 18.181818181818183 16.0 16.0 19.047619047619047 19.047619047619047 16.0 16.0 16.0 16.0 19.047619047619047 19.047619047619047 
45 1.0 1.0 1.1904761904761905 1.1904761904761905 1.1363636363636365 1.1363636363636365 1.0 1.0 1.1904761904761905 1.1904761904761905 1.0 1.0 1.0 1.0 1.1904761904761905 1.1904761904761905 
46 16.0 16.0 19.047619047619047 19.047619047619047 18.181818181818183 18.181818181818183 16.0 16.0 19.047619047619047 19.047619047619047 16.0 16.0 16.0 16.0 19.047619047619047 19.047619047619047 
31 8.0 8.0 9.523809523809524 9.523809523809524 9.090909090909092 9.090909090909092 8.0 8.0 9.523809523809524 9.523809523809524 8.0 8.0 8.0 8.0 9.523809523809524 9.523809523809524 
32 8.0 8.0 9.523809523809524 9.523809523809524 9.090909090909092 9.090909090909092 8.0 8.0 9.523809523809524 9.523809523809524 8.0 8.0 8.0 8.0 9.523809523809524 9.523809523809524 
33 8.0 8.0 9.523809523809524 9.523809523809524 9.090909090909092 9.090909090909092 8.0 8.0 9.523809523809524 9.523809523809524 8.0 8.0 8.0 8.0 9.523809523809524 9.523809523809524 
34 8.0 8.0 9.523809523809524 9.523809523809524 9.090909090909092 9.090909090909092 8.0 8.0 9.523809523809524 9.523809523809524 8.0 8.0 8.0 8.0 9.523809523809524 9.523809523809524 
35 8.0 8.0 9.523809523809524 9.523809523809524 9.090909090909092 9.090909090909092 8.0 8.0 9.523809523809524 9.523809523809524 8.0 8.0 8.0 8.0 9.523809523809524 9.523809523809524 
36 8.0 8.0 9.523809523809524 9.523809523809524 9.090909090909092 9.090909090909092 8.0 8.0 9.523809523809524 9.523809523809524 8.0 8.0 8.0 8.0 9.523809523809524 9.523809523809524 
37 2.0 2.0 2.380952380952381 2.380952380952381 2.272727272727273 2.272727272727273 2.0 2.0 2.380952380952381 2.380952380952381 2.0 2.0 2.0 2.0 2.380952380952381 2.380952380952381 
38 4.0 4.0 4.761904761904762 4.761904761904762 4.545454545454546 4.545454545454546 4.0 4.0 4.761904761904762 4.761904761904762 4.0 4.0 4.0 4.0 4.761904761904762 4.761904761904762 
47 8.0 8.0 9.523809523809524 9.523809523809524 9.090909090909092 9.090909090909092 8.0 8.0 9.523809523809524 9.523809523809524 8.0 8.0 8.0 8.0 9.523809523809524 9.523809523809524 
52 8.0 8.0 9.523809523809524 9.523809523809524 9.090909090909092 9.090909090909092 8.0 8.0 9.523809523809524 9.523809523809524 8.0 8.0 8.0 8.0 9.523809523809524 9.523809523809524 
53 8.0 8.0 9.523809523809524 9.523809523809524 9.090909090909092 9.090909090909092 8.0 8.0 9.523809523809524 9.523809523809524 8.0 8.0 8.0 8.0 9.523809523809524 9.523809523809524 
64 4.0 4.0 4.761904761904762 4.761904761904762 4.545454545454546 4.545454545454546 4.0 4.0 4.761904761904762 4.761904761904762 4.0 4.0 4.0 4.0 4.761904761904762 4.761904761904762 
65 2.0 2.0 2.380952380952381 2.380952380952381 2.272727272727273 2.272727272727273 2.0 2.0 2.380952380952381 2.380952380952381 2.0 2.0 2.0 2.0 2.380952380952381 2.380952380952381 
66 2.0 2.0 2.380952380952381 2.380952380952381 2.272727272727273 2.272727272727273 2.0 2.0 2.380952380952381 2.380952380952381 2.0 2.0 2.0 2.0 2.380952380952381 2.380952380952381 
39 4.0 4.0 4.761904761904762 4.761904761904762 4.545454545454546 4.545454545454546 4.0 4.0 4.761904761904762 4.761904761904762 4.0 4.0 4.0 4.0 4.761904761904762 4.761904761904762 
40 16.0 16.0 19.047619047619047 19.047619047619047 18.181818181818183 18.181818181818183 16.0 16.0 19.047619047619047 19.047619047619047 16.0 16.0 16.0 16.0 19.047619047619047 19.047619047619047 
41 2.0 2.0 2.380952380952381 2.380952380952381 2.272727272727273 2.272727272727273 2.0 2.0 2.380952380952381 2.380952380952381 2.0 2.0 2.0 2.0 2.380952380952381 2.380952380952381 
48 2.0 2.0 2.380952380952381 2.380952380952381 2.272727272727273 2.272727272727273 2.0 2.0 2.380952380952381 2.380952380952381 2.0 2.0 2.0 2.0 2.380952380952381 2.380952380952381 
50 16.0 16.0 19.047619047619047 19.047619047619047 18.181818181818183 18.181818181818183 16.0 16.0 19.047619047619047 19.047619047619047 16.0 16.0 16.0 16.0 19.047619047619047 19.047619047619047 
51 16.0 16.0 19.047619047619047 19.047619047619047 18.181818181818183 18.181818181818183 16.0 16.0 19.047619047619047 19.047619047619047 16.0 16.0 16.0 16.0 19.047619047619047 19.047619047619047 
;
set c_0 := 0;
param d := 
[0,*,*] : 
0 1 2 3 4 5 6 7 8 := 
0 0 0.003388 0.003388 0.003388 0.003388 0.003388 0.003388 0 0 
1 0.94864 0 0 0 0 0 0 0.003388 0 
2 0.94864 0 0 0 0 0 0 0.003388 0 
3 0.94864 0 0 0 0 0 0 0.003388 0 
4 0.94864 0 0 0 0 0 0 0.003388 0 
5 0.94864 0 0 0 0 0 0 0.003388 0 
6 0.94864 0 0 0 0 0 0 0.003388 0 
7 0 0.0047432 0.0047432 0.0047432 0.0047432 0.0047432 0.0047432 0 0.020328 
8 0 0 0 0 0 0 0 0.025613280000000002 0 
[1,*,*] : 
0 9 10 11 12 13 14 15 16 17 18 19 20 49 := 
0 0 0.0024904 0.0024904 0.0024904 0.0024904 0.0024904 0.0024904 0.0024904 0.0024904 0.0024904 0.0024904 0 0 0 
9 0.6973119999999999 0 0 0 0 0 0 0 0 0 0 0.0012452 0 0.0012452 
10 0.6973119999999999 0 0 0 0 0 0 0 0 0 0 0.0012452 0 0.0012452 
11 0.6973119999999999 0 0 0 0 0 0 0 0 0 0 0.0012452 0 0.0012452 
12 0.6973119999999999 0 0 0 0 0 0 0 0 0 0 0.0012452 0 0.0012452 
13 0.6973119999999999 0 0 0 0 0 0 0 0 0 0 0.0012452 0 0.0012452 
14 0.6973119999999999 0 0 0 0 0 0 0 0 0 0 0.0012452 0 0.0012452 
15 0.6973119999999999 0 0 0 0 0 0 0 0 0 0 0.0012452 0 0.0012452 
16 0.6973119999999999 0 0 0 0 0 0 0 0 0 0 0.0012452 0 0.0012452 
17 0.6973119999999999 0 0 0 0 0 0 0 0 0 0 0.0012452 0 0.0012452 
18 0.6973119999999999 0 0 0 0 0 0 0 0 0 0 0.0012452 0 0.0012452 
19 0 0.0017432799999999998 0.0017432799999999998 0.0017432799999999998 0.0017432799999999998 0.0017432799999999998 0.0017432799999999998 0.0017432799999999998 0.0017432799999999998 0.0017432799999999998 0.0017432799999999998 0 0.012452 0 
20 0 0 0 0 0 0 0 0 0 0 0 0.16212504 0 0.16212504 
49 0 0.0017432799999999998 0.0017432799999999998 0.0017432799999999998 0.0017432799999999998 0.0017432799999999998 0.0017432799999999998 0.0017432799999999998 0.0017432799999999998 0.0017432799999999998 0.0017432799999999998 0 0.012452 0 
[2,*,*] : 
0 21 22 23 24 54 55 56 57 58 59 60 61 62 67 := 
0 0 0.0035743999999999997 0.0035743999999999997 0 0 0 0 0 0 0 0.0035743999999999997 0.0035743999999999997 0 0 0.0035743999999999997 
21 0.15318857142857142 0 0 0.0011914666666666665 0 0 0 0 0 0.0011914666666666665 0 0 0.0011914666666666665 0 0 
22 0.15318857142857142 0 0 0.0011914666666666665 0 0 0 0 0 0.0011914666666666665 0 0 0.0011914666666666665 0 0 
23 0 0.00393184 0.00393184 0 9.928888888888889E-4 9.928888888888889E-4 9.928888888888889E-4 9.928888888888889E-4 9.928888888888889E-4 0 0.00393184 0.00393184 0 9.928888888888889E-4 0.00393184 
24 0 0 0 0.011140213333333331 0 0 0 0 0 0.011140213333333331 0 0 0.011140213333333331 0 0 
54 0 0 0 0.011140213333333331 0 0 0 0 0 0.011140213333333331 0 0 0.011140213333333331 0 0 
55 0 0 0 0.011140213333333331 0 0 0 0 0 0.011140213333333331 0 0 0.011140213333333331 0 0 
56 0 0 0 0.011140213333333331 0 0 0 0 0 0.011140213333333331 0 0 0.011140213333333331 0 0 
57 0 0 0 0.011140213333333331 0 0 0 0 0 0.011140213333333331 0 0 0.011140213333333331 0 0 
58 0 0.00393184 0.00393184 0 9.928888888888889E-4 9.928888888888889E-4 9.928888888888889E-4 9.928888888888889E-4 9.928888888888889E-4 0 0.00393184 0.00393184 0 9.928888888888889E-4 0.00393184 
59 0.15318857142857142 0 0 0.0011914666666666665 0 0 0 0 0 0.0011914666666666665 0 0 0.0011914666666666665 0 0 
60 0.15318857142857142 0 0 0.0011914666666666665 0 0 0 0 0 0.0011914666666666665 0 0 0.0011914666666666665 0 0 
61 0 0.00393184 0.00393184 0 9.928888888888889E-4 9.928888888888889E-4 9.928888888888889E-4 9.928888888888889E-4 9.928888888888889E-4 0 0.00393184 0.00393184 0 9.928888888888889E-4 0.00393184 
62 0 0 0 0.011140213333333331 0 0 0 0 0 0.011140213333333331 0 0 0.011140213333333331 0 0 
67 0.15318857142857142 0 0 0.0011914666666666665 0 0 0 0 0 0.0011914666666666665 0 0 0.0011914666666666665 0 0 
[3,*,*] : 
0 25 26 27 42 43 44 63 := 
0 0 0.004952 0 0 0.004952 0 0 0.004952 
25 0.21222857142857143 0 0.002476 0 0 0.002476 0 0 
26 0 0.008170799999999999 0 0.003714 0.008170799999999999 0 0.003714 0.008170799999999999 
27 0 0 0.07476281999999998 0 0 0.07476281999999998 0 0 
42 0.21222857142857143 0 0.002476 0 0 0.002476 0 0 
43 0 0.008170799999999999 0 0.003714 0.008170799999999999 0 0.003714 0.008170799999999999 
44 0 0 0.07476281999999998 0 0 0.07476281999999998 0 0 
63 0.21222857142857143 0 0.002476 0 0 0.002476 0 0 
[4,*,*] : 
0 28 29 30 45 46 := 
0 0 0.025984 0 0 0 0 
28 1.1136000000000001 0 0.012992 0 0.012992 0 
29 0 0.042873600000000005 0 0.006496 0 0.006496 
30 0 0 0.15863232000000002 0 0.15863232000000002 0 
45 0 0.042873600000000005 0 0.006496 0 0.006496 
46 0 0 0.15863232000000002 0 0.15863232000000002 0 
[5,*,*] : 
0 31 32 33 34 35 36 37 38 47 52 53 64 65 66 := 
0 0 0.0022897777777777777 0.0022897777777777777 0.0022897777777777777 0.0022897777777777777 0.0022897777777777777 0.0022897777777777777 0 0 0.0022897777777777777 0.0022897777777777777 0.0022897777777777777 0 0 0 
31 0.6411377777777778 0 0 0 0 0 0 7.632592592592592E-4 0 0 0 0 0 7.632592592592592E-4 7.632592592592592E-4 
32 0.6411377777777778 0 0 0 0 0 0 7.632592592592592E-4 0 0 0 0 0 7.632592592592592E-4 7.632592592592592E-4 
33 0.6411377777777778 0 0 0 0 0 0 7.632592592592592E-4 0 0 0 0 0 7.632592592592592E-4 7.632592592592592E-4 
34 0.6411377777777778 0 0 0 0 0 0 7.632592592592592E-4 0 0 0 0 0 7.632592592592592E-4 7.632592592592592E-4 
35 0.6411377777777778 0 0 0 0 0 0 7.632592592592592E-4 0 0 0 0 0 7.632592592592592E-4 7.632592592592592E-4 
36 0.6411377777777778 0 0 0 0 0 0 7.632592592592592E-4 0 0 0 0 0 7.632592592592592E-4 7.632592592592592E-4 
37 0 0.001068562962962963 0.001068562962962963 0.001068562962962963 0.001068562962962963 0.001068562962962963 0.001068562962962963 0 0.003434666666666667 0.001068562962962963 0.001068562962962963 0.001068562962962963 0.003434666666666667 0 0 
38 0 0 0 0 0 0 0 0.019714986666666667 0 0 0 0 0 0.019714986666666667 0.019714986666666667 
47 0.6411377777777778 0 0 0 0 0 0 7.632592592592592E-4 0 0 0 0 0 7.632592592592592E-4 7.632592592592592E-4 
52 0.6411377777777778 0 0 0 0 0 0 7.632592592592592E-4 0 0 0 0 0 7.632592592592592E-4 7.632592592592592E-4 
53 0.6411377777777778 0 0 0 0 0 0 7.632592592592592E-4 0 0 0 0 0 7.632592592592592E-4 7.632592592592592E-4 
64 0 0 0 0 0 0 0 0.019714986666666667 0 0 0 0 0 0.019714986666666667 0.019714986666666667 
65 0 0.001068562962962963 0.001068562962962963 0.001068562962962963 0.001068562962962963 0.001068562962962963 0.001068562962962963 0 0.003434666666666667 0.001068562962962963 0.001068562962962963 0.001068562962962963 0.003434666666666667 0 0 
66 0 0.001068562962962963 0.001068562962962963 0.001068562962962963 0.001068562962962963 0.001068562962962963 0.001068562962962963 0 0.003434666666666667 0.001068562962962963 0.001068562962962963 0.001068562962962963 0.003434666666666667 0 0 
[6,*,*] : 
0 39 40 41 48 50 51 := 
0 0 0.018936 0 0 0 0 0 
39 0.8115428571428572 0 0.006312000000000001 0 0 0.006312000000000001 0.006312000000000001 
40 0 0.0208296 0 0.0031560000000000004 0.0031560000000000004 0 0 
41 0 0 0.02187108 0 0 0.02187108 0.02187108 
48 0 0 0.02187108 0 0 0.02187108 0.02187108 
50 0 0.0208296 0 0.0031560000000000004 0.0031560000000000004 0 0 
51 0 0.0208296 0 0.0031560000000000004 0.0031560000000000004 0 0 
;
param x_bar : 0 1 2 3 4 5 6 7 8 9 10 11 12 13 14 15  := 
0 0 0 0 0 0 0 0 0 0 0 0 0 0 0 0 0 
1 0 0 0 0 0 0 0 0 0 0 0 0 0 0 1 0 
2 0 0 0 0 0 0 0 0 0 0 0 0 0 0 1 0 
3 0 0 0 0 0 0 0 0 0 0 0 0 0 0 1 0 
4 0 0 0 0 0 0 0 0 0 0 0 0 0 0 0 1 
5 0 0 0 0 0 0 0 0 0 0 0 0 0 0 0 1 
6 0 0 0 0 0 0 0 0 0 0 0 0 1 0 0 0 
7 0 0 0 0 0 0 0 0 0 0 0 0 0 0 1 0 
8 0 0 0 0 0 0 0 0 0 0 0 0 0 0 1 0 
9 0 0 0 0 0 0 0 0 0 0 0 0 1 0 0 0 
10 0 0 0 0 0 0 0 0 0 0 0 0 1 0 0 0 
11 0 0 0 0 0 0 0 0 0 0 0 0 1 0 0 0 
12 0 0 0 0 0 0 0 0 0 0 0 0 0 1 0 0 
13 0 0 0 0 0 0 0 0 0 0 0 0 0 1 0 0 
14 1 0 0 0 0 0 0 0 0 0 0 0 0 0 0 0 
15 1 0 0 0 0 0 0 0 0 0 0 0 0 0 0 0 
16 0 1 0 0 0 0 0 0 0 0 0 0 0 0 0 0 
17 0 1 0 0 0 0 0 0 0 0 0 0 0 0 0 0 
18 0 0 0 0 0 0 1 0 0 0 0 0 0 0 0 0 
19 0 0 0 0 0 0 0 0 0 0 0 0 1 0 0 0 
20 0 0 0 0 0 0 0 0 0 0 0 0 1 0 0 0 
21 0 0 1 0 0 0 0 0 0 0 0 0 0 0 0 0 
22 0 0 1 0 0 0 0 0 0 0 0 0 0 0 0 0 
23 0 0 1 0 0 0 0 0 0 0 0 0 0 0 0 0 
24 0 0 1 0 0 0 0 0 0 0 0 0 0 0 0 0 
25 0 0 0 0 1 0 0 0 0 0 0 0 0 0 0 0 
26 0 0 0 0 1 0 0 0 0 0 0 0 0 0 0 0 
27 0 0 0 0 1 0 0 0 0 0 0 0 0 0 0 0 
;
