seed100_p8_C40_nR3_oR210
0.07153194346958168
0.069560870450309 50324
180068 30996
seed101_p8_C40_nR3_oR210
0.6090123647211834
0.6068448433700714 48244
180051 19362
seed102_p8_C40_nR3_oR210
1.5250001912841724
1.5250001912841693 172508
180207 27524
seed103_p8_C40_nR3_oR210
0.3741294041555893
0.3741294041555887 17705
180060 27500
seed104_p8_C40_nR3_oR210
1.081489607518702
1.0732377014693146 131553
180032 14325
seed105_p8_C40_nR3_oR210
1.2151925337120892
1.2013897010407681 171882
180095 19931
seed106_p8_C40_nR3_oR210
1.021683203026318
0.9552653599622701 8102
180035 27832
seed107_p8_C40_nR3_oR210
0.0199338172486411
0.019933817248641014 170071
180132 26552
seed108_p8_C40_nR3_oR210
2.457933119005416
2.4368692272137977 145098
180059 27238
seed109_p8_C40_nR3_oR210
1.5154665547352346
1.4883851452974024 48074
180034 18911
seed110_p8_C40_nR3_oR210
2.441577508373617
2.439231033831703 68371
180054 12605
seed111_p8_C40_nR3_oR210
1.6108122362053063
1.60833663021015 6000
180048 19447
seed112_p8_C40_nR3_oR210
0.5892470662476796
0.5629460458505047 24445
180038 28564
seed113_p8_C40_nR3_oR210
0.6570514016928858
0.6516209757373292 66557
180063 16322
seed114_p8_C40_nR3_oR210
2.035207159510383
2.0310867321770476 39903
180007 35970
seed115_p8_C40_nR3_oR210
0.8369366007842001
0.834565727368561 173947
180024 25615
seed116_p8_C40_nR3_oR210
1.1872482207341737
1.1764421728579832 50962
180063 26026
seed118_p8_C40_nR3_oR210
1.7469458043534165
1.6280045421300406 138662
180032 16638
seed119_p8_C40_nR3_oR210
1.2456681020628717
1.051126558526437 21846
180004 21162
seed120_p8_C40_nR3_oR210
0.546883132905785
0.5443586919830327 72395
180092 25649
seed121_p8_C40_nR3_oR210
1.174431420599943
1.1677995214216383 135611
180054 25214
seed122_p8_C40_nR3_oR210
3.0829779501532473
3.0829779501532446 138394
180052 18951
seed123_p8_C40_nR3_oR210
1.2304262046268464
1.2129771961780427 64824
180078 7343
seed124_p8_C40_nR3_oR210
0.47865511319361326
0.47268073423645945 174242
180031 15791
seed125_p8_C40_nR3_oR210
0.052674322423391845
0.03826232597894724 3606
180047 19804
seed126_p8_C40_nR3_oR210
1.5919407825693832
1.5861962862508614 158307
180135 24206
seed127_p8_C40_nR3_oR210
2.0509460548170098
1.9884471347009507 58208
180038 24980
seed128_p8_C40_nR3_oR210
2.6926615974127976
2.691288076240619 34788
180054 17814
seed129_p8_C40_nR3_oR210
0.6555487654003159
0.6390859379472931 95038
180051 15479
seed131_p8_C40_nR3_oR210
0.88203926056642
0.882039260566419 140900
180089 26015
seed132_p8_C40_nR3_oR210
1.1834271345025136
1.1834271345025118 181426
180069 30024
seed133_p8_C40_nR3_oR210
0.8069531948429184
0.7917056886685478 77513
180084 29277
seed134_p8_C40_nR3_oR210
0.8725198703944325
0.8429871758761074 61150
180279 7494
seed135_p8_C40_nR3_oR210
0.43359722073360285
0.4224424045889518 64528
180152 48924
seed136_p8_C40_nR3_oR210
0.8899988738233622
0.8319139238233622 44980
180073 17215
seed137_p8_C40_nR3_oR210
0.5124376744815108
0.4778041635901586 82637
180097 12854
seed138_p8_C40_nR3_oR210
1.5054625838534417
1.4998057659768962 131490
180014 22599
seed139_p8_C40_nR3_oR210
1.4313085791502624
1.4285151869527304 119182
180045 28612
seed140_p8_C40_nR3_oR210
2.0547165213759593
2.0388812144594253 22443
180012 22419
seed141_p8_C40_nR3_oR210
0.18312458069983836
0.18299370252699726 144105
180109 20267
seed142_p8_C40_nR3_oR210
0.4879238667445692
0.4847053067445651 17915
180052 13894
seed143_p8_C40_nR3_oR210
0.17476240399250897
0.15580312589137343 34396
180021 28075
seed144_p8_C40_nR3_oR210
0.40731000348858
0.40392197372750643 143486
180111 11266
seed145_p8_C40_nR3_oR210
0.7590950576973237
0.7570385071294222 93474
180019 16885
seed146_p8_C40_nR3_oR210
0.9378818099381195
0.9287872955106368 175183
180035 22789
seed147_p8_C40_nR3_oR210
2.3136576145514836
2.2965371086149307 31420
180010 33798
seed148_p8_C40_nR3_oR210
1.4989187718523962
1.4758421877931935 39210
180072 16015
seed149_p8_C40_nR3_oR210
0.7436023787065917
0.7355575965012998 25409
180113 12599
seed150_p8_C40_nR3_oR210
0.39373974968914005
0.3659725173335834 145347
180072 40222
seed151_p8_C40_nR3_oR210
0.6718256916459024
0.6667636120014572 134988
180161 40776
seed152_p8_C40_nR3_oR210
0.8858966198145725
0.8858966198145716 78928
180017 13652
seed153_p8_C40_nR3_oR210
2.3302168280142044
2.2972392722697603 3544
180037 99729
seed154_p8_C40_nR3_oR210
2.018029639399506
1.8985684467796007 158404
180040 8222
seed155_p8_C40_nR3_oR210
1.0418169297993
1.0418169297992987 35595
180007 19716
seed156_p8_C40_nR3_oR210
1.4590992412004418
1.4569541367720444 123731
180057 11658
seed157_p8_C40_nR3_oR210
2.1033497319890357
2.0634000362429035 153020
180020 24167
seed158_p8_C40_nR3_oR210
1.5539097960886294
1.5268683387027857 166647
180001 22121
seed159_p8_C40_nR3_oR210
1.4852059781826263
1.4600272236860619 91648
180017 17806
seed160_p8_C40_nR3_oR210
0.6590835103266789
0.6572837988600118 79602
180037 20402
seed161_p8_C40_nR3_oR210
0.6223350519587859
0.6029146440317962 177209
180003 12223
seed162_p8_C40_nR3_oR210
0.7958793375087507
0.6498627298875618 126579
180089 33698
seed163_p8_C40_nR3_oR210
1.402470464733747
1.3624469277773392 84106
180069 34867
seed164_p8_C40_nR3_oR210
0.27251170234946076
0.2652066142013107 80573
180012 15005
seed165_p8_C40_nR3_oR210
1.4065226444032617
1.391082778986953 8715
180003 73103
seed166_p8_C40_nR3_oR210
1.2387808270078091
1.225040537894452 133893
180008 74069
