seed50_p6_R50_Cob4_Cf17
-567.5587550167576 1548516 235
seed52_p6_R50_Cob9_Cf20
-990.5053158019318 1547395 484
seed53_p6_R50_Cob2_Cf13
-335.1541927863832 1515662 978
seed56_p6_R50_Cob14_Cf43
-555.2319022985607 1540020 420
seed57_p6_R50_Cob8_Cf23
-1311.621296757111 1523729 429
seed58_p6_R50_Cob19_Cf19
-370.9661191264206 1515489 515
seed61_p6_R50_Cob13_Cf20
-123.66541312991092 1543742 506
seed62_p6_R50_Cob13_Cf36
Infinity 1509412 960
seed63_p6_R50_Cob7_Cf22
-534.5613892823667 1517331 507
seed64_p6_R50_Cob14_Cf42
Infinity 1515170 846
seed68_p6_R50_Cob9_Cf29
-570.0096617925026 1565482 225
seed75_p6_R50_Cob11_Cf24
-588.007521705716 1525859 179
seed77_p6_R50_Cob19_Cf32
Infinity 1506533 1206
seed78_p6_R50_Cob12_Cf22
-338.7618959989789 1544649 579
seed79_p6_R50_Cob4_Cf17
-83.85390028758809 1534635 419
seed80_p6_R50_Cob12_Cf31
-645.9982227941452 1570133 153
