seed50_p6_R50_Cob4_Cf17
-590.5128559883337 113118 0
seed52_p6_R50_Cob9_Cf20
-1076.3259346674758 52690 0
seed53_p6_R50_Cob2_Cf13
-364.38923244692177 51496 0
seed56_p6_R50_Cob14_Cf43
-640.131010907974 397631 0
seed57_p6_R50_Cob8_Cf23
-1336.0551681396498 44889 0
seed58_p6_R50_Cob19_Cf19
-414.44049873216096 111786 0
seed61_p6_R50_Cob13_Cf20
-183.46007049618245 65938 0
seed62_p6_R50_Cob13_Cf36
Infinity 0 0
seed63_p6_R50_Cob7_Cf22
-554.9014040317404 48789 0
seed64_p6_R50_Cob14_Cf42
Infinity 0 0
seed68_p6_R50_Cob9_Cf29
-602.898497419634 155426 0
seed75_p6_R50_Cob11_Cf24
-615.6811730279032 215425 0
seed77_p6_R50_Cob19_Cf32
Infinity 0 0
seed78_p6_R50_Cob12_Cf22
-356.45585228010685 137188 0
seed79_p6_R50_Cob4_Cf17
-144.63330614693874 65284 0
seed80_p6_R50_Cob12_Cf31
-674.777396234577 127437 0
seed90_p16_R1000_Cob243_Cf883
-20346.196188692316
0 0
seed48_p16_R50_Cob3_Cf63
-2070.7260433844403
0 0
seed498_p16_R500_Cob76_Cf551
-11249.676414056576
0 0
seed498_p16_R500_Cob95_Cf572
-14674.726822954448
0 0
seed498_p16_R1000_Cob281_Cf959
-23243.00949412142
0 0
seed498_p16_R1800_Cob511_Cf1296
-18280.47042777168
0 0
