seed0_p6_C30_nR2_oR40
1.3322012631875813 152 0
seed1_p6_C30_nR2_oR40
1.694387711702217 80 0
seed2_p6_C30_nR2_oR40
1.6981951279005838 64 0
seed3_p6_C30_nR2_oR40
0.33852727462930393 33 0
seed4_p6_C30_nR2_oR40
0.9041640975100151 49 0
seed5_p6_C30_nR2_oR40
0.20955404782409992 34 0
seed6_p6_C30_nR2_oR40
0.19300603264187915 17 0
seed7_p6_C30_nR2_oR40
1.5093914988337493 16 0
seed8_p6_C30_nR2_oR40
0.24741179453074716 32 0
seed9_p6_C30_nR2_oR40
0.5971363514543986 16 0
seed10_p6_C30_nR2_oR40
0.004473798399999595 33 0
seed11_p6_C30_nR2_oR40
0.6424346770198299 17 0
seed12_p6_C30_nR2_oR40
1.4736475242834794 16 0
seed13_p6_C30_nR2_oR40
0.30515464375384527 1 0
seed14_p6_C30_nR2_oR40
0.8442976204534831 36 0
seed15_p6_C30_nR2_oR40
0.62293501474705 49 0
seed16_p6_C30_nR2_oR40
1.0309350038339409 17 0
seed17_p6_C30_nR2_oR40
0.05155922026172832 17 0
seed18_p6_C30_nR2_oR40
0.49089350245249846 1 0
seed19_p6_C30_nR2_oR40
0.4426246558551922 18 0
seed20_p6_C30_nR2_oR40
0.7678570175111776 1 0
seed21_p6_C30_nR2_oR40
0.41154800516121504 1 0
seed22_p6_C30_nR2_oR40
0.42328694584380405 18 0
seed23_p6_C30_nR2_oR40
0.15521487025131658 19 0
seed24_p6_C30_nR2_oR40
0.2887555387470243 32 0
seed25_p6_C30_nR2_oR40
0.31531625901465477 31 0
seed26_p6_C30_nR2_oR40
0.7689467549156779 19 0
seed27_p6_C30_nR2_oR40
0.5336064709098239 18 0
seed28_p6_C30_nR2_oR40
0.15745543314176325 49 0
seed29_p6_C30_nR2_oR40
1.7202383970723438 35 0
