seed1_p16_C100_nR5_oR1000
2.1461386850288404 6974 39
seed2_p16_C100_nR5_oR1000
2.163564957268711 6721 121
seed3_p16_C100_nR5_oR1000
1.353246196107439 7450 117
seed4_p16_C100_nR5_oR1000
0.9821908380721963 6454 147
seed5_p16_C100_nR5_oR1000
3.167231574447595 6595 89
seed6_p16_C100_nR5_oR1000
3.5805354069545925 6438 140
seed7_p16_C100_nR5_oR1000
1.9348630740702042 6451 160
seed9_p16_C100_nR5_oR1000
2.3362633203440497 6624 232
seed10_p16_C100_nR5_oR1000
2.180466594208638 6815 151
seed11_p16_C100_nR5_oR1000
2.7898297574962894 6594 106
seed13_p16_C100_nR5_oR1000
2.5251082074204865 6501 181
seed14_p16_C100_nR5_oR1000
3.614071968348568 6645 192
seed16_p16_C100_nR5_oR1000
2.958293178285382 6408 231
seed17_p16_C100_nR5_oR1000
0.9089311950578297 6678 220
seed18_p16_C100_nR5_oR1000
3.3154912692211287 6713 147
seed19_p16_C100_nR5_oR1000
1.6968942212743066 6584 189
seed21_p16_C100_nR5_oR1000
2.2231805727449547 6390 181
seed23_p16_C100_nR5_oR1000
2.265395468434217 6400 176
seed24_p16_C100_nR5_oR1000
2.3947529357057364 6576 216
seed25_p16_C100_nR5_oR1000
2.600423996825474 6566 150
seed26_p16_C100_nR5_oR1000
5.0678820812213345 6861 222
seed27_p16_C100_nR5_oR1000
1.0654912920740336 6575 185
seed29_p16_C100_nR5_oR1000
1.6340942364262727 6949 120
seed30_p16_C100_nR5_oR1000
2.46861327580666 6650 146
seed31_p16_C100_nR5_oR1000
2.970615599015375 7749 181
seed32_p16_C100_nR5_oR1000
2.3405280826911317 6376 125
seed33_p16_C100_nR5_oR1000
2.0577339411697126 6460 212
seed34_p16_C100_nR5_oR1000
2.581063415814791 6641 99
seed35_p16_C100_nR5_oR1000
1.8405497188658895 6594 164
