data;
set C_bar :=  ;
set C :=  1 2 3 4 5 6 7 8 9 10 11 12 13 14 15 16 17 18 19 20 ;
set R := 0 1 2 ;
set C_r[0] :=  
1 2 3 ;
set C_r[1] :=  
4 5 6 7 8 ;
set C_r[2] :=  
9 10 11 12 13 14 15 16 17 18 19 20 ;
set S :=  0 1 2 3 4 5 6 7 8 9 10 11 12 13 14 15 16 17 18 19 20 21 22 23 24 25 26 27 28 29 30 31 32 33 34 35 36 37 38 39 40 41 42 43 44 45 46 47 48 49 50 51 52 53 ;
set S_u :=  0 1 2 3 4 5 6 7 8 9 10 11 12 13 14 15 16 17 18 19 20 21 22 23 24 25 26 27 28 29 30 31 32 33 34 35 36 37 38 39 40 41 42 43 44 45 46 47 48 49 50 51 52 53 ;
set Rack :=  0 1 2 3 4 5 6 7 8 9 10 11 12 13 14 15 16 17 ;
param COST : 0 1 2 3 4 5 6 7 8 9 10 11 12 13 14 15 16 17 18 19 20 21 22 23 24 25 26 27 28 29 30 31 32 33 34 35 36 37 38 39 40 41 42 43 44 45 46 47 48 49 50 51 52 53 :=
0 0 1 1 3 3 3 3 3 3 5 5 5 5 5 5 5 5 5 5 5 5 5 5 5 5 5 5 5 5 5 5 5 5 5 5 5 5 5 5 5 5 5 5 5 5 5 5 5 5 5 5 5 5 5 
1 1 0 1 3 3 3 3 3 3 5 5 5 5 5 5 5 5 5 5 5 5 5 5 5 5 5 5 5 5 5 5 5 5 5 5 5 5 5 5 5 5 5 5 5 5 5 5 5 5 5 5 5 5 5 
2 1 1 0 3 3 3 3 3 3 5 5 5 5 5 5 5 5 5 5 5 5 5 5 5 5 5 5 5 5 5 5 5 5 5 5 5 5 5 5 5 5 5 5 5 5 5 5 5 5 5 5 5 5 5 
3 3 3 3 0 1 1 3 3 3 5 5 5 5 5 5 5 5 5 5 5 5 5 5 5 5 5 5 5 5 5 5 5 5 5 5 5 5 5 5 5 5 5 5 5 5 5 5 5 5 5 5 5 5 5 
4 3 3 3 1 0 1 3 3 3 5 5 5 5 5 5 5 5 5 5 5 5 5 5 5 5 5 5 5 5 5 5 5 5 5 5 5 5 5 5 5 5 5 5 5 5 5 5 5 5 5 5 5 5 5 
5 3 3 3 1 1 0 3 3 3 5 5 5 5 5 5 5 5 5 5 5 5 5 5 5 5 5 5 5 5 5 5 5 5 5 5 5 5 5 5 5 5 5 5 5 5 5 5 5 5 5 5 5 5 5 
6 3 3 3 3 3 3 0 1 1 5 5 5 5 5 5 5 5 5 5 5 5 5 5 5 5 5 5 5 5 5 5 5 5 5 5 5 5 5 5 5 5 5 5 5 5 5 5 5 5 5 5 5 5 5 
7 3 3 3 3 3 3 1 0 1 5 5 5 5 5 5 5 5 5 5 5 5 5 5 5 5 5 5 5 5 5 5 5 5 5 5 5 5 5 5 5 5 5 5 5 5 5 5 5 5 5 5 5 5 5 
8 3 3 3 3 3 3 1 1 0 5 5 5 5 5 5 5 5 5 5 5 5 5 5 5 5 5 5 5 5 5 5 5 5 5 5 5 5 5 5 5 5 5 5 5 5 5 5 5 5 5 5 5 5 5 
9 5 5 5 5 5 5 5 5 5 0 1 1 3 3 3 3 3 3 5 5 5 5 5 5 5 5 5 5 5 5 5 5 5 5 5 5 5 5 5 5 5 5 5 5 5 5 5 5 5 5 5 5 5 5 
10 5 5 5 5 5 5 5 5 5 1 0 1 3 3 3 3 3 3 5 5 5 5 5 5 5 5 5 5 5 5 5 5 5 5 5 5 5 5 5 5 5 5 5 5 5 5 5 5 5 5 5 5 5 5 
11 5 5 5 5 5 5 5 5 5 1 1 0 3 3 3 3 3 3 5 5 5 5 5 5 5 5 5 5 5 5 5 5 5 5 5 5 5 5 5 5 5 5 5 5 5 5 5 5 5 5 5 5 5 5 
12 5 5 5 5 5 5 5 5 5 3 3 3 0 1 1 3 3 3 5 5 5 5 5 5 5 5 5 5 5 5 5 5 5 5 5 5 5 5 5 5 5 5 5 5 5 5 5 5 5 5 5 5 5 5 
13 5 5 5 5 5 5 5 5 5 3 3 3 1 0 1 3 3 3 5 5 5 5 5 5 5 5 5 5 5 5 5 5 5 5 5 5 5 5 5 5 5 5 5 5 5 5 5 5 5 5 5 5 5 5 
14 5 5 5 5 5 5 5 5 5 3 3 3 1 1 0 3 3 3 5 5 5 5 5 5 5 5 5 5 5 5 5 5 5 5 5 5 5 5 5 5 5 5 5 5 5 5 5 5 5 5 5 5 5 5 
15 5 5 5 5 5 5 5 5 5 3 3 3 3 3 3 0 1 1 5 5 5 5 5 5 5 5 5 5 5 5 5 5 5 5 5 5 5 5 5 5 5 5 5 5 5 5 5 5 5 5 5 5 5 5 
16 5 5 5 5 5 5 5 5 5 3 3 3 3 3 3 1 0 1 5 5 5 5 5 5 5 5 5 5 5 5 5 5 5 5 5 5 5 5 5 5 5 5 5 5 5 5 5 5 5 5 5 5 5 5 
17 5 5 5 5 5 5 5 5 5 3 3 3 3 3 3 1 1 0 5 5 5 5 5 5 5 5 5 5 5 5 5 5 5 5 5 5 5 5 5 5 5 5 5 5 5 5 5 5 5 5 5 5 5 5 
18 5 5 5 5 5 5 5 5 5 5 5 5 5 5 5 5 5 5 0 1 1 3 3 3 3 3 3 5 5 5 5 5 5 5 5 5 5 5 5 5 5 5 5 5 5 5 5 5 5 5 5 5 5 5 
19 5 5 5 5 5 5 5 5 5 5 5 5 5 5 5 5 5 5 1 0 1 3 3 3 3 3 3 5 5 5 5 5 5 5 5 5 5 5 5 5 5 5 5 5 5 5 5 5 5 5 5 5 5 5 
20 5 5 5 5 5 5 5 5 5 5 5 5 5 5 5 5 5 5 1 1 0 3 3 3 3 3 3 5 5 5 5 5 5 5 5 5 5 5 5 5 5 5 5 5 5 5 5 5 5 5 5 5 5 5 
21 5 5 5 5 5 5 5 5 5 5 5 5 5 5 5 5 5 5 3 3 3 0 1 1 3 3 3 5 5 5 5 5 5 5 5 5 5 5 5 5 5 5 5 5 5 5 5 5 5 5 5 5 5 5 
22 5 5 5 5 5 5 5 5 5 5 5 5 5 5 5 5 5 5 3 3 3 1 0 1 3 3 3 5 5 5 5 5 5 5 5 5 5 5 5 5 5 5 5 5 5 5 5 5 5 5 5 5 5 5 
23 5 5 5 5 5 5 5 5 5 5 5 5 5 5 5 5 5 5 3 3 3 1 1 0 3 3 3 5 5 5 5 5 5 5 5 5 5 5 5 5 5 5 5 5 5 5 5 5 5 5 5 5 5 5 
24 5 5 5 5 5 5 5 5 5 5 5 5 5 5 5 5 5 5 3 3 3 3 3 3 0 1 1 5 5 5 5 5 5 5 5 5 5 5 5 5 5 5 5 5 5 5 5 5 5 5 5 5 5 5 
25 5 5 5 5 5 5 5 5 5 5 5 5 5 5 5 5 5 5 3 3 3 3 3 3 1 0 1 5 5 5 5 5 5 5 5 5 5 5 5 5 5 5 5 5 5 5 5 5 5 5 5 5 5 5 
26 5 5 5 5 5 5 5 5 5 5 5 5 5 5 5 5 5 5 3 3 3 3 3 3 1 1 0 5 5 5 5 5 5 5 5 5 5 5 5 5 5 5 5 5 5 5 5 5 5 5 5 5 5 5 
27 5 5 5 5 5 5 5 5 5 5 5 5 5 5 5 5 5 5 5 5 5 5 5 5 5 5 5 0 1 1 3 3 3 3 3 3 5 5 5 5 5 5 5 5 5 5 5 5 5 5 5 5 5 5 
28 5 5 5 5 5 5 5 5 5 5 5 5 5 5 5 5 5 5 5 5 5 5 5 5 5 5 5 1 0 1 3 3 3 3 3 3 5 5 5 5 5 5 5 5 5 5 5 5 5 5 5 5 5 5 
29 5 5 5 5 5 5 5 5 5 5 5 5 5 5 5 5 5 5 5 5 5 5 5 5 5 5 5 1 1 0 3 3 3 3 3 3 5 5 5 5 5 5 5 5 5 5 5 5 5 5 5 5 5 5 
30 5 5 5 5 5 5 5 5 5 5 5 5 5 5 5 5 5 5 5 5 5 5 5 5 5 5 5 3 3 3 0 1 1 3 3 3 5 5 5 5 5 5 5 5 5 5 5 5 5 5 5 5 5 5 
31 5 5 5 5 5 5 5 5 5 5 5 5 5 5 5 5 5 5 5 5 5 5 5 5 5 5 5 3 3 3 1 0 1 3 3 3 5 5 5 5 5 5 5 5 5 5 5 5 5 5 5 5 5 5 
32 5 5 5 5 5 5 5 5 5 5 5 5 5 5 5 5 5 5 5 5 5 5 5 5 5 5 5 3 3 3 1 1 0 3 3 3 5 5 5 5 5 5 5 5 5 5 5 5 5 5 5 5 5 5 
33 5 5 5 5 5 5 5 5 5 5 5 5 5 5 5 5 5 5 5 5 5 5 5 5 5 5 5 3 3 3 3 3 3 0 1 1 5 5 5 5 5 5 5 5 5 5 5 5 5 5 5 5 5 5 
34 5 5 5 5 5 5 5 5 5 5 5 5 5 5 5 5 5 5 5 5 5 5 5 5 5 5 5 3 3 3 3 3 3 1 0 1 5 5 5 5 5 5 5 5 5 5 5 5 5 5 5 5 5 5 
35 5 5 5 5 5 5 5 5 5 5 5 5 5 5 5 5 5 5 5 5 5 5 5 5 5 5 5 3 3 3 3 3 3 1 1 0 5 5 5 5 5 5 5 5 5 5 5 5 5 5 5 5 5 5 
36 5 5 5 5 5 5 5 5 5 5 5 5 5 5 5 5 5 5 5 5 5 5 5 5 5 5 5 5 5 5 5 5 5 5 5 5 0 1 1 3 3 3 3 3 3 5 5 5 5 5 5 5 5 5 
37 5 5 5 5 5 5 5 5 5 5 5 5 5 5 5 5 5 5 5 5 5 5 5 5 5 5 5 5 5 5 5 5 5 5 5 5 1 0 1 3 3 3 3 3 3 5 5 5 5 5 5 5 5 5 
38 5 5 5 5 5 5 5 5 5 5 5 5 5 5 5 5 5 5 5 5 5 5 5 5 5 5 5 5 5 5 5 5 5 5 5 5 1 1 0 3 3 3 3 3 3 5 5 5 5 5 5 5 5 5 
39 5 5 5 5 5 5 5 5 5 5 5 5 5 5 5 5 5 5 5 5 5 5 5 5 5 5 5 5 5 5 5 5 5 5 5 5 3 3 3 0 1 1 3 3 3 5 5 5 5 5 5 5 5 5 
40 5 5 5 5 5 5 5 5 5 5 5 5 5 5 5 5 5 5 5 5 5 5 5 5 5 5 5 5 5 5 5 5 5 5 5 5 3 3 3 1 0 1 3 3 3 5 5 5 5 5 5 5 5 5 
41 5 5 5 5 5 5 5 5 5 5 5 5 5 5 5 5 5 5 5 5 5 5 5 5 5 5 5 5 5 5 5 5 5 5 5 5 3 3 3 1 1 0 3 3 3 5 5 5 5 5 5 5 5 5 
42 5 5 5 5 5 5 5 5 5 5 5 5 5 5 5 5 5 5 5 5 5 5 5 5 5 5 5 5 5 5 5 5 5 5 5 5 3 3 3 3 3 3 0 1 1 5 5 5 5 5 5 5 5 5 
43 5 5 5 5 5 5 5 5 5 5 5 5 5 5 5 5 5 5 5 5 5 5 5 5 5 5 5 5 5 5 5 5 5 5 5 5 3 3 3 3 3 3 1 0 1 5 5 5 5 5 5 5 5 5 
44 5 5 5 5 5 5 5 5 5 5 5 5 5 5 5 5 5 5 5 5 5 5 5 5 5 5 5 5 5 5 5 5 5 5 5 5 3 3 3 3 3 3 1 1 0 5 5 5 5 5 5 5 5 5 
45 5 5 5 5 5 5 5 5 5 5 5 5 5 5 5 5 5 5 5 5 5 5 5 5 5 5 5 5 5 5 5 5 5 5 5 5 5 5 5 5 5 5 5 5 5 0 1 1 3 3 3 3 3 3 
46 5 5 5 5 5 5 5 5 5 5 5 5 5 5 5 5 5 5 5 5 5 5 5 5 5 5 5 5 5 5 5 5 5 5 5 5 5 5 5 5 5 5 5 5 5 1 0 1 3 3 3 3 3 3 
47 5 5 5 5 5 5 5 5 5 5 5 5 5 5 5 5 5 5 5 5 5 5 5 5 5 5 5 5 5 5 5 5 5 5 5 5 5 5 5 5 5 5 5 5 5 1 1 0 3 3 3 3 3 3 
48 5 5 5 5 5 5 5 5 5 5 5 5 5 5 5 5 5 5 5 5 5 5 5 5 5 5 5 5 5 5 5 5 5 5 5 5 5 5 5 5 5 5 5 5 5 3 3 3 0 1 1 3 3 3 
49 5 5 5 5 5 5 5 5 5 5 5 5 5 5 5 5 5 5 5 5 5 5 5 5 5 5 5 5 5 5 5 5 5 5 5 5 5 5 5 5 5 5 5 5 5 3 3 3 1 0 1 3 3 3 
50 5 5 5 5 5 5 5 5 5 5 5 5 5 5 5 5 5 5 5 5 5 5 5 5 5 5 5 5 5 5 5 5 5 5 5 5 5 5 5 5 5 5 5 5 5 3 3 3 1 1 0 3 3 3 
51 5 5 5 5 5 5 5 5 5 5 5 5 5 5 5 5 5 5 5 5 5 5 5 5 5 5 5 5 5 5 5 5 5 5 5 5 5 5 5 5 5 5 5 5 5 3 3 3 3 3 3 0 1 1 
52 5 5 5 5 5 5 5 5 5 5 5 5 5 5 5 5 5 5 5 5 5 5 5 5 5 5 5 5 5 5 5 5 5 5 5 5 5 5 5 5 5 5 5 5 5 3 3 3 3 3 3 1 0 1 
53 5 5 5 5 5 5 5 5 5 5 5 5 5 5 5 5 5 5 5 5 5 5 5 5 5 5 5 5 5 5 5 5 5 5 5 5 5 5 5 5 5 5 5 5 5 3 3 3 3 3 3 1 1 0 
;
set S_rack[0] :=  
0 1 2 ;
set S_rack[1] :=  
3 4 5 ;
set S_rack[2] :=  
6 7 8 ;
set S_rack[3] :=  
9 10 11 ;
set S_rack[4] :=  
12 13 14 ;
set S_rack[5] :=  
15 16 17 ;
set S_rack[6] :=  
18 19 20 ;
set S_rack[7] :=  
21 22 23 ;
set S_rack[8] :=  
24 25 26 ;
set S_rack[9] :=  
27 28 29 ;
set S_rack[10] :=  
30 31 32 ;
set S_rack[11] :=  
33 34 35 ;
set S_rack[12] :=  
36 37 38 ;
set S_rack[13] :=  
39 40 41 ;
set S_rack[14] :=  
42 43 44 ;
set S_rack[15] :=  
45 46 47 ;
set S_rack[16] :=  
48 49 50 ;
set S_rack[17] :=  
51 52 53 ;
param CPU := 
0 28.0
1 28.0
2 28.0
3 56.0
4 56.0
5 56.0
6 56.0
7 56.0
8 56.0
9 28.0
10 28.0
11 28.0
12 28.0
13 28.0
14 28.0
15 28.0
16 28.0
17 28.0
18 28.0
19 28.0
20 28.0
21 28.0
22 28.0
23 28.0
24 28.0
25 28.0
26 28.0
27 28.0
28 28.0
29 28.0
30 28.0
31 28.0
32 28.0
33 28.0
34 28.0
35 28.0
36 44.0
37 44.0
38 44.0
39 28.0
40 28.0
41 28.0
42 28.0
43 28.0
44 28.0
45 28.0
46 28.0
47 28.0
48 28.0
49 28.0
50 28.0
51 28.0
52 28.0
53 28.0
;
param MEM := 
0 192.0
1 192.0
2 192.0
3 192.0
4 192.0
5 192.0
6 192.0
7 192.0
8 192.0
9 48.0
10 48.0
11 48.0
12 48.0
13 48.0
14 48.0
15 48.0
16 48.0
17 48.0
18 48.0
19 48.0
20 48.0
21 192.0
22 192.0
23 192.0
24 48.0
25 48.0
26 48.0
27 96.0
28 96.0
29 96.0
30 48.0
31 48.0
32 48.0
33 96.0
34 96.0
35 96.0
36 128.0
37 128.0
38 128.0
39 192.0
40 192.0
41 192.0
42 96.0
43 96.0
44 96.0
45 48.0
46 48.0
47 48.0
48 96.0
49 96.0
50 96.0
51 192.0
52 192.0
53 192.0
;
param DISK := 
0 192.0
1 192.0
2 192.0
3 192.0
4 192.0
5 192.0
6 192.0
7 192.0
8 192.0
9 48.0
10 48.0
11 48.0
12 48.0
13 48.0
14 48.0
15 48.0
16 48.0
17 48.0
18 48.0
19 48.0
20 48.0
21 192.0
22 192.0
23 192.0
24 48.0
25 48.0
26 48.0
27 96.0
28 96.0
29 96.0
30 48.0
31 48.0
32 48.0
33 96.0
34 96.0
35 96.0
36 128.0
37 128.0
38 128.0
39 192.0
40 192.0
41 192.0
42 96.0
43 96.0
44 96.0
45 48.0
46 48.0
47 48.0
48 96.0
49 96.0
50 96.0
51 192.0
52 192.0
53 192.0
;
param BDW_out := 
0 10.0
1 10.0
2 10.0
3 10.0
4 10.0
5 10.0
6 10.0
7 10.0
8 10.0
9 10.0
10 10.0
11 10.0
12 10.0
13 10.0
14 10.0
15 10.0
16 10.0
17 10.0
18 10.0
19 10.0
20 10.0
21 10.0
22 10.0
23 10.0
24 10.0
25 10.0
26 10.0
27 10.0
28 10.0
29 10.0
30 10.0
31 10.0
32 10.0
33 10.0
34 10.0
35 10.0
36 10.0
37 10.0
38 10.0
39 10.0
40 10.0
41 10.0
42 10.0
43 10.0
44 10.0
45 10.0
46 10.0
47 10.0
48 10.0
49 10.0
50 10.0
51 10.0
52 10.0
53 10.0
;
param BDW_in := 
0 10.0
1 10.0
2 10.0
3 10.0
4 10.0
5 10.0
6 10.0
7 10.0
8 10.0
9 10.0
10 10.0
11 10.0
12 10.0
13 10.0
14 10.0
15 10.0
16 10.0
17 10.0
18 10.0
19 10.0
20 10.0
21 10.0
22 10.0
23 10.0
24 10.0
25 10.0
26 10.0
27 10.0
28 10.0
29 10.0
30 10.0
31 10.0
32 10.0
33 10.0
34 10.0
35 10.0
36 10.0
37 10.0
38 10.0
39 10.0
40 10.0
41 10.0
42 10.0
43 10.0
44 10.0
45 10.0
46 10.0
47 10.0
48 10.0
49 10.0
50 10.0
51 10.0
52 10.0
53 10.0
;
param mem := 
1 4.0
2 4.0
3 32.0
4 4.0
5 4.0
6 4.0
7 8.0
8 64.0
9 16.0
10 16.0
11 16.0
12 16.0
13 16.0
14 4.0
15 32.0
16 4.0
17 32.0
18 4.0
19 32.0
20 16.0
;
param disk := 
1 16.0
2 16.0
3 50.0
4 16.0
5 16.0
6 16.0
7 24.0
8 64.0
9 36.0
10 36.0
11 36.0
12 36.0
13 36.0
14 16.0
15 43.2
16 16.0
17 43.2
18 16.0
19 43.2
20 36.0
;
param cpu : 
0 1 2 3 4 5 6 7 8 9 10 11 12 13 14 15 16 17 18 19 20 21 22 23 24 25 26 27 28 29 30 31 32 33 34 35 36 37 38 39 40 41 42 43 44 45 46 47 48 49 50 51 52 53 := 
1 2.0 2.0 2.0 2.0 2.0 2.0 2.0 2.0 2.0 2.0 2.0 2.0 2.0 2.0 2.0 2.0 2.0 2.0 2.0 2.0 2.0 2.0 2.0 2.0 2.0 2.0 2.0 2.380952380952381 2.380952380952381 2.380952380952381 2.0 2.0 2.0 2.380952380952381 2.380952380952381 2.380952380952381 2.272727272727273 2.272727272727273 2.272727272727273 2.0 2.0 2.0 2.380952380952381 2.380952380952381 2.380952380952381 2.0 2.0 2.0 2.380952380952381 2.380952380952381 2.380952380952381 2.0 2.0 2.0 
2 2.0 2.0 2.0 2.0 2.0 2.0 2.0 2.0 2.0 2.0 2.0 2.0 2.0 2.0 2.0 2.0 2.0 2.0 2.0 2.0 2.0 2.0 2.0 2.0 2.0 2.0 2.0 2.380952380952381 2.380952380952381 2.380952380952381 2.0 2.0 2.0 2.380952380952381 2.380952380952381 2.380952380952381 2.272727272727273 2.272727272727273 2.272727272727273 2.0 2.0 2.0 2.380952380952381 2.380952380952381 2.380952380952381 2.0 2.0 2.0 2.380952380952381 2.380952380952381 2.380952380952381 2.0 2.0 2.0 
3 8.0 8.0 8.0 8.0 8.0 8.0 8.0 8.0 8.0 8.0 8.0 8.0 8.0 8.0 8.0 8.0 8.0 8.0 8.0 8.0 8.0 8.0 8.0 8.0 8.0 8.0 8.0 9.523809523809524 9.523809523809524 9.523809523809524 8.0 8.0 8.0 9.523809523809524 9.523809523809524 9.523809523809524 9.090909090909092 9.090909090909092 9.090909090909092 8.0 8.0 8.0 9.523809523809524 9.523809523809524 9.523809523809524 8.0 8.0 8.0 9.523809523809524 9.523809523809524 9.523809523809524 8.0 8.0 8.0 
4 2.0 2.0 2.0 2.0 2.0 2.0 2.0 2.0 2.0 2.0 2.0 2.0 2.0 2.0 2.0 2.0 2.0 2.0 2.0 2.0 2.0 2.0 2.0 2.0 2.0 2.0 2.0 2.380952380952381 2.380952380952381 2.380952380952381 2.0 2.0 2.0 2.380952380952381 2.380952380952381 2.380952380952381 2.272727272727273 2.272727272727273 2.272727272727273 2.0 2.0 2.0 2.380952380952381 2.380952380952381 2.380952380952381 2.0 2.0 2.0 2.380952380952381 2.380952380952381 2.380952380952381 2.0 2.0 2.0 
5 2.0 2.0 2.0 2.0 2.0 2.0 2.0 2.0 2.0 2.0 2.0 2.0 2.0 2.0 2.0 2.0 2.0 2.0 2.0 2.0 2.0 2.0 2.0 2.0 2.0 2.0 2.0 2.380952380952381 2.380952380952381 2.380952380952381 2.0 2.0 2.0 2.380952380952381 2.380952380952381 2.380952380952381 2.272727272727273 2.272727272727273 2.272727272727273 2.0 2.0 2.0 2.380952380952381 2.380952380952381 2.380952380952381 2.0 2.0 2.0 2.380952380952381 2.380952380952381 2.380952380952381 2.0 2.0 2.0 
6 2.0 2.0 2.0 2.0 2.0 2.0 2.0 2.0 2.0 2.0 2.0 2.0 2.0 2.0 2.0 2.0 2.0 2.0 2.0 2.0 2.0 2.0 2.0 2.0 2.0 2.0 2.0 2.380952380952381 2.380952380952381 2.380952380952381 2.0 2.0 2.0 2.380952380952381 2.380952380952381 2.380952380952381 2.272727272727273 2.272727272727273 2.272727272727273 2.0 2.0 2.0 2.380952380952381 2.380952380952381 2.380952380952381 2.0 2.0 2.0 2.380952380952381 2.380952380952381 2.380952380952381 2.0 2.0 2.0 
7 2.0 2.0 2.0 2.0 2.0 2.0 2.0 2.0 2.0 2.0 2.0 2.0 2.0 2.0 2.0 2.0 2.0 2.0 2.0 2.0 2.0 2.0 2.0 2.0 2.0 2.0 2.0 2.380952380952381 2.380952380952381 2.380952380952381 2.0 2.0 2.0 2.380952380952381 2.380952380952381 2.380952380952381 2.272727272727273 2.272727272727273 2.272727272727273 2.0 2.0 2.0 2.380952380952381 2.380952380952381 2.380952380952381 2.0 2.0 2.0 2.380952380952381 2.380952380952381 2.380952380952381 2.0 2.0 2.0 
8 16.0 16.0 16.0 16.0 16.0 16.0 16.0 16.0 16.0 16.0 16.0 16.0 16.0 16.0 16.0 16.0 16.0 16.0 16.0 16.0 16.0 16.0 16.0 16.0 16.0 16.0 16.0 19.047619047619047 19.047619047619047 19.047619047619047 16.0 16.0 16.0 19.047619047619047 19.047619047619047 19.047619047619047 18.181818181818183 18.181818181818183 18.181818181818183 16.0 16.0 16.0 19.047619047619047 19.047619047619047 19.047619047619047 16.0 16.0 16.0 19.047619047619047 19.047619047619047 19.047619047619047 16.0 16.0 16.0 
9 4.0 4.0 4.0 4.0 4.0 4.0 4.0 4.0 4.0 4.0 4.0 4.0 4.0 4.0 4.0 4.0 4.0 4.0 4.0 4.0 4.0 4.0 4.0 4.0 4.0 4.0 4.0 4.761904761904762 4.761904761904762 4.761904761904762 4.0 4.0 4.0 4.761904761904762 4.761904761904762 4.761904761904762 4.545454545454546 4.545454545454546 4.545454545454546 4.0 4.0 4.0 4.761904761904762 4.761904761904762 4.761904761904762 4.0 4.0 4.0 4.761904761904762 4.761904761904762 4.761904761904762 4.0 4.0 4.0 
10 4.0 4.0 4.0 4.0 4.0 4.0 4.0 4.0 4.0 4.0 4.0 4.0 4.0 4.0 4.0 4.0 4.0 4.0 4.0 4.0 4.0 4.0 4.0 4.0 4.0 4.0 4.0 4.761904761904762 4.761904761904762 4.761904761904762 4.0 4.0 4.0 4.761904761904762 4.761904761904762 4.761904761904762 4.545454545454546 4.545454545454546 4.545454545454546 4.0 4.0 4.0 4.761904761904762 4.761904761904762 4.761904761904762 4.0 4.0 4.0 4.761904761904762 4.761904761904762 4.761904761904762 4.0 4.0 4.0 
11 4.0 4.0 4.0 4.0 4.0 4.0 4.0 4.0 4.0 4.0 4.0 4.0 4.0 4.0 4.0 4.0 4.0 4.0 4.0 4.0 4.0 4.0 4.0 4.0 4.0 4.0 4.0 4.761904761904762 4.761904761904762 4.761904761904762 4.0 4.0 4.0 4.761904761904762 4.761904761904762 4.761904761904762 4.545454545454546 4.545454545454546 4.545454545454546 4.0 4.0 4.0 4.761904761904762 4.761904761904762 4.761904761904762 4.0 4.0 4.0 4.761904761904762 4.761904761904762 4.761904761904762 4.0 4.0 4.0 
12 4.0 4.0 4.0 4.0 4.0 4.0 4.0 4.0 4.0 4.0 4.0 4.0 4.0 4.0 4.0 4.0 4.0 4.0 4.0 4.0 4.0 4.0 4.0 4.0 4.0 4.0 4.0 4.761904761904762 4.761904761904762 4.761904761904762 4.0 4.0 4.0 4.761904761904762 4.761904761904762 4.761904761904762 4.545454545454546 4.545454545454546 4.545454545454546 4.0 4.0 4.0 4.761904761904762 4.761904761904762 4.761904761904762 4.0 4.0 4.0 4.761904761904762 4.761904761904762 4.761904761904762 4.0 4.0 4.0 
13 4.0 4.0 4.0 4.0 4.0 4.0 4.0 4.0 4.0 4.0 4.0 4.0 4.0 4.0 4.0 4.0 4.0 4.0 4.0 4.0 4.0 4.0 4.0 4.0 4.0 4.0 4.0 4.761904761904762 4.761904761904762 4.761904761904762 4.0 4.0 4.0 4.761904761904762 4.761904761904762 4.761904761904762 4.545454545454546 4.545454545454546 4.545454545454546 4.0 4.0 4.0 4.761904761904762 4.761904761904762 4.761904761904762 4.0 4.0 4.0 4.761904761904762 4.761904761904762 4.761904761904762 4.0 4.0 4.0 
14 2.0 2.0 2.0 2.0 2.0 2.0 2.0 2.0 2.0 2.0 2.0 2.0 2.0 2.0 2.0 2.0 2.0 2.0 2.0 2.0 2.0 2.0 2.0 2.0 2.0 2.0 2.0 2.380952380952381 2.380952380952381 2.380952380952381 2.0 2.0 2.0 2.380952380952381 2.380952380952381 2.380952380952381 2.272727272727273 2.272727272727273 2.272727272727273 2.0 2.0 2.0 2.380952380952381 2.380952380952381 2.380952380952381 2.0 2.0 2.0 2.380952380952381 2.380952380952381 2.380952380952381 2.0 2.0 2.0 
15 8.0 8.0 8.0 8.0 8.0 8.0 8.0 8.0 8.0 8.0 8.0 8.0 8.0 8.0 8.0 8.0 8.0 8.0 8.0 8.0 8.0 8.0 8.0 8.0 8.0 8.0 8.0 9.523809523809524 9.523809523809524 9.523809523809524 8.0 8.0 8.0 9.523809523809524 9.523809523809524 9.523809523809524 9.090909090909092 9.090909090909092 9.090909090909092 8.0 8.0 8.0 9.523809523809524 9.523809523809524 9.523809523809524 8.0 8.0 8.0 9.523809523809524 9.523809523809524 9.523809523809524 8.0 8.0 8.0 
16 2.0 2.0 2.0 2.0 2.0 2.0 2.0 2.0 2.0 2.0 2.0 2.0 2.0 2.0 2.0 2.0 2.0 2.0 2.0 2.0 2.0 2.0 2.0 2.0 2.0 2.0 2.0 2.380952380952381 2.380952380952381 2.380952380952381 2.0 2.0 2.0 2.380952380952381 2.380952380952381 2.380952380952381 2.272727272727273 2.272727272727273 2.272727272727273 2.0 2.0 2.0 2.380952380952381 2.380952380952381 2.380952380952381 2.0 2.0 2.0 2.380952380952381 2.380952380952381 2.380952380952381 2.0 2.0 2.0 
17 8.0 8.0 8.0 8.0 8.0 8.0 8.0 8.0 8.0 8.0 8.0 8.0 8.0 8.0 8.0 8.0 8.0 8.0 8.0 8.0 8.0 8.0 8.0 8.0 8.0 8.0 8.0 9.523809523809524 9.523809523809524 9.523809523809524 8.0 8.0 8.0 9.523809523809524 9.523809523809524 9.523809523809524 9.090909090909092 9.090909090909092 9.090909090909092 8.0 8.0 8.0 9.523809523809524 9.523809523809524 9.523809523809524 8.0 8.0 8.0 9.523809523809524 9.523809523809524 9.523809523809524 8.0 8.0 8.0 
18 2.0 2.0 2.0 2.0 2.0 2.0 2.0 2.0 2.0 2.0 2.0 2.0 2.0 2.0 2.0 2.0 2.0 2.0 2.0 2.0 2.0 2.0 2.0 2.0 2.0 2.0 2.0 2.380952380952381 2.380952380952381 2.380952380952381 2.0 2.0 2.0 2.380952380952381 2.380952380952381 2.380952380952381 2.272727272727273 2.272727272727273 2.272727272727273 2.0 2.0 2.0 2.380952380952381 2.380952380952381 2.380952380952381 2.0 2.0 2.0 2.380952380952381 2.380952380952381 2.380952380952381 2.0 2.0 2.0 
19 8.0 8.0 8.0 8.0 8.0 8.0 8.0 8.0 8.0 8.0 8.0 8.0 8.0 8.0 8.0 8.0 8.0 8.0 8.0 8.0 8.0 8.0 8.0 8.0 8.0 8.0 8.0 9.523809523809524 9.523809523809524 9.523809523809524 8.0 8.0 8.0 9.523809523809524 9.523809523809524 9.523809523809524 9.090909090909092 9.090909090909092 9.090909090909092 8.0 8.0 8.0 9.523809523809524 9.523809523809524 9.523809523809524 8.0 8.0 8.0 9.523809523809524 9.523809523809524 9.523809523809524 8.0 8.0 8.0 
20 4.0 4.0 4.0 4.0 4.0 4.0 4.0 4.0 4.0 4.0 4.0 4.0 4.0 4.0 4.0 4.0 4.0 4.0 4.0 4.0 4.0 4.0 4.0 4.0 4.0 4.0 4.0 4.761904761904762 4.761904761904762 4.761904761904762 4.0 4.0 4.0 4.761904761904762 4.761904761904762 4.761904761904762 4.545454545454546 4.545454545454546 4.545454545454546 4.0 4.0 4.0 4.761904761904762 4.761904761904762 4.761904761904762 4.0 4.0 4.0 4.761904761904762 4.761904761904762 4.761904761904762 4.0 4.0 4.0 
;
set c_0 := 0;
param d := 
[0,*,*] : 
0 1 2 3 := 
0 0 6.752E-4 0 0 
1 0.715712 0 6.752E-4 0 
2 0 0.00357856 0 6.752E-4 
3 0 0 0.00715712 0 
[1,*,*] : 
0 4 5 6 7 8 := 
0 0 0.0011986666666666667 0.0011986666666666667 0.0011986666666666667 0 0 
4 1.2705866666666665 0 0 0 0.0011986666666666667 0 
5 1.2705866666666665 0 0 0 0.0011986666666666667 0 
6 1.2705866666666665 0 0 0 0.0011986666666666667 0 
7 0 0.006352933333333332 0.006352933333333332 0.006352933333333332 0 0.003596 
8 0 0 0 0 0.08767047999999998 0 
[2,*,*] : 
0 9 10 11 12 13 14 15 16 17 18 19 20 := 
0 0 4.878666666666667E-4 4.878666666666667E-4 4.878666666666667E-4 4.878666666666667E-4 4.878666666666667E-4 0 0 0 0 0 0 4.878666666666667E-4 
9 0.5171386666666666 0 0 0 0 0 1.6262222222222222E-4 0 1.6262222222222222E-4 0 1.6262222222222222E-4 0 0 
10 0.5171386666666666 0 0 0 0 0 1.6262222222222222E-4 0 1.6262222222222222E-4 0 1.6262222222222222E-4 0 0 
11 0.5171386666666666 0 0 0 0 0 1.6262222222222222E-4 0 1.6262222222222222E-4 0 1.6262222222222222E-4 0 0 
12 0.5171386666666666 0 0 0 0 0 1.6262222222222222E-4 0 1.6262222222222222E-4 0 1.6262222222222222E-4 0 0 
13 0.5171386666666666 0 0 0 0 0 1.6262222222222222E-4 0 1.6262222222222222E-4 0 1.6262222222222222E-4 0 0 
14 0 8.618977777777778E-4 8.618977777777778E-4 8.618977777777778E-4 8.618977777777778E-4 8.618977777777778E-4 0 3.2524444444444444E-4 0 3.2524444444444444E-4 0 3.2524444444444444E-4 8.618977777777778E-4 
15 0 0 0 0 0 0 0.01430750311111111 0 0.01430750311111111 0 0.01430750311111111 0 0 
16 0 8.618977777777778E-4 8.618977777777778E-4 8.618977777777778E-4 8.618977777777778E-4 8.618977777777778E-4 0 3.2524444444444444E-4 0 3.2524444444444444E-4 0 3.2524444444444444E-4 8.618977777777778E-4 
17 0 0 0 0 0 0 0.01430750311111111 0 0.01430750311111111 0 0.01430750311111111 0 0 
18 0 8.618977777777778E-4 8.618977777777778E-4 8.618977777777778E-4 8.618977777777778E-4 8.618977777777778E-4 0 3.2524444444444444E-4 0 3.2524444444444444E-4 0 3.2524444444444444E-4 8.618977777777778E-4 
19 0 0 0 0 0 0 0.01430750311111111 0 0.01430750311111111 0 0.01430750311111111 0 0 
20 0.5171386666666666 0 0 0 0 0 1.6262222222222222E-4 0 1.6262222222222222E-4 0 1.6262222222222222E-4 0 0 
;
param x_bar : 0 1 2 3 4 5 6 7 8 9 10 11 12 13 14 15 16 17 18 19 20 21 22 23 24 25 26 27 28 29 30 31 32 33 34 35 36 37 38 39 40 41 42 43 44 45 46 47 48 49 50 51 52 53  := 
0 0 0 0 0 0 0 0 0 0 0 0 0 0 0 0 0 0 0 0 0 0 0 0 0 0 0 0 0 0 0 0 0 0 0 0 0 0 0 0 0 0 0 0 0 0 0 0 0 0 0 0 0 0 0 
;
