seed200_p6_R70_Cob24_Cf69
-703.8658616101865 1801 -765.5287178409434 1884 -768.9785882810352 1887 -774.4841823818622 2438 -776.5628183222346 2472 -780.0126887623264 2474 -782.0913247026989 2571 -784.5140352140793 2577 -786.5926711544518 2665 -790.8963506916543 2710 -792.9749866320268 2969 -804.8173763354296 3155 -806.7760602553744 3219 -809.5002760111208 3240 -815.6791939813821 3275 -817.8205918517681 3296 -820.3620936570734 3305 -822.5034915274593 3360 -825.2364715814394 3604 -827.3778694518254 3694 -829.5750348456288 3768 -832.5398593815603 3832 -835.1935486258261 3898 -837.8472378700919 3955 -839.0385408034252 3997 -847.1286251000678 4045 -850.790532265983 4084 -862.8014063833233 4185 -863.9147569260872 4439 -864.9417065156177 4440 -866.0550570583816 4518 -867.0820066479122 4521 -868.1953571906761 4590 -882.3503567014747 4637 -883.9597693182784 4693 END
seed201_p6_R70_Cob12_Cf50
-1147.1503510875093 1505 -1149.7536097357493 1507 -1154.7278386577768 1512 -1158.729203790508 1545 -1201.0287723319539 1552 -1202.8673747319538 1571 -1205.4706333801937 1573 -1210.4448623022213 1579 -1214.4462274349526 1625 -1219.8249609230634 1632 -1223.86231740522 2179 -1228.4687661686976 2231 -1229.8851577564033 2309 -1230.916598834493 2312 -1232.2543084884012 2349 -1234.8575671366411 2351 -1236.696169536641 2423 -1238.3437480040918 2427 -1240.1823504040917 3141 -1241.4269796911844 3254 -1243.2655820911843 3281 -1244.7849253965298 3308 -1246.6235277965297 3331 -1248.5727681965298 3394 -1250.8761262526439 3464 -1251.9516617193106 3546 -1253.0271971859772 3604 -1254.102732652644 3635 -1271.124423076225 4584 -1272.2033346277242 4616 -1278.5318227997855 4617 -1279.6107343512847 4650 -1280.8637156677485 4702 -1282.3653386967276 4728 -1283.6183200131914 4767 -1285.6308151356209 4804 END
seed202_p6_R70_Cob7_Cf49
-872.8882717492552 1200 -875.6038914509674 1248 -886.3026938408739 1282 -888.4676400171194 1317 -924.1726929628115 1338 -929.1346509297573 1349 -937.6622991595332 1383 -942.6242571264789 1397 -943.3454365827041 1408 -944.5088966262076 1785 -949.4708545931534 1796 -952.0782073838939 1803 -953.2416674273974 1836 -958.2036253943431 1862 -960.6559730312048 1862 -961.8194330747083 1913 -966.781391041654 1925 -970.4163700058831 1987 -971.5798300493866 2467 -976.5417880163324 2475 -977.7052480598359 2529 -979.945827320577 2568 -981.1092873640805 2597 -982.1319925760515 2669 -983.295452619555 2715 -984.318157831526 2847 -985.4816178750295 2871 -986.645077918533 3403 -987.6723349851998 3469 -988.7930486385364 3481 -989.8203057052032 3509 -990.9410193585398 3519 -991.9682764252066 3544 -993.0384264958634 3560 -994.0656835625301 3578 -995.135833633187 3595 -996.1630906998537 3611 -997.4840413665204 3656 -1001.4529261764801 300702 END
seed203_p6_R70_Cob16_Cf59
-766.0973265531967 2403 -768.2901209598463 2696 -776.802749492933 3392 -793.3228461256703 3400 -794.7470324400284 3417 -796.939826846678 3533 -805.4524553797647 3555 -806.8766416941229 3583 -809.0694361007725 4140 -813.4275799312653 4144 -814.3500889050845 4166 -814.5699517851122 4167 -815.7742752194426 4178 -817.044560652273 4202 -823.2705446032725 4215 -824.4129164571193 4248 -825.614187689996 4263 -826.8875253242802 4806 -831.3249727956277 4849 -832.4673446494745 4882 -833.6686158823512 4895 -834.9419535166354 4917 -838.9680225058352 4941 -840.3495262975833 4942 -841.4918981514302 4964 -842.6931693843069 4977 -843.9665070185911 5001 -847.9925760077907 5025 -849.1349478616376 5085 -850.3362190945143 5123 -851.6095567287985 5143 -852.7519285826453 5189 -853.953199815522 5200 -854.9895327516722 5219 -856.131904605519 5698 -857.3331758383957 5708 -858.3695087745459 5727 -859.5118806283928 5754 -860.7131518612695 5764 -861.8555237151163 5817 -862.9032264152452 5828 -863.986104280055 5851 -865.1284761339018 5874 -866.1761788340307 5885 -867.2696791647184 5936 -868.9733569305105 5940 -870.0668572611982 5972 -871.071342787344 5978 -872.1648431180316 6005 -879.5667899829809 6016 -891.7634765865616 6016 -892.9058484404085 6028 -894.0482202942553 6346 -895.141720624943 6420 -896.3033182956955 6467 END
seed204_p6_R70_Cob22_Cf79
-1766.1739022668835 2036 -1830.2936767444396 2110 -1852.0660806010437 2263 -1863.8395047050055 2786 -1865.7281725689895 2843 -1872.6481771193298 2856 -1875.905001292199 2895 -1889.0288964017432 3049 -1897.1461139120352 3099 -1898.155538184962 3747 -1913.4693459503649 3748 -1914.4787702232918 3820 -1915.9426333017252 3901 -1916.9520575746521 4281 -1918.4159206530855 4363 -1919.4253449260125 4405 -1937.2842645230844 4412 -1938.293048549574 4484 -1939.6952575695034 4551 -1941.0026772500946 4565 -1942.0114612765842 4618 -1943.7136102279128 4698 -1944.7223942544024 4745 -1950.9057162717218 4790 -1951.9169014503125 4860 -1952.925685476802 5390 -1953.9344695032917 5462 -1954.9432535297813 5521 -1956.2431115002476 5581 -1957.2529664070737 5629 -1958.6897635090893 5680 -1960.2284017658963 5729 -1961.7670400227032 5792 -1962.9329076934723 5839 -1964.0987753642414 5879 -1965.1086302710676 5901 -1966.3669908799407 5932 END
seed205_p6_R70_Cob11_Cf46
-481.93207178067775 538 -485.81468162411306 549 -541.2055973405478 560 -552.0038179848477 595 -553.1481948737367 604 -557.0308047171719 611 -567.0628170336091 629 -568.207193922498 656 -572.0898037659333 902 -574.028264551894 987 -574.7249032173838 1007 -574.8534920124436 1018 -575.0590977963385 1021 -576.4216037118282 1022 -577.5659806007171 1036 -579.9906815879475 1053 -580.6365979869415 1072 -581.7809748758305 1083 -583.271697438392 1259 -584.416074327281 1312 -585.9067968898426 1326 -587.0511737787315 1343 -589.2007576540404 1360 -590.3451345429294 1373 -591.4435039226194 1391 -592.5878808115083 1399 -594.0346189308891 1417 -595.178995819778 1424 -596.6257339391589 1464 -597.7701108280478 1470 -599.4723714502701 1505 -601.233273519101 1546 -611.651942069111 300187 -618.1301250048216 300197 -621.9668692972726 300202 END
seed206_p6_R70_Cob14_Cf68
-1320.2406911498997 1373 -1323.3507254759802 1376 -1373.3342330600628 1781 -1374.8287788236216 1783 -1400.804416791046 1788 -1402.6425623973041 1841 -1405.7525967233846 1842 -1412.3065824322873 1864 -1455.7361043074673 1869 -1457.230650071026 1871 -1459.0687956772842 2220 -1462.1788300033647 2221 -1481.2281444560847 2312 -1482.2835080794725 2313 -1483.534568344773 2358 -1484.77759707399 2363 -1487.88985217856 2368 -1489.9029376106237 2388 -1495.8357347644492 2458 -1497.4815591145148 2459 -1498.0033707042285 2896 -1500.4574616420498 2951 -1503.4209783701717 2963 -1507.8763461938345 3006 -1513.8157654494914 3066 -1518.7639453818301 3659 -1520.4097697318957 3719 -1523.1754948368496 3735 -1524.8213191869152 3779 -1581.4671435369808 3908 -1582.5225071603686 4030 -1583.5778707837565 4084 -1584.8132950936863 4136 -1586.3040248003529 4177 -1590.9381602182386 4217 -1592.4383593152038 4276 -1594.061461991603 4311 -1595.6845646680022 4337 END
seed207_p6_R70_Cob8_Cf33
215.0736357784963 611 212.6704051310749 625 209.49722054684037 625 197.37537271687563 627 150.78073976157415 629 149.2531231423604 649 146.84989249493898 651 143.67670791070447 651 131.55486008073973 654 130.02724346152598 714 127.62401281410456 716 124.45082822987003 717 79.21818972346296 1087 63.740528691911464 1092 59.992310042628546 1175 58.41947926880831 1202 56.10241072603369 1203 54.87472716199264 1209 42.22259694218937 1212 23.25624197482935 1220 8.067445817042938 1244 4.030362293994925 1849 2.2006477351599756 1851 0.9153252265195206 1877 -11.273871808502266 1880 -13.103586367337215 1882 -26.462667966288677 1885 -30.49975148933669 1912 -32.32946604817164 1915 -36.36654957121965 1955 -38.314290896304904 1958 -42.351374419352915 1994 -43.981788563148015 2019 -48.018872086196026 2034 -49.14222492863224 2068 -53.17930845168025 2075 -57.508037825889495 2113 -59.2719943649178 2689 -61.99909449709834 2705 -63.76305103612664 2720 -68.70598614768505 2732 -70.46994268671335 2747 -72.8425131311578 2779 -74.2644145926069 2808 END
seed208_p6_R70_Cob19_Cf65
101.34953228233499 910 -245.6880079497118 1117 -305.56068730327047 1186 -321.0063201524019 1201 -376.6630886352373 1205 -378.04953535056575 1271 -393.49516819969716 1273 -398.0660621437531 1287 -399.45250885908155 1767 -414.89814170821296 1769 -416.68006747708637 1805 -418.06651419241484 1867 -433.51214704154626 1869 -434.89859375687473 1927 -442.81914970821293 1964 -445.9586330389215 1969 -447.34507975425 2003 -455.2656357055882 2026 -458.45863252035724 2188 -459.8450792356857 2192 -467.7656351870239 2208 -469.1520819023524 2227 -471.5057613772375 2272 -473.0182431472758 2307 -475.1245575025604 2352 -513.2093938457156 2387 -517.2809422235688 300452 -523.7700373740704 300466 -527.8415857519236 300485 -530.2108035297014 300490 -531.5231346842837 300495 END
seed209_p6_R70_Cob12_Cf63
END
seed210_p6_R70_Cob15_Cf68
-1115.2139991347326 798 -1204.9482944230845 815 -1230.1345049894521 824 -1249.1018902033563 918 -1262.3459787365218 966 -1263.6567255695682 983 -1270.541132012922 1171 -1294.315526546274 1188 -1295.348684306274 1308 -1296.6594311393203 1366 -1303.543837582674 1872 -1304.576995342674 1949 -1305.8877421757204 1955 -1308.7641003313981 2226 -1309.7972580913981 2262 -1311.1080049244445 2267 -1312.72662155582 2356 -1314.0307806779688 2433 -1315.6493973093443 2447 -1316.953556431493 2525 -1318.5721730628686 2537 -1320.8651673017391 2625 -1321.867902006501 2962 -1323.370316521621 2965 -1324.3730512263828 3005 -1325.5412208399155 3008 -1327.6788163476008 3047 -1329.0647868145243 3089 -1330.4507572814477 3130 -1331.687279990805 3235 -1332.9875900312984 3271 -1334.2879000717917 3310 -1335.2915354740644 3340 -1336.2951708763371 3619 END
seed211_p6_R70_Cob15_Cf39
-511.7395590321281 740 -570.4460363950809 748 -582.2414905495281 751 -636.9361038882166 759 -639.3423225264683 832 -651.1377766809154 842 -652.6562447904331 858 -654.8682176384502 912 -656.3448480759611 1508 -657.6122032092532 1569 -658.7510667142126 1571 -670.5465208686599 1574 -670.5883585406667 1579 -672.0649889781774 1599 -674.2769618261947 1613 -675.7399114143125 1638 -677.0209473969976 1643 -689.997102728411 2163 -691.4600523165288 2192 -692.741088299214 2196 -701.4366281440293 2226 -702.8995777321471 2247 -704.1806137148322 2252 -705.64356330295 2331 -707.5945470896168 2713 -709.3341449903028 2782 -710.6707528719761 3311 -711.7242948453094 3312 -713.0609027269827 3363 -714.114444700316 3364 -715.9117716364533 3396 -716.9125318406955 3422 END
seed212_p6_R70_Cob19_Cf62
-585.7345926113893 1183 -606.3925956827621 1228 -610.0330754988906 1491 -621.4031103111846 1603 -625.0435901273131 1620 -631.164577583822 2338 -633.2062511963384 2389 -637.7559279697412 2476 -639.7976015822575 2543 -641.6687883703494 2584 -644.4196136259523 2585 -645.3092681864779 2598 -646.4612872384686 2600 -656.9071779733075 3027 -658.9488515858238 3086 -660.9485200172815 3121 -662.9901936297978 3246 -665.2391575951506 3298 -667.4881215605034 3349 -668.449124115781 3480 -669.6177514693677 3518 -671.0508136919096 3520 -672.490466159755 3541 -673.6590935133416 3559 -675.0921557358836 3561 -677.0328743622346 3584 -678.2015017158212 3598 -679.6345639383632 3599 -682.7076400652832 3631 -685.0232708087432 3663 -686.1835404853481 3684 -688.4991712288081 3719 -690.7533883412852 3782 -692.7618704746186 3852 -693.8878839657964 3861 -695.8963660991298 3878 -697.568687521352 3905 -698.6304291594472 3927 -699.6921707975424 3969 -735.4116473106858 3976 -736.473388948781 3991 -747.835259978768 4435 -749.1902911734015 300420 -752.4308052169222 300420 -753.7858364115557 300423 -755.2630176525097 300510 -756.8194547911958 300512 -758.3758919298818 300521 -759.6937845789961 300528 -761.704204054777 300534 -763.714623530558 300538 -765.0201801443471 300541 -766.3257367581363 300543 END
seed213_p6_R70_Cob21_Cf55
-972.3606394765815 565 -990.0403467828239 574 -997.5957080106156 576 -1000.5718119127475 598 -1004.4578018858226 635 -1012.0131631136143 636 -1013.8735925521217 862 -1015.8566278747235 876 -1045.1987863395154 906 -1123.4647570429213 910 -1128.1034861495705 950 -1149.5688222330125 990 -1160.0981997819044 1186 -1162.176103510718 1188 -1163.9862773360112 1217 -1174.5156548849031 1253 -1176.5935586137166 1254 -1187.1229361626085 1316 -1193.4380697351448 1377 -1196.2220379473024 1397 -1202.5371715198387 1420 -1204.3430368957995 1439 -1210.6581704683358 1532 -1211.6777129283332 1577 -1214.0308528041023 1594 -1215.0503952640997 1614 -1216.0565800665263 1633 -1217.0761225265237 1653 -1218.49010097008 1691 -1219.7173692875892 1727 -1220.862204862086 1773 -1222.0070404365827 1807 -1224.4032736368283 1833 END
seed214_p6_R70_Cob14_Cf28
-892.9897058849638 665 -899.4992684456656 1033 -901.0456588690233 1066 -902.8535017232359 1139 -907.9299505847223 1156 -908.9620354913889 1182 -910.3395604371149 1196 -912.5157509058744 1207 -913.5478358125409 1241 -914.925360758267 1245 -915.9574456649335 1667 -921.2563067540669 1671 -922.2883916607335 1732 -923.9274808556798 1751 -924.9595657623464 1774 -926.197542062181 1815 -928.0053849163936 1849 -929.0447383817161 1876 -930.0840918470386 1899 -931.2523901511045 300083 -932.4206884551703 300103 -934.0019560086063 300111 END
seed215_p6_R70_Cob18_Cf49
-456.9626088155404 538 -459.33374651541175 561 -464.695780248284 577 -564.092610258278 596 -616.6487048054822 601 -617.9099460753235 635 -619.0198425053536 701 -628.2285083537672 734 -727.6253383637612 751 -728.8865796336025 778 -729.9964760636326 788 -739.2051419120462 800 -758.133188579161 1017 -759.3944298490023 1037 -760.5043262790324 1047 -769.712992127446 1060 -770.9742333972873 1112 -772.0841298273174 1124 -784.2653023438736 1156 -785.5265436137149 1190 -786.636440043745 1200 -788.2515644414783 1289 -789.3551306681891 1300 -792.4837445897319 1349 -794.2187785426693 1457 -796.7444149604656 1497 END
seed216_p6_R70_Cob18_Cf84
-907.4770878143387 1399 -909.5967346829085 1432 -923.724823882387 1437 -932.73545780811 1459 -955.8462896066623 1479 -957.9659364752321 1490 -972.0940256747106 1496 -1062.5782613190288 1552 -1074.5207083927517 1563 -1077.0726647905776 1588 -1079.1566823905775 1941 -1084.7980571639857 1981 -1086.8820747639857 2026 -1088.9724546903747 2089 -1090.3617997570414 2133 -1091.751144823708 2231 -1092.9219024824877 2317 -1093.9429924134956 2381 -1094.9640823445036 2841 -1096.0755583978369 2883 -1097.0966483288448 2953 -1098.1204590386828 3009 END
seed217_p6_R70_Cob24_Cf52
-1241.1906641343223 1113 -1384.4969719007051 1138 -1393.586545558705 1206 -1395.1850710767128 1254 -1396.4467314955045 1611 -1397.5439850968867 1655 -1398.8056455156784 1723 -1400.0673059344701 1794 -1401.5464156287696 1840 -1403.001141132063 1870 -1403.0832893176585 2178 -1405.6159249192262 2259 -1407.2132163185036 2277 -1408.9092550979399 2316 -1410.5065464972172 2334 -1411.80436280595 2402 -1413.0020061759035 2418 -1414.2998224846363 2459 -1415.4974658545898 2475 -1416.7952821633226 2514 -1417.8564777363504 2539 -1419.1542940450831 2567 -1420.452110353816 3036 -1421.7499266625487 3119 -1423.0477429712814 3198 -1424.526852665581 3262 -1425.8641411011654 3312 -1428.0534891608177 3367 -1429.6641102274843 3408 -1431.3906719855397 3460 -1432.7888321876294 3490 -1435.924964617094 300129 -1445.7783944718537 300130 -1448.9145269013184 300133 -1475.6539097684242 300188 END
seed218_p6_R70_Cob9_Cf60
-772.5186130630346 1411 -777.4920183871241 1414 -859.5487807105703 1466 -864.7527799134338 1503 -871.8902286123373 1518 -876.5037612045895 2034 -880.1219241534064 2043 -890.747816087206 2074 -902.326718826493 2113 -910.3243794344968 2190 -918.845045647875 2219 -922.7271014866967 2771 -924.7522142750179 2820 -926.6582489059992 2823 -930.9294802588935 2845 -932.9545930472146 2868 -934.860627678196 2871 -936.8857404665172 2916 -938.2116543002153 2919 -940.2367670885365 2968 -941.2796827290564 2977 -943.3047955173776 3023 -944.4828629827347 3697 -946.5079757710558 3736 -947.0880485331867 3765 -948.2862570305399 3778 -950.3113698188611 3789 -950.9518261081541 3801 -952.9769388964753 3824 -955.2101924004121 3839 -957.2353051887333 3854 -958.7851136297644 3876 -960.8102264180856 3885 -962.8353392064067 3911 -965.192968403487 3937 -966.3797166955715 4399 -966.9856960030013 300743 -976.4268057559092 300743 -980.6851720481671 300743 -981.7774358128603 300745 -982.8696995775534 300748 END
seed220_p6_R70_Cob33_Cf54
-1485.8764566054379 1126 -1493.5260404144353 1155 -1505.2515514672998 1207 -1566.9470792760487 1207 -1580.736434684899 1252 -1592.4716789517515 1647 -1594.505678776366 1737 -1597.1206184421237 1778 -1610.6907647423793 1802 -1612.7247645669938 1961 -1615.3397042327515 1983 -1617.373704057366 2353 -1619.8561566968974 2387 -1621.890156521512 2434 -1623.9241563461264 3069 -1629.4681243231578 3094 -1631.5021241477723 3120 -1634.4705298434435 3232 -1635.6705162942528 3306 -1636.8705027450621 3367 -1639.2681407302946 300093 -1642.2365464259658 300104 -1643.4917160610023 300197 -1644.7468856960388 300201 END
seed221_p6_R70_Cob17_Cf51
-1248.7927827728404 444 -1258.2769720574122 451 -1308.2595234066146 461 -1309.3109854240317 463 -1354.7167381462411 614 -1355.7682001636583 616 -1361.1441100671786 700 -1366.7543905313237 782 -1368.2948011412266 971 -1371.5643397945837 985 -1372.7067277516626 999 -1374.2471383615655 1036 -1376.9206079945052 1037 -1377.4407041514996 1052 -1378.9811147614025 1099 -1382.5308884586502 1104 -1388.1722480570866 1121 -1391.7776196555221 1136 -1397.3879001196672 1168 -1398.92831072957 1233 -1402.1218765195042 1394 -1403.662287129407 1445 -1406.5789800178095 1465 -1408.1193906277124 1500 -1409.3712695474364 1554 -1411.0224578807697 1594 -1422.274097943351 1628 -1423.9252862766843 1696 -1425.4050585981315 1736 -1426.8848309195787 1773 -1428.5266672304426 1811 -1430.1685035413066 1844 -1431.222886369717 1876 -1432.2772691981272 1908 -1433.8168879253753 1941 -1435.3565066526235 1968 END
seed222_p6_R70_Cob7_Cf32
-220.25722025055163 552 -241.283897672636 585 -259.02391971547996 599 -267.3620603453307 651 -275.5299820444457 707 -277.17507137773623 744 -281.79998111615373 752 -283.44507044944424 778 -285.6587753859797 967 -287.0365357352662 999 -288.8664212019329 1028 -289.91207004002814 1055 -291.7419555066948 1077 -295.07252636437687 300117 -311.97945936314534 300118 -347.52701704599355 300118 -355.0391034424152 300120 -358.9189650458334 300123 -362.6074850456619 300279 -364.0770359509105 300282 END
seed223_p6_R70_Cob20_Cf56
-728.5521377480769 481 -1069.8303798849518 485 -1086.0401511423395 531 -1142.0239264269267 552 -1154.821824303874 553 -1158.7719369315253 663 -1159.774051118652 777 -1160.3900469484392 835 -1160.8632952668004 907 -1164.3401595760904 925 -1167.0975335826377 983 -1171.0476462102888 1040 -1172.2490634411276 1246 -1173.338307589276 1352 -1175.1590043763244 1455 -1176.481831041295 1641 -1177.8046577062655 1719 -1178.8322122775458 1811 -1179.859766848826 1888 -1181.604223228705 300082 -1183.0875134501825 300085 -1192.2579113503243 300087 -1194.0023677302033 300090 -1195.4856579516809 300093 -1197.23011433156 300097 -1198.974570711439 300104 -1200.1170814048403 300112 -1201.2595920982417 300119 END
seed224_p6_R70_Cob16_Cf79
-950.1436387623281 1143 -957.2264051363737 1147 -995.82978511018 1206 -1017.3453769797387 1207 -1030.1341506668314 1218 -1044.6933048379028 1277 -1046.7849739130172 1285 -1053.8677402870628 1287 -1072.549030839513 1412 -1085.3378045266059 1423 -1089.2488857209323 1496 -1110.764477590491 1498 -1118.8469635460406 1508 -1122.758044740367 1582 -1144.2736366099257 1583 -1148.1847178042522 1906 -1156.3527650175347 1923 -1160.2638462118612 1980 -1163.3524061821156 2047 -1167.263487376442 2055 -1191.5120858675161 2410 -1201.416169743396 2427 -1205.2783718526275 2499 -1252.2102022273596 2507 -1256.072404336591 2557 -1258.361005893951 2619 -1259.532205652136 2626 -1261.820807209496 2666 -1262.9920069676812 2671 -1265.280608525041 2702 -1266.7472097316968 2707 -1269.0358112890567 3031 -1272.2927555606766 3062 -1273.7669959988993 3095 -1275.1675014077966 3131 -1276.2153805244468 3136 -1277.615885933344 3210 -1279.0163913422414 3258 -1280.365164125078 3292 -1281.466980907374 3318 -1282.5687976896697 3342 -1283.7771211590746 3366 -1294.9218952407125 300338 -1297.3257006867095 300370 -1298.6744734695462 300381 END
seed225_p6_R70_Cob13_Cf52
-1703.6034019891765 736 -1714.1722622033058 766 -1721.7005133484477 1323 -1727.193638334106 1424 -1728.250734134106 1493 -1731.529302850362 1499 -1732.586398650362 2032 -1733.913119374936 2081 -1734.9702151749361 2204 -1736.0165451897508 2300 -1737.3440034021728 2380 -1738.6714616145948 2670 -1739.7605232891285 2740 -1740.8495849636622 2799 -1742.5645808199845 2863 -1743.9372394378001 2906 -1745.1176329620841 2947 -1746.2980264863681 2983 -1747.32752044973 3349 -1748.3570144130917 3378 -1755.3328659534197 300321 -1758.243751302315 300325 -1766.7388703821905 300326 -1780.085717512729 300330 -1781.957240768636 300336 END
seed226_p6_R70_Cob15_Cf71
END
seed227_p6_R70_Cob6_Cf77
-419.6139547547023 1395 -422.15204334133915 1415 -626.0723673902512 1476 -635.6853696571251 1816 -637.4432380578517 1888 -641.1303190155093 1920 -647.7522260546926 2588 -650.7433212823832 2616 -652.5011896831097 2680 -662.8101776799508 2803 -664.6966844506013 2969 -666.3267882620938 3040 -667.7741557088235 3345 -668.0002311089743 3365 -709.1891353053505 3378 -710.1963641839172 3378 -711.8264679954098 3409 -713.4999108422902 3435 -715.1300146537827 3465 -716.1494894651466 3497 -717.7795932766392 3517 -720.113153655228 3577 -721.1442233746562 4050 -722.1752930940845 4161 -723.3574933431505 4230 -724.5396935922165 4279 -725.890347552665 4333 -727.0816031796244 4375 -728.2728588065837 4418 -729.7282477821201 4462 -731.1836367576565 4770 -732.4314765879421 4807 END
seed228_p6_R70_Cob22_Cf63
-1235.8698528571683 1534 -1238.4483219498366 1539 -1239.8212464427877 1543 -1244.149732932827 1613 -1250.4683774053467 1614 -1284.5896300468069 1618 -1335.3716750441813 1638 -1523.6617206243639 1639 -1526.3630766081283 1669 -1528.9415457007965 1672 -1530.3144701937476 1677 -1534.642956683787 2048 -1540.9616011563066 2049 -1575.0828537977668 2052 -1577.7842097815312 2073 -1580.3626788741994 2075 -1581.7356033671506 2079 -1586.0640898571899 2114 -1592.3827343297096 2115 -1595.084090313474 2148 -1597.6625594061422 2150 -1599.0354838990934 2154 -1604.8056271001278 2220 -1607.5069830838922 2253 -1610.0854521765605 2256 -1611.4583766695116 2260 -1614.159732653276 2593 -1616.7382017459443 2595 -1619.4395577297087 2661 -1621.2777033359669 2719 -1622.7609331162907 2783 -1624.0365827004887 2800 -1625.5198124808126 2828 -1626.733606464839 3232 -1628.216836245163 3249 -1629.250532224702 3302 -1630.2842282042411 3340 -1631.4694396612774 3376 END
seed229_p6_R70_Cob20_Cf47
-548.9280274872863 1389 -554.074835184809 1430 -565.6621366189681 1440 -574.7990522716408 1505 -575.5192419135284 1525 -576.7209542753981 1555 -585.8578699280707 2363 -586.0196398587696 2402 -591.0735368283141 2456 -591.3882040170436 2474 -592.5755314949807 2512 -595.0718453498265 2518 -600.7318444978648 2521 -602.2338391645314 2566 -604.7301530193772 3331 -604.8021130446049 3366 -610.3098683096697 3368 -612.4300693089126 3379 -616.1888149415475 3428 -621.6965702066124 3429 -625.4553158392473 3489 -627.9859701876549 3552 -629.4536243607597 3566 -631.9842787091673 3609 -646.0571877219127 4270 -647.9212703885794 4314 -649.3609990341592 4332 -651.225081700826 4365 -652.6714618198242 4416 -653.9231240420464 4420 -655.3695041610447 4465 -656.521217197602 4472 -657.9675973166003 4510 -659.4139774355986 4546 -662.0520241276146 4588 -664.6451634037735 5221 -665.9317488419977 5266 -667.3574893772775 5295 -668.3665868512037 300095 -670.1950801328705 300098 -682.7524501729572 300102 -691.2671551263517 300104 -703.8245251664382 300106 -714.3249231116795 300110 -724.0739036269156 300114 -725.0893524126212 300118 -726.1048011983269 300121 -727.7214948729214 300125 END
seed230_p6_R70_Cob14_Cf59
-757.0262479976193 1120 -849.9020552153279 1130 -855.2009880921321 1142 -862.2555599622912 1148 -930.8915690788707 1619 -932.368711982172 1700 -933.3794292266165 1799 -934.451602181945 1851 -935.4623194263894 2144 -936.6082836533114 2166 -937.6190008977559 2192 -938.6297181422003 2250 -945.3019901841465 2256 -948.0851034683243 2287 -949.563043706639 2345 -951.2575413770523 2407 -952.735481615367 2453 -954.2112810261782 2509 -955.3718775609103 2554 -956.0732419504297 2823 -957.5822492516085 2870 -959.0912565527872 2897 -961.5368074344146 2934 -962.6236361333152 2976 END
seed231_p6_R70_Cob19_Cf52
-849.9704807589472 1330 -852.7361112527898 1338 -859.6942676468044 1378 -863.4197464932488 1423 -866.1853769870913 1429 -888.6446459773016 2124 -889.8299141106348 2254 -892.0385005639359 2332 -893.2237686972692 2970 -895.7758826203836 3044 -896.9611507537169 3076 -898.5696732189238 3275 -899.754941352257 3297 -901.3634638174639 3479 -902.5487319507971 3515 -903.7558424873903 3636 -904.9629530239835 4079 -905.9738833454758 4131 -906.9848136669681 4180 -908.9798865604765 4228 -912.5245388375245 4279 -914.1130385680764 4470 -915.9288428347431 4521 -917.7446471014098 4563 -919.2111035014098 4595 -929.9999486404118 4638 -931.362538937453 4679 -932.805247258621 4713 -933.9659420445704 4743 END
seed232_p6_R70_Cob6_Cf54
-361.266830433344 1718 -366.05000497832447 1741 -366.25741179301286 1798 -370.1258930617664 1805 -375.3532726723913 1838 -379.4291607558333 1880 -379.6365675705217 2490 -381.19271494618533 2493 -382.8975554028644 2500 -384.6611095932164 2554 -386.34127391177634 2565 -388.10482810212835 2606 -389.10881745071526 2617 -390.16416492150057 2628 -391.9277191118526 2729 -392.9317084604395 2753 -394.6952626507915 3402 -395.7949665210239 3419 -397.55852071137593 3443 -398.1495718370266 3481 -398.57035551137596 3483 -400.000995097611 3492 -400.22698916531397 3502 -401.012829897611 3515 -401.238823965314 3520 -402.66946355154903 3531 -402.895457619252 3542 -403.68129835154906 3548 -403.90729241925203 3557 -405.33793200548706 3564 -406.3497668054871 3578 -407.3616016054871 3608 END
seed233_p6_R70_Cob10_Cf51
-411.9351033484344 1998 -424.82876238363644 2018 -435.1660092676 2019 -436.66582952314104 2273 -449.5594885583431 2316 -484.2758712251924 2353 -503.29791823110133 2398 -530.8894492971122 3159 -534.948579771155 3163 -549.9114963030211 3168 -551.4113165585621 3238 -555.470447032605 3241 -558.409513083576 3254 -559.9093333391171 3304 -563.9684638131599 3307 -565.6060507530435 3933 -567.1058710085846 3963 -571.1650014826274 3966 -573.5406335734358 4013 -575.0404538289769 4031 -579.0995843030197 4034 -580.5994045585608 4087 -581.978406535385 4094 -583.4584254544619 4095 -584.958245710003 4140 -587.2569355405116 4160 -588.7567557960526 4191 -590.3537060932985 4216 -591.8535263488395 4728 -592.9690862811179 4759 -594.468906536659 4776 -595.5844664689374 4794 -597.0842867244785 4809 -598.3110814031161 4837 -599.8109016586571 4849 -601.3107219141982 4876 -603.4186184983622 4914 -604.9558837664193 4937 -605.9624884064193 5580 -607.0318549664192 5612 -608.0384596064192 5624 -609.1078261664192 5643 -610.1144308064191 5654 -611.1210354464191 5676 -617.1399159886752 5676 -618.5483152496557 5696 -624.4119997336193 5714 -625.6260066576223 5748 -626.8400135816253 5766 -628.2239943816253 5789 -629.6079751816253 5807 -631.1128782766011 300222 -635.1011792153234 300225 -636.7556197203638 300228 END
seed234_p6_R70_Cob11_Cf75
-409.8835187286804 1031 -410.9983280981437 1080 -426.6799518193415 1711 -429.13347660682524 1717 -485.15044038264114 1759 -518.1350175177014 1769 -519.2498268871647 1784 -586.6369290768947 1820 -599.7131811996571 2333 -601.9724491603367 2551 -617.6540728815346 2819 -619.9133408422142 3361 -628.2341701220128 3416 -630.4934380826924 3480 -631.8022460124951 3548 -636.6630001194053 3549 -639.3575312310587 3550 -641.6167991917383 3610 -642.925607121541 3978 -647.7863612284513 3979 -650.0456291891309 4029 -651.3544371189336 4081 -653.6137050796132 4120 -655.0605973274244 4184 -659.6953626244201 4194 -661.9546305850997 4223 -663.4015228329109 4277 -665.6607907935905 4684 -667.1076830414017 4732 -669.3669510020814 4754 -670.3728495519008 4838 -671.9352254156478 4842 -672.9411239654672 4898 -674.2640451518145 4906 -675.4437360078067 4952 -676.9702053603053 4971 -678.1498962162975 4990 -679.5039075718479 5014 -680.6835984278401 5027 -681.9826166861503 5050 -683.1623075421426 5061 -684.3419983981348 5124 -686.3211480174958 5174 -687.5772932027617 5523 -688.8334383880275 5548 -690.8305548680275 5576 -692.1162383558371 5601 -693.4019218436467 5625 -694.5009000548664 5696 -695.6453586460827 5721 END
seed235_p6_R70_Cob17_Cf52
-1696.4242807328026 591 -1703.9888137247744 812 -1709.1195799094146 824 -1710.1374375202863 927 -1717.7019705122584 960 -1723.9536324680525 981 -1724.9714900789243 1066 -1732.5360230708961 1088 -1733.5538806817679 1645 -1734.662781632586 1687 -1735.6806392434578 1739 -1736.789540194276 1784 -1737.8073978051477 1838 -1738.916298755966 1894 -1739.9341563668377 1922 -1741.1915420009582 2017 -1742.4489276350787 2081 -1743.7063132691992 2468 END
seed236_p6_R70_Cob7_Cf41
-776.0523150364186 621 -778.3433986166247 626 -783.8723778923696 891 -785.4149441602082 930 -787.7060277404142 936 -813.1666322286824 975 -817.5277937246174 984 -821.1341914435043 995 -822.2364733760096 1018 -826.5976348719446 1028 -827.6999168044499 1068 -828.8437758781462 1089 -831.6410151724043 1441 -832.7432971049096 1448 -833.8871561786059 1478 -834.9894381111112 1506 -837.0554763760543 1537 -838.1577583085597 1552 -839.260040241065 1602 -840.6524705258338 1650 -851.0366215441329 300105 -858.756899717883 300120 -879.4513286620955 300579 -880.7035990487814 300581 -899.874809816343 300588 -901.0814576655563 300590 END
seed237_p6_R70_Cob18_Cf36
-89.15099209765907 1100 -118.26755361642866 1137 -120.60830421380098 1163 -133.84273623080674 1165 -150.01533347918232 1193 -153.78848511577678 1269 -186.69587271414073 1286 -190.9558340771713 1288 -194.65614272558503 1323 -196.10338572222656 1954 -197.59923383333768 1965 -201.85919519636826 1967 -205.55950384478197 1990 -207.0553519558931 2044 -211.31531331892364 2045 -212.81116143003476 2687 -215.04674538497446 2728 -217.72344034377164 2738 -219.21928845488276 2749 -221.45487240982246 2802 -222.95072052093357 2819 -224.98064880095674 2859 -226.47649691206786 2867 -227.6364074781668 2927 -228.63663743785034 2935 -229.79654800394928 2977 -230.95645857004823 3496 -233.1180869200239 3538 -266.4773900693964 3557 -268.63901841937206 3573 -271.4260898743599 3606 -272.9940816291044 3645 -274.56207338384894 3688 -275.94563431201334 3721 -277.32919524017774 3748 END
seed238_p6_R70_Cob15_Cf53
-397.7852798269533 990 -399.6908752160422 1064 -405.9965138392495 1065 -418.5801677909689 1080 -425.7048468006169 1098 -450.48655032448255 1835 -451.7707214686807 1880 -458.0948747469075 2051 -644.8073416336975 2498 -654.6279642108503 2506 -660.2852480804722 2702 -662.2362886332753 2724 -667.8935725028972 2886 -670.4788612612538 3582 -676.1361451308757 3637 -679.192523094451 3757 -680.7886582909474 4281 -682.3829712552784 4305 -683.9791064517748 4350 -685.5734194161059 4377 -687.1695546126024 4419 -688.552728422432 4488 -689.9359022322617 4549 -691.3190760420914 4596 -692.7022498519211 4627 -694.9237267852544 4664 -696.6519880910719 4709 -701.0223385198351 300879 -702.7505998256526 300885 -704.47886113147 300888 -705.6737785298626 300890 END
seed239_p6_R70_Cob11_Cf52
-1013.9240439144996 1451 -1032.3401317058945 1507 -1037.8678884203664 1735 -1042.8990017969493 1766 -1045.096368835653 1769 -1048.8977698806011 1771 -1050.4692996661772 1832 -1055.8663911355711 2182 -1058.6748823947703 2211 -1083.278919943648 2232 -1097.1337997383139 2261 -1100.69318332606 2297 -1107.222764449515 2305 -1110.8829466538214 2358 -1114.4423302415676 2409 -1118.954928579893 2438 -1121.396465461249 2443 -1125.0566476655554 2469 -1128.6160312533016 2503 -1131.247779075285 2527 -1136.1174890527784 2543 -1139.6768726405246 2608 -1145.8680040502543 2799 -1148.3870766040186 2839 -1154.5782080137483 2866 -1159.488929390541 2948 -1160.5165217238743 3011 -1162.269740070171 3013 -1163.2973324035045 3061 -1164.3249247368378 3110 -1168.82971346174 3146 -1172.5685318171186 3351 -1174.1248535586703 3404 -1175.681175300222 3449 END
seed240_p6_R70_Cob12_Cf54
-1579.376334887465 1224 -1588.2892264667014 1246 -1719.295879579502 1261 -1729.360632272675 1273 -1729.6104198240962 2050 -1740.366152088041 2069 -1742.0232634658187 2150 -1744.0075863706038 2192 -1746.7291497745525 2196 -1748.3862611523302 2366 -1752.0652974818893 2427 -1753.444153192197 3100 -1755.1012645699748 3134 -1757.08558747476 3145 -1759.338290465085 3272 -1759.5751606433862 3321 -1761.9195319836401 3357 -1763.403639798396 3416 -1764.819912225841 3472 -1766.2361846532863 3527 -1767.578711037974 3582 -1768.9212374226618 3714 -1770.3983475990947 4273 -1772.0249715241555 4331 -1773.4057550858581 4390 -1774.7865386475607 4435 -1776.1094339269607 4470 -1786.9353516658048 300581 END
seed241_p6_R70_Cob22_Cf79
-1742.3628688964557 1648 -1744.9117544590645 1657 -1753.8411033345235 1668 -1754.9540759127199 1669 -1775.3444804261917 1709 -1790.096586821438 2360 -1791.1709778918332 2364 -1835.1937246316156 2380 -1836.2681157020108 2383 -1839.7224348693524 2394 -1843.8066987518223 2400 -1869.048750830223 2416 -1881.5206142241652 2450 -1886.0352679075936 2455 -1887.985819448874 2462 -1915.3615838684643 2480 -1916.5356896358992 2529 -1921.0503433193276 2535 -1923.000894860608 2541 -1925.2353351441297 2600 -1928.6896543114713 2612 -1930.924094594993 3234 -1934.191932683838 3248 -1936.4263729673598 3288 -1937.6004787347947 3336 -1938.8574579737788 3340 -1940.0315637412136 3753 -1941.2885429801977 3757 -1942.4626487476326 3789 -1943.9700662904968 3799 -1945.1441720579317 3823 END
seed242_p6_R70_Cob8_Cf43
-873.1186087634396 1266 -1028.2324629755224 1284 -1115.4877003639397 1356 -1125.1735793055095 1364 -1126.8672114252174 1435 -1133.279184615244 1741 -1134.972816734952 1816 -1136.5319700490522 1880 -1139.081331181085 1882 -1140.774963300793 1905 -1142.3341166148932 1972 -1144.0277487346011 1998 -1145.4954111209759 2073 -1146.5793513462766 2087 -1148.0470137326513 2205 -1150.3277859211707 2244 -1152.5044858958092 2278 -1153.980094962476 2318 END
seed243_p6_R70_Cob18_Cf55
-1211.1637285769466 1184 -1217.439552947396 1192 -1223.596125343331 1212 -1245.8967925996742 1221 -1249.762457961732 1773 -1296.4684701371311 1795 -1298.962232129659 1846 -1304.5415711923151 1868 -1309.0814035399994 1896 -1311.5751655325273 1919 -1317.1545045951834 1940 -1319.6482665877113 2004 -1329.0684956828711 2554 -1331.562257675399 2600 -1333.1775287902747 2738 -1335.1696768203883 2868 -1337.161824850502 3011 -1338.718261989188 3607 -1340.8630986774006 3975 -1341.900190232956 3984 -1343.6812193736782 4044 -1345.2345646871045 4443 END
seed244_p6_R70_Cob14_Cf54
-1300.277196320095 827 -1303.8245453678737 894 -1310.9230568500784 1248 -1370.2755193426 1262 -1374.3474114573328 1279 -1381.4232642187408 1322 -1392.6252460581422 1333 -1410.486720794686 1358 -1412.1009853936998 1362 -1457.7617849601963 1367 -1466.715743014955 1411 -1468.9095298363372 1424 -1473.5818250801442 1441 -1482.5357831349029 1465 -1484.961336141422 1855 -1493.9152941961806 1881 -1495.1918607317525 1933 -1496.731178171387 1936 -1498.7663933853344 1943 -1500.0429599209062 1984 -1501.5822773605407 1986 -1503.9745673404375 2006 -1505.2511338760094 2034 -1506.7904513156438 2036 -1508.0670178512157 2082 -1509.5533667401046 2126 -1511.0397156289935 2157 -1512.0831486821933 2185 -1513.2991961479825 2495 -1515.0270081230076 2519 END
seed245_p6_R70_Cob10_Cf53
-587.8039744777367 1380 -592.2210396081805 1397 -596.7754361140475 1423 -641.7032445418968 1451 -644.1153508308494 1481 -649.3465546061158 1541 -651.7201249083257 1902 -653.1372403536656 1963 -663.6959619387443 2005 -664.9449279176063 2418 -667.5816942560095 2472 -668.8306602348715 2495 -669.8650696570937 2562 -670.905914024183 2563 -671.9403234464052 2629 -672.9811678134944 2630 -674.7071206134945 2694 -676.9072006312612 2773 -678.7937989626897 2812 -679.9579838388802 3306 -681.7599685318668 3404 -683.5619532248534 3481 -688.4434898837048 300223 -690.8549221055364 300233 -695.7364587643879 300243 END
seed246_p6_R70_Cob9_Cf44
-546.6624984349697 1246 -554.6336975454965 1249 -561.6468196980451 1251 -562.9828916062866 1301 -570.9540907168133 1302 -574.00544875127 1327 -575.3415206595115 1419 -583.3127197700383 1421 -584.6487916782797 1584 -586.4991875624145 1909 -593.1604428261008 1909 -593.8385303935006 1942 -594.4965147343423 1945 -596.3469106184771 1961 -598.5676297481034 1969 -603.7171014247657 1988 -605.0531733330072 2048 -606.9035692171419 2063 -608.2396411253834 2105 -609.4141720028772 2173 -610.7502439111187 2701 -614.2259120196178 2715 -617.5650024802463 2773 -619.0835238013441 2823 -620.489361641712 2827 -632.9478931547394 2830 -648.2194777388333 2868 -649.7379990599311 2917 -651.143836900299 2921 -652.6623582213967 2966 -655.172961007132 3018 -657.6835637928673 3060 -658.856158181932 3530 -659.7359795721893 300054 -661.9284344040016 300060 -663.2238419670747 300067 -664.5588618896218 300242 -665.8938818121688 300247 -667.365051616348 300260 -669.5244886057111 300562 -673.9093982693356 300564 END
seed247_p6_R70_Cob3_Cf60
-275.53692918752995 453 -465.27727079639953 467 -471.7891768794811 476 -480.16227211346575 515 -486.6741781965473 525 -496.12339793861094 580 -498.4007112141491 652 -507.8499309562127 661 -511.6968446982763 993 -513.176881412536 1009 -517.0237951545996 1119 -518.8316291676374 1221 -518.9899487787216 1240 -520.3679601404103 1424 -522.1757941534481 1434 -526.5526824012778 1444 -530.7164817963235 1453 -531.7378381696568 1517 -533.7110587848923 1518 -534.7324151582256 1568 -556.531276742944 1585 -557.5501255986575 1629 -558.568974454371 1675 END
seed248_p6_R70_Cob4_Cf58
-66.58240309263536 1259 -71.11168609745759 1268 -133.10508713565338 1324 -144.58356232544668 1329 -169.10741845982454 1340 -171.0918460764838 1342 -172.89831528492925 1388 -188.7939192439652 1875 -190.5641272439652 1894 -193.0259742739522 1963 -194.79618227395218 1995 -197.22415811699602 2451 -198.99436611699602 2592 -200.8544243671177 2668 -202.6246323671177 2678 -203.82005065196535 2780 -205.2035957424295 2795 -206.39901402727716 2859 -207.78255911774133 2875 -208.97797740258898 3274 -210.00974986449248 3344 -211.10103894461338 3362 -212.13281140651688 3386 -213.16458386842038 3424 -214.53646978420542 3460 -215.90835569999047 3497 -217.05256023595584 3538 -218.1967647719212 3837 -245.71221864053476 300209 -246.8923573072014 300213 -248.32261157448008 300214 -249.50275024114677 300219 -250.5307002527808 300228 END
seed249_p6_R70_Cob15_Cf54
-920.6641088143649 692 -1022.7704500120958 706 -1046.800096670777 726 -1092.0980405597163 731 -1098.1688881574232 916 -1110.8221421086082 929 -1115.3475600544314 1015 -1122.0155611187897 1076 -1126.5409790646129 1091 -1135.9814717576423 1104 -1140.5068897034655 1166 -1145.8684718886022 1302 -1147.0517561725376 1386 -1149.8373180195902 1407 -1151.0206023035255 1459 -1152.3805352454685 1486 -1153.8119748957308 1495 -1154.9952591796662 1529 -1156.3551921216092 1558 -1157.5384764055445 1702 -1158.7217606894799 1773 -1159.8318286228132 1841 -1161.1501618424707 1906 -1162.5697079742436 300146 -1163.7993475776495 300148 -1165.1209093684572 300335 -1166.4980345231022 300339 -1167.8751596777472 300350 -1169.1934928974047 300355 END
seed250_p6_R70_Cob10_Cf79
-987.4644968292952 1095 -990.9275590034733 1156 -997.3351920641105 1655 -1053.517556641244 1681 -1078.079253339549 1681 -1079.827110228438 1722 -1104.0161258628295 1760 -1106.738564986956 1797 -1109.2223885922915 2289 -1110.3686990574763 2305 -1114.320721341317 2320 -1119.6070474248645 2321 -1122.3294865489909 2334 -1124.8133101543265 2400 -1125.9596206195113 2414 -1129.911642903352 2430 -1132.6340820274784 2445 -1135.117905632814 2543 -1136.2642160979988 2607 -1138.9866552221251 2698 -1141.4704788274607 3053 -1144.192917951587 3092 -1146.4801879680736 3135 -1149.2026270922 3160 -1151.918229658041 3306 -1153.0707862375345 3542 -1154.3477954358186 3551 -1155.5003520153123 3607 -1156.5743492006166 3624 -1157.7269057801102 3639 -1158.7763234337647 3658 -1159.9288800132583 3674 -1160.9782976669128 3695 -1162.1308542464064 3711 -1163.2834108259 3744 -1177.0152154673603 3774 -1178.020431115033 3807 -1179.0256467627057 3840 -1180.2479341299727 3878 -1189.921585465989 3903 -1191.143872833256 3939 -1192.366160200523 4329 -1221.76216218227 4350 -1222.984449549537 4388 -1225.7140203448434 4405 -1227.5694818155084 4448 END
