data;
set C_bar :=  1 2 3 4 5 6 7 8 9 10 11 12 13 14 15 16 17 18 ;
set C :=  19 20 21 22 23 24 25 26 27 28 29 30 31 32 33 34 35 36 37 38 ;
set R := 0 1 2 3 4 5 ;
set C_bar_r[0] :=  
1 2 3 4 ;
set C_bar_r[1] :=  
5 6 7 ;
set C_bar_r[2] :=  
8 9 10 11 ;
set C_bar_r[3] :=  
12 13 14 15 ;
set C_bar_r[4] :=  
16 17 18 ;
set C_r[0] :=  
;
set C_r[1] :=  
34 35 36 37 38 ;
set C_r[2] :=  
;
set C_r[3] :=  
;
set C_r[4] :=  
;
set C_r[5] :=  
19 20 21 22 23 24 25 26 27 28 29 30 31 32 33 ;
set S :=  0 1 2 3 4 5 6 7 8 9 10 11 12 13 14 15 ;
set S_u :=  0 1 2 3 4 5 6 7 8 9 10 11 12 13 14 15 ;
set S_r[0] := 
2 ;
set S_r[1] := 
6 ;
set S_r[2] := 
2 3 ;
set S_r[3] := 
10 ;
set S_r[4] := 
12 ;
set Rack :=  0 1 2 3 4 5 6 7 ;
param COST : 0 1 2 3 4 5 6 7 8 9 10 11 12 13 14 15 :=
0 0 1 3 3 5 5 5 5 5 5 5 5 5 5 5 5 
1 1 0 3 3 5 5 5 5 5 5 5 5 5 5 5 5 
2 3 3 0 1 5 5 5 5 5 5 5 5 5 5 5 5 
3 3 3 1 0 5 5 5 5 5 5 5 5 5 5 5 5 
4 5 5 5 5 0 1 3 3 5 5 5 5 5 5 5 5 
5 5 5 5 5 1 0 3 3 5 5 5 5 5 5 5 5 
6 5 5 5 5 3 3 0 1 5 5 5 5 5 5 5 5 
7 5 5 5 5 3 3 1 0 5 5 5 5 5 5 5 5 
8 5 5 5 5 5 5 5 5 0 1 3 3 5 5 5 5 
9 5 5 5 5 5 5 5 5 1 0 3 3 5 5 5 5 
10 5 5 5 5 5 5 5 5 3 3 0 1 5 5 5 5 
11 5 5 5 5 5 5 5 5 3 3 1 0 5 5 5 5 
12 5 5 5 5 5 5 5 5 5 5 5 5 0 1 3 3 
13 5 5 5 5 5 5 5 5 5 5 5 5 1 0 3 3 
14 5 5 5 5 5 5 5 5 5 5 5 5 3 3 0 1 
15 5 5 5 5 5 5 5 5 5 5 5 5 3 3 1 0 
;
set S_rack[0] :=  
0 1 ;
set S_rack[1] :=  
2 3 ;
set S_rack[2] :=  
4 5 ;
set S_rack[3] :=  
6 7 ;
set S_rack[4] :=  
8 9 ;
set S_rack[5] :=  
10 11 ;
set S_rack[6] :=  
12 13 ;
set S_rack[7] :=  
14 15 ;
param CPU := 
0 56.0
1 56.0
2 28.0
3 32.0
4 56.0
5 56.0
6 49.0
7 56.0
8 28.0
9 28.0
10 20.0
11 28.0
12 31.50000011920929
13 44.0
14 56.0
15 56.0
;
param MEM := 
0 192.0
1 192.0
2 84.0
3 96.0
4 192.0
5 192.0
6 171.0
7 192.0
8 48.0
9 48.0
10 164.0
11 192.0
12 90.0
13 128.0
14 192.0
15 192.0
;
param DISK := 
0 384.0
1 384.0
2 200.8
3 276.8
4 384.0
5 384.0
6 328.0
7 384.0
8 96.0
9 96.0
10 296.0
11 384.0
12 182.0
13 256.0
14 384.0
15 384.0
;
param BDW_out := 
0 10.0
1 10.0
2 5.5933104
3 7.4474515199999995
4 10.0
5 10.0
6 9.815062857142857
7 10.0
8 10.0
9 10.0
10 8.817485714285715
11 10.0
12 9.544
13 10.0
14 10.0
15 10.0
;
param BDW_in := 
0 10.0
1 10.0
2 9.88013952
3 9.9615264
4 10.0
5 10.0
6 9.9956848
7 10.0
8 10.0
9 10.0
10 9.972408
11 10.0
12 9.98936
13 10.0
14 10.0
15 10.0
;
param mem := 
1 32.0
2 32.0
3 8.0
4 2.0
5 4.0
6 1.0
7 16.0
34 16.0
35 4.0
36 4.0
37 4.0
38 4.0
8 32.0
9 32.0
10 2.0
11 64.0
12 4.0
13 8.0
14 8.0
15 8.0
16 32.0
17 4.0
18 2.0
19 8.0
20 8.0
21 8.0
22 8.0
23 8.0
24 8.0
25 8.0
26 8.0
27 8.0
28 8.0
29 8.0
30 8.0
31 8.0
32 8.0
33 4.0
;
param disk := 
1 50.0
2 50.0
3 24.0
4 8.0
5 16.0
6 4.0
7 36.0
34 36.0
35 16.0
36 16.0
37 16.0
38 16.0
8 43.2
9 43.2
10 8.0
11 64.0
12 16.0
13 24.0
14 24.0
15 24.0
16 50.0
17 16.0
18 8.0
19 24.0
20 24.0
21 24.0
22 24.0
23 24.0
24 24.0
25 24.0
26 24.0
27 24.0
28 24.0
29 24.0
30 24.0
31 24.0
32 24.0
33 16.0
;
param cpu : 
0 1 2 3 4 5 6 7 8 9 10 11 12 13 14 15 := 
1 8.0 8.0 8.0 8.0 8.0 8.0 8.0 8.0 8.0 8.0 8.0 8.0 9.090909090909092 9.090909090909092 8.0 8.0 
2 8.0 8.0 8.0 8.0 8.0 8.0 8.0 8.0 8.0 8.0 8.0 8.0 9.090909090909092 9.090909090909092 8.0 8.0 
3 2.0 2.0 2.0 2.0 2.0 2.0 2.0 2.0 2.0 2.0 2.0 2.0 2.272727272727273 2.272727272727273 2.0 2.0 
4 1.0 1.0 1.0 1.0 1.0 1.0 1.0 1.0 1.0 1.0 1.0 1.0 1.1363636363636365 1.1363636363636365 1.0 1.0 
5 2.0 2.0 2.0 2.0 2.0 2.0 2.0 2.0 2.0 2.0 2.0 2.0 2.272727272727273 2.272727272727273 2.0 2.0 
6 1.0 1.0 1.0 1.0 1.0 1.0 1.0 1.0 1.0 1.0 1.0 1.0 1.1363636363636365 1.1363636363636365 1.0 1.0 
7 4.0 4.0 4.0 4.0 4.0 4.0 4.0 4.0 4.0 4.0 4.0 4.0 4.545454545454546 4.545454545454546 4.0 4.0 
34 4.0 4.0 4.0 4.0 4.0 4.0 4.0 4.0 4.0 4.0 4.0 4.0 4.545454545454546 4.545454545454546 4.0 4.0 
35 2.0 2.0 2.0 2.0 2.0 2.0 2.0 2.0 2.0 2.0 2.0 2.0 2.272727272727273 2.272727272727273 2.0 2.0 
36 2.0 2.0 2.0 2.0 2.0 2.0 2.0 2.0 2.0 2.0 2.0 2.0 2.272727272727273 2.272727272727273 2.0 2.0 
37 2.0 2.0 2.0 2.0 2.0 2.0 2.0 2.0 2.0 2.0 2.0 2.0 2.272727272727273 2.272727272727273 2.0 2.0 
38 2.0 2.0 2.0 2.0 2.0 2.0 2.0 2.0 2.0 2.0 2.0 2.0 2.272727272727273 2.272727272727273 2.0 2.0 
8 8.0 8.0 8.0 8.0 8.0 8.0 8.0 8.0 8.0 8.0 8.0 8.0 9.090909090909092 9.090909090909092 8.0 8.0 
9 8.0 8.0 8.0 8.0 8.0 8.0 8.0 8.0 8.0 8.0 8.0 8.0 9.090909090909092 9.090909090909092 8.0 8.0 
10 1.0 1.0 1.0 1.0 1.0 1.0 1.0 1.0 1.0 1.0 1.0 1.0 1.1363636363636365 1.1363636363636365 1.0 1.0 
11 16.0 16.0 16.0 16.0 16.0 16.0 16.0 16.0 16.0 16.0 16.0 16.0 18.181818181818183 18.181818181818183 16.0 16.0 
12 2.0 2.0 2.0 2.0 2.0 2.0 2.0 2.0 2.0 2.0 2.0 2.0 2.272727272727273 2.272727272727273 2.0 2.0 
13 2.0 2.0 2.0 2.0 2.0 2.0 2.0 2.0 2.0 2.0 2.0 2.0 2.272727272727273 2.272727272727273 2.0 2.0 
14 2.0 2.0 2.0 2.0 2.0 2.0 2.0 2.0 2.0 2.0 2.0 2.0 2.272727272727273 2.272727272727273 2.0 2.0 
15 2.0 2.0 2.0 2.0 2.0 2.0 2.0 2.0 2.0 2.0 2.0 2.0 2.272727272727273 2.272727272727273 2.0 2.0 
16 8.0 8.0 8.0 8.0 8.0 8.0 8.0 8.0 8.0 8.0 8.0 8.0 9.090909090909092 9.090909090909092 8.0 8.0 
17 2.0 2.0 2.0 2.0 2.0 2.0 2.0 2.0 2.0 2.0 2.0 2.0 2.272727272727273 2.272727272727273 2.0 2.0 
18 1.0 1.0 1.0 1.0 1.0 1.0 1.0 1.0 1.0 1.0 1.0 1.0 1.1363636363636365 1.1363636363636365 1.0 1.0 
19 2.0 2.0 2.0 2.0 2.0 2.0 2.0 2.0 2.0 2.0 2.0 2.0 2.272727272727273 2.272727272727273 2.0 2.0 
20 2.0 2.0 2.0 2.0 2.0 2.0 2.0 2.0 2.0 2.0 2.0 2.0 2.272727272727273 2.272727272727273 2.0 2.0 
21 2.0 2.0 2.0 2.0 2.0 2.0 2.0 2.0 2.0 2.0 2.0 2.0 2.272727272727273 2.272727272727273 2.0 2.0 
22 2.0 2.0 2.0 2.0 2.0 2.0 2.0 2.0 2.0 2.0 2.0 2.0 2.272727272727273 2.272727272727273 2.0 2.0 
23 2.0 2.0 2.0 2.0 2.0 2.0 2.0 2.0 2.0 2.0 2.0 2.0 2.272727272727273 2.272727272727273 2.0 2.0 
24 2.0 2.0 2.0 2.0 2.0 2.0 2.0 2.0 2.0 2.0 2.0 2.0 2.272727272727273 2.272727272727273 2.0 2.0 
25 2.0 2.0 2.0 2.0 2.0 2.0 2.0 2.0 2.0 2.0 2.0 2.0 2.272727272727273 2.272727272727273 2.0 2.0 
26 2.0 2.0 2.0 2.0 2.0 2.0 2.0 2.0 2.0 2.0 2.0 2.0 2.272727272727273 2.272727272727273 2.0 2.0 
27 2.0 2.0 2.0 2.0 2.0 2.0 2.0 2.0 2.0 2.0 2.0 2.0 2.272727272727273 2.272727272727273 2.0 2.0 
28 2.0 2.0 2.0 2.0 2.0 2.0 2.0 2.0 2.0 2.0 2.0 2.0 2.272727272727273 2.272727272727273 2.0 2.0 
29 2.0 2.0 2.0 2.0 2.0 2.0 2.0 2.0 2.0 2.0 2.0 2.0 2.272727272727273 2.272727272727273 2.0 2.0 
30 2.0 2.0 2.0 2.0 2.0 2.0 2.0 2.0 2.0 2.0 2.0 2.0 2.272727272727273 2.272727272727273 2.0 2.0 
31 2.0 2.0 2.0 2.0 2.0 2.0 2.0 2.0 2.0 2.0 2.0 2.0 2.272727272727273 2.272727272727273 2.0 2.0 
32 2.0 2.0 2.0 2.0 2.0 2.0 2.0 2.0 2.0 2.0 2.0 2.0 2.272727272727273 2.272727272727273 2.0 2.0 
33 2.0 2.0 2.0 2.0 2.0 2.0 2.0 2.0 2.0 2.0 2.0 2.0 2.272727272727273 2.272727272727273 2.0 2.0 
;
set c_0 := 0;
param d := 
[0,*,*] : 
0 1 2 3 4 := 
0 0 0.003444 0.003444 0 0 
1 0.96432 0 0 0.003444 0 
2 0.96432 0 0 0.003444 0 
3 0 0.0048216 0.0048216 0 0.006888 
4 0 0 0 0.01060752 0 
[1,*,*] : 
0 5 6 7 34 35 36 37 38 := 
0 0 0.0043152 0 0 0 0.0043152 0.0043152 0.0043152 0.0043152 
5 0.18493714285714288 0 0.0043152 0 0 0 0 0 0 
6 0 0.014240160000000002 0 0.010788 0.010788 0.014240160000000002 0.014240160000000002 0.014240160000000002 0.014240160000000002 
7 0 0 0.19936224000000002 0 0 0 0 0 0 
34 0 0 0.19936224000000002 0 0 0 0 0 0 
35 0.18493714285714288 0 0.0043152 0 0 0 0 0 0 
36 0.18493714285714288 0 0.0043152 0 0 0 0 0 0 
37 0.18493714285714288 0 0.0043152 0 0 0 0 0 0 
38 0.18493714285714288 0 0.0043152 0 0 0 0 0 0 
[2,*,*] : 
0 8 9 10 11 := 
0 0 0.008744 0.008744 0 0 
8 2.44832 0 0 0.008744 0 
9 2.44832 0 0 0.008744 0 
10 0 0.0122416 0.0122416 0 0.017488 
11 0 0 0 0.09548448 0 
[3,*,*] : 
0 12 13 14 15 := 
0 0 0.027592 0 0 0 
12 1.1825142857142856 0 0.027592 0 0 
13 0 0.0910536 0 0.013796 0.013796 
14 0 0 0.35055636 0 0 
15 0 0 0.35055636 0 0 
[4,*,*] : 
0 16 17 18 := 
0 0 0.01064 0 0 
16 0.456 0 0.01064 0 
17 0 0.035112 0 0.01064 
18 0 0 0.2773848 0 
[5,*,*] : 
0 19 20 21 22 23 24 25 26 27 28 29 30 31 32 33 := 
0 0 0.0015981538461538462 0.0015981538461538462 0.0015981538461538462 0.0015981538461538462 0.0015981538461538462 0.0015981538461538462 0.0015981538461538462 0.0015981538461538462 0.0015981538461538462 0.0015981538461538462 0.0015981538461538462 0.0015981538461538462 0.0015981538461538462 0 0 
19 0.44748307692307693 0 0 0 0 0 0 0 0 0 0 0 0 0 0.0015981538461538462 0 
20 0.44748307692307693 0 0 0 0 0 0 0 0 0 0 0 0 0 0.0015981538461538462 0 
21 0.44748307692307693 0 0 0 0 0 0 0 0 0 0 0 0 0 0.0015981538461538462 0 
22 0.44748307692307693 0 0 0 0 0 0 0 0 0 0 0 0 0 0.0015981538461538462 0 
23 0.44748307692307693 0 0 0 0 0 0 0 0 0 0 0 0 0 0.0015981538461538462 0 
24 0.44748307692307693 0 0 0 0 0 0 0 0 0 0 0 0 0 0.0015981538461538462 0 
25 0.44748307692307693 0 0 0 0 0 0 0 0 0 0 0 0 0 0.0015981538461538462 0 
26 0.44748307692307693 0 0 0 0 0 0 0 0 0 0 0 0 0 0.0015981538461538462 0 
27 0.44748307692307693 0 0 0 0 0 0 0 0 0 0 0 0 0 0.0015981538461538462 0 
28 0.44748307692307693 0 0 0 0 0 0 0 0 0 0 0 0 0 0.0015981538461538462 0 
29 0.44748307692307693 0 0 0 0 0 0 0 0 0 0 0 0 0 0.0015981538461538462 0 
30 0.44748307692307693 0 0 0 0 0 0 0 0 0 0 0 0 0 0.0015981538461538462 0 
31 0.44748307692307693 0 0 0 0 0 0 0 0 0 0 0 0 0 0.0015981538461538462 0 
32 0 0.0022374153846153847 0.0022374153846153847 0.0022374153846153847 0.0022374153846153847 0.0022374153846153847 0.0022374153846153847 0.0022374153846153847 0.0022374153846153847 0.0022374153846153847 0.0022374153846153847 0.0022374153846153847 0.0022374153846153847 0.0022374153846153847 0 0.020776 
33 0 0 0 0 0 0 0 0 0 0 0 0 0 0 0.11925424 0 
;
param x_bar : 0 1 2 3 4 5 6 7 8 9 10 11 12 13 14 15  := 
0 0 0 0 0 0 0 0 0 0 0 0 0 0 0 0 0 
1 0 0 1 0 0 0 0 0 0 0 0 0 0 0 0 0 
2 0 0 1 0 0 0 0 0 0 0 0 0 0 0 0 0 
3 0 0 1 0 0 0 0 0 0 0 0 0 0 0 0 0 
4 0 0 1 0 0 0 0 0 0 0 0 0 0 0 0 0 
5 0 0 0 0 0 0 1 0 0 0 0 0 0 0 0 0 
6 0 0 0 0 0 0 1 0 0 0 0 0 0 0 0 0 
7 0 0 0 0 0 0 1 0 0 0 0 0 0 0 0 0 
8 0 0 1 0 0 0 0 0 0 0 0 0 0 0 0 0 
9 0 0 0 1 0 0 0 0 0 0 0 0 0 0 0 0 
10 0 0 1 0 0 0 0 0 0 0 0 0 0 0 0 0 
11 0 0 0 1 0 0 0 0 0 0 0 0 0 0 0 0 
12 0 0 0 0 0 0 0 0 0 0 1 0 0 0 0 0 
13 0 0 0 0 0 0 0 0 0 0 1 0 0 0 0 0 
14 0 0 0 0 0 0 0 0 0 0 1 0 0 0 0 0 
15 0 0 0 0 0 0 0 0 0 0 1 0 0 0 0 0 
16 0 0 0 0 0 0 0 0 0 0 0 0 1 0 0 0 
17 0 0 0 0 0 0 0 0 0 0 0 0 1 0 0 0 
18 0 0 0 0 0 0 0 0 0 0 0 0 1 0 0 0 
;
