data;
set C_bar :=  1 2 3 4 5 6 7 8 9 10 11 12 13 14 15 16 17 18 19 20 21 22 23 ;
set C :=  24 25 26 36 29 32 27 28 33 34 35 37 38 39 40 41 42 43 30 31 ;
set R := 0 1 2 3 4 5 ;
set C_bar_r[0] :=  
1 2 3 4 ;
set C_bar_r[1] :=  
5 6 7 ;
set C_bar_r[2] :=  
8 9 10 11 12 13 ;
set C_bar_r[3] :=  
14 15 16 ;
set C_bar_r[4] :=  
17 18 19 20 21 22 23 ;
set C_r[0] :=  
29 ;
set C_r[1] :=  
32 ;
set C_r[2] :=  
27 28 ;
set C_r[3] :=  
33 34 35 37 38 39 40 41 42 43 ;
set C_r[4] :=  
30 31 ;
set C_r[5] :=  
24 25 26 36 ;
set S :=  0 1 2 3 4 5 6 7 8 9 10 11 12 13 14 15 ;
set S_u :=  0 1 2 3 4 5 6 7 8 9 10 11 12 13 14 15 ;
set S_r[0] := 
0 ;
set S_r[1] := 
12 ;
set S_r[2] := 
8 9 ;
set S_r[3] := 
12 13 ;
set S_r[4] := 
10 11 ;
set Rack :=  0 1 2 3 4 5 6 7 ;
param COST : 0 1 2 3 4 5 6 7 8 9 10 11 12 13 14 15 :=
0 0 1 3 3 5 5 5 5 5 5 5 5 5 5 5 5 
1 1 0 3 3 5 5 5 5 5 5 5 5 5 5 5 5 
2 3 3 0 1 5 5 5 5 5 5 5 5 5 5 5 5 
3 3 3 1 0 5 5 5 5 5 5 5 5 5 5 5 5 
4 5 5 5 5 0 1 3 3 5 5 5 5 5 5 5 5 
5 5 5 5 5 1 0 3 3 5 5 5 5 5 5 5 5 
6 5 5 5 5 3 3 0 1 5 5 5 5 5 5 5 5 
7 5 5 5 5 3 3 1 0 5 5 5 5 5 5 5 5 
8 5 5 5 5 5 5 5 5 0 1 3 3 5 5 5 5 
9 5 5 5 5 5 5 5 5 1 0 3 3 5 5 5 5 
10 5 5 5 5 5 5 5 5 3 3 0 1 5 5 5 5 
11 5 5 5 5 5 5 5 5 3 3 1 0 5 5 5 5 
12 5 5 5 5 5 5 5 5 5 5 5 5 0 1 3 3 
13 5 5 5 5 5 5 5 5 5 5 5 5 1 0 3 3 
14 5 5 5 5 5 5 5 5 5 5 5 5 3 3 0 1 
15 5 5 5 5 5 5 5 5 5 5 5 5 3 3 1 0 
;
set S_rack[0] :=  
0 1 ;
set S_rack[1] :=  
2 3 ;
set S_rack[2] :=  
4 5 ;
set S_rack[3] :=  
6 7 ;
set S_rack[4] :=  
8 9 ;
set S_rack[5] :=  
10 11 ;
set S_rack[6] :=  
12 13 ;
set S_rack[7] :=  
14 15 ;
param CPU := 
0 43.0
1 56.0
2 28.0
3 28.0
4 56.0
5 56.0
6 56.0
7 56.0
8 46.0
9 54.0
10 15.0
11 26.0
12 26.0
13 48.0
14 44.0
15 44.0
;
param MEM := 
0 142.0
1 192.0
2 96.0
3 96.0
4 192.0
5 192.0
6 192.0
7 192.0
8 168.0
9 188.0
10 150.0
11 188.0
12 72.0
13 160.0
14 128.0
15 128.0
;
param DISK := 
0 284.8
1 384.0
2 192.0
3 192.0
4 384.0
5 384.0
6 384.0
7 384.0
8 296.0
9 368.0
10 300.8
11 368.0
12 188.0
13 340.8
14 256.0
15 256.0
;
param BDW_out := 
0 8.115413333333333
1 10.0
2 10.0
3 10.0
4 10.0
5 10.0
6 10.0
7 10.0
8 6.8120656
9 8.936344
10 8.0273664
11 8.684598857142857
12 9.570883341714286
13 9.9960066
14 10.0
15 10.0
;
param BDW_in := 
0 9.993269333333334
1 10.0
2 10.0
3 10.0
4 10.0
5 10.0
6 10.0
7 10.0
8 9.986728
9 9.9935536
10 9.988297142857142
11 9.988765257142857
12 9.9861906
13 9.991569056
14 10.0
15 10.0
;
param mem := 
1 8.0
2 8.0
3 32.0
4 2.0
29 8.0
5 8.0
6 16.0
7 64.0
32 64.0
8 4.0
9 4.0
10 4.0
11 4.0
12 8.0
13 4.0
27 8.0
28 4.0
14 16.0
15 32.0
16 16.0
33 32.0
34 16.0
35 16.0
37 16.0
38 16.0
39 32.0
40 16.0
41 16.0
42 32.0
43 16.0
17 2.0
18 2.0
19 2.0
20 2.0
21 2.0
22 32.0
23 4.0
30 2.0
31 2.0
24 2.0
25 32.0
26 2.0
36 2.0
;
param disk := 
1 24.0
2 24.0
3 43.2
4 8.0
29 24.0
5 24.0
6 36.0
7 64.0
32 64.0
8 16.0
9 16.0
10 16.0
11 16.0
12 24.0
13 16.0
27 24.0
28 16.0
14 36.0
15 43.2
16 36.0
33 43.2
34 36.0
35 36.0
37 36.0
38 36.0
39 43.2
40 36.0
41 36.0
42 43.2
43 36.0
17 8.0
18 8.0
19 8.0
20 8.0
21 8.0
22 43.2
23 16.0
30 8.0
31 8.0
24 8.0
25 50.0
26 8.0
36 8.0
;
param cpu : 
0 1 2 3 4 5 6 7 8 9 10 11 12 13 14 15 := 
1 2.0 2.0 2.380952380952381 2.380952380952381 2.0 2.0 2.0 2.0 2.0 2.0 2.0 2.0 2.0 2.0 2.272727272727273 2.272727272727273 
2 2.0 2.0 2.380952380952381 2.380952380952381 2.0 2.0 2.0 2.0 2.0 2.0 2.0 2.0 2.0 2.0 2.272727272727273 2.272727272727273 
3 8.0 8.0 9.523809523809524 9.523809523809524 8.0 8.0 8.0 8.0 8.0 8.0 8.0 8.0 8.0 8.0 9.090909090909092 9.090909090909092 
4 1.0 1.0 1.1904761904761905 1.1904761904761905 1.0 1.0 1.0 1.0 1.0 1.0 1.0 1.0 1.0 1.0 1.1363636363636365 1.1363636363636365 
29 2.0 2.0 2.380952380952381 2.380952380952381 2.0 2.0 2.0 2.0 2.0 2.0 2.0 2.0 2.0 2.0 2.272727272727273 2.272727272727273 
5 2.0 2.0 2.380952380952381 2.380952380952381 2.0 2.0 2.0 2.0 2.0 2.0 2.0 2.0 2.0 2.0 2.272727272727273 2.272727272727273 
6 4.0 4.0 4.761904761904762 4.761904761904762 4.0 4.0 4.0 4.0 4.0 4.0 4.0 4.0 4.0 4.0 4.545454545454546 4.545454545454546 
7 16.0 16.0 19.047619047619047 19.047619047619047 16.0 16.0 16.0 16.0 16.0 16.0 16.0 16.0 16.0 16.0 18.181818181818183 18.181818181818183 
32 16.0 16.0 19.047619047619047 19.047619047619047 16.0 16.0 16.0 16.0 16.0 16.0 16.0 16.0 16.0 16.0 18.181818181818183 18.181818181818183 
8 2.0 2.0 2.380952380952381 2.380952380952381 2.0 2.0 2.0 2.0 2.0 2.0 2.0 2.0 2.0 2.0 2.272727272727273 2.272727272727273 
9 2.0 2.0 2.380952380952381 2.380952380952381 2.0 2.0 2.0 2.0 2.0 2.0 2.0 2.0 2.0 2.0 2.272727272727273 2.272727272727273 
10 2.0 2.0 2.380952380952381 2.380952380952381 2.0 2.0 2.0 2.0 2.0 2.0 2.0 2.0 2.0 2.0 2.272727272727273 2.272727272727273 
11 2.0 2.0 2.380952380952381 2.380952380952381 2.0 2.0 2.0 2.0 2.0 2.0 2.0 2.0 2.0 2.0 2.272727272727273 2.272727272727273 
12 2.0 2.0 2.380952380952381 2.380952380952381 2.0 2.0 2.0 2.0 2.0 2.0 2.0 2.0 2.0 2.0 2.272727272727273 2.272727272727273 
13 2.0 2.0 2.380952380952381 2.380952380952381 2.0 2.0 2.0 2.0 2.0 2.0 2.0 2.0 2.0 2.0 2.272727272727273 2.272727272727273 
27 2.0 2.0 2.380952380952381 2.380952380952381 2.0 2.0 2.0 2.0 2.0 2.0 2.0 2.0 2.0 2.0 2.272727272727273 2.272727272727273 
28 2.0 2.0 2.380952380952381 2.380952380952381 2.0 2.0 2.0 2.0 2.0 2.0 2.0 2.0 2.0 2.0 2.272727272727273 2.272727272727273 
14 4.0 4.0 4.761904761904762 4.761904761904762 4.0 4.0 4.0 4.0 4.0 4.0 4.0 4.0 4.0 4.0 4.545454545454546 4.545454545454546 
15 8.0 8.0 9.523809523809524 9.523809523809524 8.0 8.0 8.0 8.0 8.0 8.0 8.0 8.0 8.0 8.0 9.090909090909092 9.090909090909092 
16 4.0 4.0 4.761904761904762 4.761904761904762 4.0 4.0 4.0 4.0 4.0 4.0 4.0 4.0 4.0 4.0 4.545454545454546 4.545454545454546 
33 8.0 8.0 9.523809523809524 9.523809523809524 8.0 8.0 8.0 8.0 8.0 8.0 8.0 8.0 8.0 8.0 9.090909090909092 9.090909090909092 
34 4.0 4.0 4.761904761904762 4.761904761904762 4.0 4.0 4.0 4.0 4.0 4.0 4.0 4.0 4.0 4.0 4.545454545454546 4.545454545454546 
35 4.0 4.0 4.761904761904762 4.761904761904762 4.0 4.0 4.0 4.0 4.0 4.0 4.0 4.0 4.0 4.0 4.545454545454546 4.545454545454546 
37 4.0 4.0 4.761904761904762 4.761904761904762 4.0 4.0 4.0 4.0 4.0 4.0 4.0 4.0 4.0 4.0 4.545454545454546 4.545454545454546 
38 4.0 4.0 4.761904761904762 4.761904761904762 4.0 4.0 4.0 4.0 4.0 4.0 4.0 4.0 4.0 4.0 4.545454545454546 4.545454545454546 
39 8.0 8.0 9.523809523809524 9.523809523809524 8.0 8.0 8.0 8.0 8.0 8.0 8.0 8.0 8.0 8.0 9.090909090909092 9.090909090909092 
40 4.0 4.0 4.761904761904762 4.761904761904762 4.0 4.0 4.0 4.0 4.0 4.0 4.0 4.0 4.0 4.0 4.545454545454546 4.545454545454546 
41 4.0 4.0 4.761904761904762 4.761904761904762 4.0 4.0 4.0 4.0 4.0 4.0 4.0 4.0 4.0 4.0 4.545454545454546 4.545454545454546 
42 8.0 8.0 9.523809523809524 9.523809523809524 8.0 8.0 8.0 8.0 8.0 8.0 8.0 8.0 8.0 8.0 9.090909090909092 9.090909090909092 
43 4.0 4.0 4.761904761904762 4.761904761904762 4.0 4.0 4.0 4.0 4.0 4.0 4.0 4.0 4.0 4.0 4.545454545454546 4.545454545454546 
17 1.0 1.0 1.1904761904761905 1.1904761904761905 1.0 1.0 1.0 1.0 1.0 1.0 1.0 1.0 1.0 1.0 1.1363636363636365 1.1363636363636365 
18 1.0 1.0 1.1904761904761905 1.1904761904761905 1.0 1.0 1.0 1.0 1.0 1.0 1.0 1.0 1.0 1.0 1.1363636363636365 1.1363636363636365 
19 1.0 1.0 1.1904761904761905 1.1904761904761905 1.0 1.0 1.0 1.0 1.0 1.0 1.0 1.0 1.0 1.0 1.1363636363636365 1.1363636363636365 
20 1.0 1.0 1.1904761904761905 1.1904761904761905 1.0 1.0 1.0 1.0 1.0 1.0 1.0 1.0 1.0 1.0 1.1363636363636365 1.1363636363636365 
21 1.0 1.0 1.1904761904761905 1.1904761904761905 1.0 1.0 1.0 1.0 1.0 1.0 1.0 1.0 1.0 1.0 1.1363636363636365 1.1363636363636365 
22 8.0 8.0 9.523809523809524 9.523809523809524 8.0 8.0 8.0 8.0 8.0 8.0 8.0 8.0 8.0 8.0 9.090909090909092 9.090909090909092 
23 2.0 2.0 2.380952380952381 2.380952380952381 2.0 2.0 2.0 2.0 2.0 2.0 2.0 2.0 2.0 2.0 2.272727272727273 2.272727272727273 
30 1.0 1.0 1.1904761904761905 1.1904761904761905 1.0 1.0 1.0 1.0 1.0 1.0 1.0 1.0 1.0 1.0 1.1363636363636365 1.1363636363636365 
31 1.0 1.0 1.1904761904761905 1.1904761904761905 1.0 1.0 1.0 1.0 1.0 1.0 1.0 1.0 1.0 1.0 1.1363636363636365 1.1363636363636365 
24 1.0 1.0 1.1904761904761905 1.1904761904761905 1.0 1.0 1.0 1.0 1.0 1.0 1.0 1.0 1.0 1.0 1.1363636363636365 1.1363636363636365 
25 8.0 8.0 9.523809523809524 9.523809523809524 8.0 8.0 8.0 8.0 8.0 8.0 8.0 8.0 8.0 8.0 9.090909090909092 9.090909090909092 
26 1.0 1.0 1.1904761904761905 1.1904761904761905 1.0 1.0 1.0 1.0 1.0 1.0 1.0 1.0 1.0 1.0 1.1363636363636365 1.1363636363636365 
36 1.0 1.0 1.1904761904761905 1.1904761904761905 1.0 1.0 1.0 1.0 1.0 1.0 1.0 1.0 1.0 1.0 1.1363636363636365 1.1363636363636365 
;
set c_0 := 0;
param d := 
[0,*,*] : 
0 1 2 3 4 29 := 
0 0 0.0033653333333333335 0.0033653333333333335 0 0 0.0033653333333333335 
1 0.9422933333333333 0 0 0.0033653333333333335 0 0 
2 0.9422933333333333 0 0 0.0033653333333333335 0 0 
3 0 0.004711466666666666 0.004711466666666666 0 0.010096 0.004711466666666666 
4 0 0 0 0.12579616000000002 0 0 
29 0.9422933333333333 0 0 0.0033653333333333335 0 0 
[1,*,*] : 
0 5 6 7 32 := 
0 0 0.00592 0 0 0 
5 0.2537142857142857 0 0.00592 0 0 
6 0 0.019536 0 0.00296 0.00296 
7 0 0 0.0820512 0 0 
32 0 0 0.0820512 0 0 
[2,*,*] : 
0 8 9 10 11 12 13 27 28 := 
0 0 0.0037920000000000002 0.0037920000000000002 0.0037920000000000002 0.0037920000000000002 0 0 0 0.0037920000000000002 
8 1.06176 0 0 0 0 0.0018960000000000001 0 0.0018960000000000001 0 
9 1.06176 0 0 0 0 0.0018960000000000001 0 0.0018960000000000001 0 
10 1.06176 0 0 0 0 0.0018960000000000001 0 0.0018960000000000001 0 
11 1.06176 0 0 0 0 0.0018960000000000001 0 0.0018960000000000001 0 
12 0 0.0026544000000000003 0.0026544000000000003 0.0026544000000000003 0.0026544000000000003 0 0.00948 0 0.0026544000000000003 
13 0 0 0 0 0 0.09555840000000002 0 0.09555840000000002 0 
27 0 0.0026544000000000003 0.0026544000000000003 0.0026544000000000003 0.0026544000000000003 0 0.00948 0 0.0026544000000000003 
28 1.06176 0 0 0 0 0.0018960000000000001 0 0.0018960000000000001 0 
[3,*,*] : 
0 14 15 16 33 34 35 37 38 39 40 41 42 43 := 
0 0 0.003896 0 0 0 0.003896 0 0.003896 0 0 0 0 0 0.003896 
14 0.1669714285714286 0 9.74E-4 0 9.74E-4 0 0 0 0 9.74E-4 0 0 9.74E-4 0 
15 0 0.0032142000000000004 0 7.792000000000001E-4 0 0.0032142000000000004 7.792000000000001E-4 0.0032142000000000004 7.792000000000001E-4 0 7.792000000000001E-4 7.792000000000001E-4 0 0.0032142000000000004 
16 0 0 0.007456944 0 0.007456944 0 0 0 0 0.007456944 0 0 0.007456944 0 
33 0 0.0032142000000000004 0 7.792000000000001E-4 0 0.0032142000000000004 7.792000000000001E-4 0.0032142000000000004 7.792000000000001E-4 0 7.792000000000001E-4 7.792000000000001E-4 0 0.0032142000000000004 
34 0.1669714285714286 0 9.74E-4 0 9.74E-4 0 0 0 0 9.74E-4 0 0 9.74E-4 0 
35 0 0 0.007456944 0 0.007456944 0 0 0 0 0.007456944 0 0 0.007456944 0 
37 0.1669714285714286 0 9.74E-4 0 9.74E-4 0 0 0 0 9.74E-4 0 0 9.74E-4 0 
38 0 0 0.007456944 0 0.007456944 0 0 0 0 0.007456944 0 0 0.007456944 0 
39 0 0.0032142000000000004 0 7.792000000000001E-4 0 0.0032142000000000004 7.792000000000001E-4 0.0032142000000000004 7.792000000000001E-4 0 7.792000000000001E-4 7.792000000000001E-4 0 0.0032142000000000004 
40 0 0 0.007456944 0 0.007456944 0 0 0 0 0.007456944 0 0 0.007456944 0 
41 0 0 0.007456944 0 0.007456944 0 0 0 0 0.007456944 0 0 0.007456944 0 
42 0 0.0032142000000000004 0 7.792000000000001E-4 0 0.0032142000000000004 7.792000000000001E-4 0.0032142000000000004 7.792000000000001E-4 0 7.792000000000001E-4 7.792000000000001E-4 0 0.0032142000000000004 
43 0.1669714285714286 0 9.74E-4 0 9.74E-4 0 0 0 0 9.74E-4 0 0 9.74E-4 0 
[4,*,*] : 
0 17 18 19 20 21 22 23 30 31 := 
0 0 0.0023405714285714284 0.0023405714285714284 0.0023405714285714284 0.0023405714285714284 0.0023405714285714284 0 0 0.0023405714285714284 0.0023405714285714284 
17 0.6553599999999999 0 0 0 0 0 0.0023405714285714284 0 0 0 
18 0.6553599999999999 0 0 0 0 0 0.0023405714285714284 0 0 0 
19 0.6553599999999999 0 0 0 0 0 0.0023405714285714284 0 0 0 
20 0.6553599999999999 0 0 0 0 0 0.0023405714285714284 0 0 0 
21 0.6553599999999999 0 0 0 0 0 0.0023405714285714284 0 0 0 
22 0 0.0032768 0.0032768 0.0032768 0.0032768 0.0032768 0 0.016384 0.0032768 0.0032768 
23 0 0 0 0 0 0 0.07340032 0 0 0 
30 0.6553599999999999 0 0 0 0 0 0.0023405714285714284 0 0 0 
31 0.6553599999999999 0 0 0 0 0 0.0023405714285714284 0 0 0 
[5,*,*] : 
0 24 25 26 36 := 
0 0 0.011584 0 0 0 
24 0.4964571428571429 0 0.011584 0 0 
25 0 0.0382272 0 0.005792 0.005792 
26 0 0 0.14717472 0 0 
36 0 0 0.14717472 0 0 
;
param x_bar : 0 1 2 3 4 5 6 7 8 9 10 11 12 13 14 15  := 
0 0 0 0 0 0 0 0 0 0 0 0 0 0 0 0 0 
1 1 0 0 0 0 0 0 0 0 0 0 0 0 0 0 0 
2 1 0 0 0 0 0 0 0 0 0 0 0 0 0 0 0 
3 1 0 0 0 0 0 0 0 0 0 0 0 0 0 0 0 
4 1 0 0 0 0 0 0 0 0 0 0 0 0 0 0 0 
5 0 0 0 0 0 0 0 0 0 0 0 0 1 0 0 0 
6 0 0 0 0 0 0 0 0 0 0 0 0 1 0 0 0 
7 0 0 0 0 0 0 0 0 0 0 0 0 1 0 0 0 
8 0 0 0 0 0 0 0 0 1 0 0 0 0 0 0 0 
9 0 0 0 0 0 0 0 0 1 0 0 0 0 0 0 0 
10 0 0 0 0 0 0 0 0 1 0 0 0 0 0 0 0 
11 0 0 0 0 0 0 0 0 0 1 0 0 0 0 0 0 
12 0 0 0 0 0 0 0 0 1 0 0 0 0 0 0 0 
13 0 0 0 0 0 0 0 0 1 0 0 0 0 0 0 0 
14 0 0 0 0 0 0 0 0 0 0 0 0 1 0 0 0 
15 0 0 0 0 0 0 0 0 0 0 0 0 0 1 0 0 
16 0 0 0 0 0 0 0 0 0 0 0 0 1 0 0 0 
17 0 0 0 0 0 0 0 0 0 0 1 0 0 0 0 0 
18 0 0 0 0 0 0 0 0 0 0 1 0 0 0 0 0 
19 0 0 0 0 0 0 0 0 0 0 1 0 0 0 0 0 
20 0 0 0 0 0 0 0 0 0 0 0 1 0 0 0 0 
21 0 0 0 0 0 0 0 0 0 0 0 1 0 0 0 0 
22 0 0 0 0 0 0 0 0 0 0 1 0 0 0 0 0 
23 0 0 0 0 0 0 0 0 0 0 1 0 0 0 0 0 
;
