data;
set C_bar :=  1 2 3 4 5 6 7 8 9 10 11 12 13 14 15 16 17 18 19 20 21 ;
set C :=  22 23 24 25 26 27 28 29 30 31 32 33 34 41 39 40 35 36 37 38 ;
set R := 0 1 2 3 4 5 ;
set C_bar_r[0] :=  
1 2 3 ;
set C_bar_r[1] :=  
4 5 6 ;
set C_bar_r[2] :=  
7 8 9 10 11 12 13 14 ;
set C_bar_r[3] :=  
15 16 17 ;
set C_bar_r[4] :=  
18 19 20 21 ;
set C_r[0] :=  
39 40 ;
set C_r[1] :=  
;
set C_r[2] :=  
;
set C_r[3] :=  
35 36 37 38 ;
set C_r[4] :=  
;
set C_r[5] :=  
22 23 24 25 26 27 28 29 30 31 32 33 34 41 ;
set S :=  0 1 2 3 4 5 6 7 8 9 10 11 12 13 14 15 ;
set S_u :=  0 1 2 3 4 5 6 7 8 9 10 11 12 13 14 15 ;
set S_r[0] := 
4 ;
set S_r[1] := 
14 ;
set S_r[2] := 
6 12 13 ;
set S_r[3] := 
10 ;
set S_r[4] := 
12 ;
set Rack :=  0 1 2 3 4 5 6 7 ;
param COST : 0 1 2 3 4 5 6 7 8 9 10 11 12 13 14 15 :=
0 0 1 3 3 5 5 5 5 5 5 5 5 5 5 5 5 
1 1 0 3 3 5 5 5 5 5 5 5 5 5 5 5 5 
2 3 3 0 1 5 5 5 5 5 5 5 5 5 5 5 5 
3 3 3 1 0 5 5 5 5 5 5 5 5 5 5 5 5 
4 5 5 5 5 0 1 3 3 5 5 5 5 5 5 5 5 
5 5 5 5 5 1 0 3 3 5 5 5 5 5 5 5 5 
6 5 5 5 5 3 3 0 1 5 5 5 5 5 5 5 5 
7 5 5 5 5 3 3 1 0 5 5 5 5 5 5 5 5 
8 5 5 5 5 5 5 5 5 0 1 3 3 5 5 5 5 
9 5 5 5 5 5 5 5 5 1 0 3 3 5 5 5 5 
10 5 5 5 5 5 5 5 5 3 3 0 1 5 5 5 5 
11 5 5 5 5 5 5 5 5 3 3 1 0 5 5 5 5 
12 5 5 5 5 5 5 5 5 5 5 5 5 0 1 3 3 
13 5 5 5 5 5 5 5 5 5 5 5 5 1 0 3 3 
14 5 5 5 5 5 5 5 5 5 5 5 5 3 3 0 1 
15 5 5 5 5 5 5 5 5 5 5 5 5 3 3 1 0 
;
set S_rack[0] :=  
0 1 ;
set S_rack[1] :=  
2 3 ;
set S_rack[2] :=  
4 5 ;
set S_rack[3] :=  
6 7 ;
set S_rack[4] :=  
8 9 ;
set S_rack[5] :=  
10 11 ;
set S_rack[6] :=  
12 13 ;
set S_rack[7] :=  
14 15 ;
param CPU := 
0 56.0
1 56.0
2 56.0
3 56.0
4 11.333333492279053
5 28.0
6 27.0
7 28.0
8 56.0
9 56.0
10 43.0
11 56.0
12 42.0
13 54.0
14 34.909090995788574
15 44.0
;
param MEM := 
0 192.0
1 192.0
2 192.0
3 192.0
4 40.0
5 96.0
6 46.0
7 48.0
8 192.0
9 192.0
10 142.0
11 192.0
12 148.0
13 188.0
14 96.0
15 128.0
;
param DISK := 
0 384.0
1 384.0
2 384.0
3 384.0
4 88.80000000000001
5 192.0
6 88.0
7 96.0
8 384.0
9 384.0
10 296.8
11 384.0
12 252.0
13 368.0
14 172.0
15 256.0
;
param BDW_out := 
0 10.0
1 10.0
2 10.0
3 10.0
4 9.242285714285714
5 10.0
6 8.939318666666667
7 10.0
8 10.0
9 10.0
10 9.760685714285714
11 10.0
12 5.640854971428571
13 7.878637333333334
14 9.613942857142858
15 10.0
;
param BDW_in := 
0 10.0
1 10.0
2 10.0
3 10.0
4 9.98232
5 10.0
6 9.9909408
7 10.0
8 10.0
9 10.0
10 9.994416
11 10.0
12 9.949992
13 9.9818816
14 9.990992
15 10.0
;
param mem := 
1 32.0
2 8.0
3 16.0
39 16.0
40 16.0
4 8.0
5 16.0
6 8.0
7 2.0
8 2.0
9 2.0
10 2.0
11 2.0
12 2.0
13 2.0
14 8.0
15 2.0
16 16.0
17 32.0
35 2.0
36 32.0
37 2.0
38 2.0
18 2.0
19 2.0
20 8.0
21 16.0
22 16.0
23 16.0
24 16.0
25 16.0
26 16.0
27 16.0
28 16.0
29 16.0
30 16.0
31 16.0
32 16.0
33 8.0
34 64.0
41 64.0
;
param disk := 
1 43.2
2 24.0
3 36.0
39 36.0
40 36.0
4 24.0
5 36.0
6 24.0
7 8.0
8 8.0
9 8.0
10 8.0
11 8.0
12 8.0
13 8.0
14 24.0
15 8.0
16 36.0
17 43.2
35 8.0
36 43.2
37 8.0
38 8.0
18 8.0
19 8.0
20 24.0
21 36.0
22 36.0
23 36.0
24 36.0
25 36.0
26 36.0
27 36.0
28 36.0
29 36.0
30 36.0
31 36.0
32 36.0
33 24.0
34 64.0
41 64.0
;
param cpu : 
0 1 2 3 4 5 6 7 8 9 10 11 12 13 14 15 := 
1 8.0 8.0 8.0 8.0 9.523809523809524 9.523809523809524 8.0 8.0 8.0 8.0 8.0 8.0 8.0 8.0 9.090909090909092 9.090909090909092 
2 2.0 2.0 2.0 2.0 2.380952380952381 2.380952380952381 2.0 2.0 2.0 2.0 2.0 2.0 2.0 2.0 2.272727272727273 2.272727272727273 
3 4.0 4.0 4.0 4.0 4.761904761904762 4.761904761904762 4.0 4.0 4.0 4.0 4.0 4.0 4.0 4.0 4.545454545454546 4.545454545454546 
39 4.0 4.0 4.0 4.0 4.761904761904762 4.761904761904762 4.0 4.0 4.0 4.0 4.0 4.0 4.0 4.0 4.545454545454546 4.545454545454546 
40 4.0 4.0 4.0 4.0 4.761904761904762 4.761904761904762 4.0 4.0 4.0 4.0 4.0 4.0 4.0 4.0 4.545454545454546 4.545454545454546 
4 2.0 2.0 2.0 2.0 2.380952380952381 2.380952380952381 2.0 2.0 2.0 2.0 2.0 2.0 2.0 2.0 2.272727272727273 2.272727272727273 
5 4.0 4.0 4.0 4.0 4.761904761904762 4.761904761904762 4.0 4.0 4.0 4.0 4.0 4.0 4.0 4.0 4.545454545454546 4.545454545454546 
6 2.0 2.0 2.0 2.0 2.380952380952381 2.380952380952381 2.0 2.0 2.0 2.0 2.0 2.0 2.0 2.0 2.272727272727273 2.272727272727273 
7 1.0 1.0 1.0 1.0 1.1904761904761905 1.1904761904761905 1.0 1.0 1.0 1.0 1.0 1.0 1.0 1.0 1.1363636363636365 1.1363636363636365 
8 1.0 1.0 1.0 1.0 1.1904761904761905 1.1904761904761905 1.0 1.0 1.0 1.0 1.0 1.0 1.0 1.0 1.1363636363636365 1.1363636363636365 
9 1.0 1.0 1.0 1.0 1.1904761904761905 1.1904761904761905 1.0 1.0 1.0 1.0 1.0 1.0 1.0 1.0 1.1363636363636365 1.1363636363636365 
10 1.0 1.0 1.0 1.0 1.1904761904761905 1.1904761904761905 1.0 1.0 1.0 1.0 1.0 1.0 1.0 1.0 1.1363636363636365 1.1363636363636365 
11 1.0 1.0 1.0 1.0 1.1904761904761905 1.1904761904761905 1.0 1.0 1.0 1.0 1.0 1.0 1.0 1.0 1.1363636363636365 1.1363636363636365 
12 1.0 1.0 1.0 1.0 1.1904761904761905 1.1904761904761905 1.0 1.0 1.0 1.0 1.0 1.0 1.0 1.0 1.1363636363636365 1.1363636363636365 
13 1.0 1.0 1.0 1.0 1.1904761904761905 1.1904761904761905 1.0 1.0 1.0 1.0 1.0 1.0 1.0 1.0 1.1363636363636365 1.1363636363636365 
14 2.0 2.0 2.0 2.0 2.380952380952381 2.380952380952381 2.0 2.0 2.0 2.0 2.0 2.0 2.0 2.0 2.272727272727273 2.272727272727273 
15 1.0 1.0 1.0 1.0 1.1904761904761905 1.1904761904761905 1.0 1.0 1.0 1.0 1.0 1.0 1.0 1.0 1.1363636363636365 1.1363636363636365 
16 4.0 4.0 4.0 4.0 4.761904761904762 4.761904761904762 4.0 4.0 4.0 4.0 4.0 4.0 4.0 4.0 4.545454545454546 4.545454545454546 
17 8.0 8.0 8.0 8.0 9.523809523809524 9.523809523809524 8.0 8.0 8.0 8.0 8.0 8.0 8.0 8.0 9.090909090909092 9.090909090909092 
35 1.0 1.0 1.0 1.0 1.1904761904761905 1.1904761904761905 1.0 1.0 1.0 1.0 1.0 1.0 1.0 1.0 1.1363636363636365 1.1363636363636365 
36 8.0 8.0 8.0 8.0 9.523809523809524 9.523809523809524 8.0 8.0 8.0 8.0 8.0 8.0 8.0 8.0 9.090909090909092 9.090909090909092 
37 1.0 1.0 1.0 1.0 1.1904761904761905 1.1904761904761905 1.0 1.0 1.0 1.0 1.0 1.0 1.0 1.0 1.1363636363636365 1.1363636363636365 
38 1.0 1.0 1.0 1.0 1.1904761904761905 1.1904761904761905 1.0 1.0 1.0 1.0 1.0 1.0 1.0 1.0 1.1363636363636365 1.1363636363636365 
18 1.0 1.0 1.0 1.0 1.1904761904761905 1.1904761904761905 1.0 1.0 1.0 1.0 1.0 1.0 1.0 1.0 1.1363636363636365 1.1363636363636365 
19 1.0 1.0 1.0 1.0 1.1904761904761905 1.1904761904761905 1.0 1.0 1.0 1.0 1.0 1.0 1.0 1.0 1.1363636363636365 1.1363636363636365 
20 2.0 2.0 2.0 2.0 2.380952380952381 2.380952380952381 2.0 2.0 2.0 2.0 2.0 2.0 2.0 2.0 2.272727272727273 2.272727272727273 
21 4.0 4.0 4.0 4.0 4.761904761904762 4.761904761904762 4.0 4.0 4.0 4.0 4.0 4.0 4.0 4.0 4.545454545454546 4.545454545454546 
22 4.0 4.0 4.0 4.0 4.761904761904762 4.761904761904762 4.0 4.0 4.0 4.0 4.0 4.0 4.0 4.0 4.545454545454546 4.545454545454546 
23 4.0 4.0 4.0 4.0 4.761904761904762 4.761904761904762 4.0 4.0 4.0 4.0 4.0 4.0 4.0 4.0 4.545454545454546 4.545454545454546 
24 4.0 4.0 4.0 4.0 4.761904761904762 4.761904761904762 4.0 4.0 4.0 4.0 4.0 4.0 4.0 4.0 4.545454545454546 4.545454545454546 
25 4.0 4.0 4.0 4.0 4.761904761904762 4.761904761904762 4.0 4.0 4.0 4.0 4.0 4.0 4.0 4.0 4.545454545454546 4.545454545454546 
26 4.0 4.0 4.0 4.0 4.761904761904762 4.761904761904762 4.0 4.0 4.0 4.0 4.0 4.0 4.0 4.0 4.545454545454546 4.545454545454546 
27 4.0 4.0 4.0 4.0 4.761904761904762 4.761904761904762 4.0 4.0 4.0 4.0 4.0 4.0 4.0 4.0 4.545454545454546 4.545454545454546 
28 4.0 4.0 4.0 4.0 4.761904761904762 4.761904761904762 4.0 4.0 4.0 4.0 4.0 4.0 4.0 4.0 4.545454545454546 4.545454545454546 
29 4.0 4.0 4.0 4.0 4.761904761904762 4.761904761904762 4.0 4.0 4.0 4.0 4.0 4.0 4.0 4.0 4.545454545454546 4.545454545454546 
30 4.0 4.0 4.0 4.0 4.761904761904762 4.761904761904762 4.0 4.0 4.0 4.0 4.0 4.0 4.0 4.0 4.545454545454546 4.545454545454546 
31 4.0 4.0 4.0 4.0 4.761904761904762 4.761904761904762 4.0 4.0 4.0 4.0 4.0 4.0 4.0 4.0 4.545454545454546 4.545454545454546 
32 4.0 4.0 4.0 4.0 4.761904761904762 4.761904761904762 4.0 4.0 4.0 4.0 4.0 4.0 4.0 4.0 4.545454545454546 4.545454545454546 
33 2.0 2.0 2.0 2.0 2.380952380952381 2.380952380952381 2.0 2.0 2.0 2.0 2.0 2.0 2.0 2.0 2.272727272727273 2.272727272727273 
34 16.0 16.0 16.0 16.0 19.047619047619047 19.047619047619047 16.0 16.0 16.0 16.0 16.0 16.0 16.0 16.0 18.181818181818183 18.181818181818183 
41 16.0 16.0 16.0 16.0 19.047619047619047 19.047619047619047 16.0 16.0 16.0 16.0 16.0 16.0 16.0 16.0 18.181818181818183 18.181818181818183 
;
set c_0 := 0;
param d := 
[0,*,*] : 
0 1 2 3 39 40 := 
0 0 0.01768 0 0 0 0 
1 0.7577142857142858 0 0.01768 0 0 0 
2 0 0.058344 0 0.005893333333333334 0.005893333333333334 0.005893333333333334 
3 0 0 0.0700128 0 0 0 
39 0 0 0.0700128 0 0 0 
40 0 0 0.0700128 0 0 0 
[1,*,*] : 
0 4 5 6 := 
0 0 0.009008 0 0 
4 0.38605714285714293 0 0.009008 0 
5 0 0.029726400000000004 0 0.009008 
6 0 0 0.09809712000000001 0 
[2,*,*] : 
0 7 8 9 10 11 12 13 14 := 
0 0 0.003774666666666667 0.003774666666666667 0.003774666666666667 0.003774666666666667 0.003774666666666667 0.003774666666666667 0 0 
7 1.0569066666666667 0 0 0 0 0 0 0.003774666666666667 0 
8 1.0569066666666667 0 0 0 0 0 0 0.003774666666666667 0 
9 1.0569066666666667 0 0 0 0 0 0 0.003774666666666667 0 
10 1.0569066666666667 0 0 0 0 0 0 0.003774666666666667 0 
11 1.0569066666666667 0 0 0 0 0 0 0.003774666666666667 0 
12 1.0569066666666667 0 0 0 0 0 0 0.003774666666666667 0 
13 0 0.005284533333333334 0.005284533333333334 0.005284533333333334 0.005284533333333334 0.005284533333333334 0.005284533333333334 0 0.022648 
14 0 0 0 0 0 0 0 0.21877968000000003 0 
[3,*,*] : 
0 15 16 17 35 36 37 38 := 
0 0 0.005584 0 0 0.005584 0 0.005584 0.005584 
15 0.23931428571428573 0 0.005584 0 0 0 0 0 
16 0 0.0184272 0 0.011168 0.0184272 0.011168 0.0184272 0.0184272 
17 0 0 0.09582144000000001 0 0 0 0 0 
35 0.23931428571428573 0 0.005584 0 0 0 0 0 
36 0 0 0.09582144000000001 0 0 0 0 0 
37 0.23931428571428573 0 0.005584 0 0 0 0 0 
38 0.23931428571428573 0 0.005584 0 0 0 0 0 
[4,*,*] : 
0 18 19 20 21 := 
0 0 0.01368 0.01368 0 0 
18 0.5862857142857143 0 0 0.01368 0 
19 0.5862857142857143 0 0 0.01368 0 
20 0 0.045144 0.045144 0 0.02736 
21 0 0 0 0.7403615999999998 0 
[5,*,*] : 
0 22 23 24 25 26 27 28 29 30 31 32 33 34 41 := 
0 0 0.0024661818181818183 0.0024661818181818183 0.0024661818181818183 0.0024661818181818183 0.0024661818181818183 0.0024661818181818183 0.0024661818181818183 0.0024661818181818183 0.0024661818181818183 0.0024661818181818183 0.0024661818181818183 0 0 0 
22 0.6905309090909091 0 0 0 0 0 0 0 0 0 0 0 0.0024661818181818183 0 0 
23 0.6905309090909091 0 0 0 0 0 0 0 0 0 0 0 0.0024661818181818183 0 0 
24 0.6905309090909091 0 0 0 0 0 0 0 0 0 0 0 0.0024661818181818183 0 0 
25 0.6905309090909091 0 0 0 0 0 0 0 0 0 0 0 0.0024661818181818183 0 0 
26 0.6905309090909091 0 0 0 0 0 0 0 0 0 0 0 0.0024661818181818183 0 0 
27 0.6905309090909091 0 0 0 0 0 0 0 0 0 0 0 0.0024661818181818183 0 0 
28 0.6905309090909091 0 0 0 0 0 0 0 0 0 0 0 0.0024661818181818183 0 0 
29 0.6905309090909091 0 0 0 0 0 0 0 0 0 0 0 0.0024661818181818183 0 0 
30 0.6905309090909091 0 0 0 0 0 0 0 0 0 0 0 0.0024661818181818183 0 0 
31 0.6905309090909091 0 0 0 0 0 0 0 0 0 0 0 0.0024661818181818183 0 0 
32 0.6905309090909091 0 0 0 0 0 0 0 0 0 0 0 0.0024661818181818183 0 0 
33 0 0.003452654545454545 0.003452654545454545 0.003452654545454545 0.003452654545454545 0.003452654545454545 0.003452654545454545 0.003452654545454545 0.003452654545454545 0.003452654545454545 0.003452654545454545 0.003452654545454545 0 0.013564 0.013564 
34 0 0 0 0 0 0 0 0 0 0 0 0 0.05886776 0 0 
41 0 0 0 0 0 0 0 0 0 0 0 0 0.05886776 0 0 
;
param x_bar : 0 1 2 3 4 5 6 7 8 9 10 11 12 13 14 15  := 
0 0 0 0 0 0 0 0 0 0 0 0 0 0 0 0 0 
1 0 0 0 0 1 0 0 0 0 0 0 0 0 0 0 0 
2 0 0 0 0 1 0 0 0 0 0 0 0 0 0 0 0 
3 0 0 0 0 1 0 0 0 0 0 0 0 0 0 0 0 
4 0 0 0 0 0 0 0 0 0 0 0 0 0 0 1 0 
5 0 0 0 0 0 0 0 0 0 0 0 0 0 0 1 0 
6 0 0 0 0 0 0 0 0 0 0 0 0 0 0 1 0 
7 0 0 0 0 0 0 0 0 0 0 0 0 1 0 0 0 
8 0 0 0 0 0 0 0 0 0 0 0 0 1 0 0 0 
9 0 0 0 0 0 0 0 0 0 0 0 0 1 0 0 0 
10 0 0 0 0 0 0 0 0 0 0 0 0 0 1 0 0 
11 0 0 0 0 0 0 0 0 0 0 0 0 0 1 0 0 
12 0 0 0 0 0 0 1 0 0 0 0 0 0 0 0 0 
13 0 0 0 0 0 0 0 0 0 0 0 0 1 0 0 0 
14 0 0 0 0 0 0 0 0 0 0 0 0 1 0 0 0 
15 0 0 0 0 0 0 0 0 0 0 1 0 0 0 0 0 
16 0 0 0 0 0 0 0 0 0 0 1 0 0 0 0 0 
17 0 0 0 0 0 0 0 0 0 0 1 0 0 0 0 0 
18 0 0 0 0 0 0 0 0 0 0 0 0 1 0 0 0 
19 0 0 0 0 0 0 0 0 0 0 0 0 1 0 0 0 
20 0 0 0 0 0 0 0 0 0 0 0 0 1 0 0 0 
21 0 0 0 0 0 0 0 0 0 0 0 0 1 0 0 0 
;
