data;
set C_bar :=  1 2 3 4 5 6 7 8 9 10 11 12 13 14 15 16 17 18 19 20 21 22 23 24 25 ;
set C :=  26 27 28 36 37 38 39 40 41 42 43 44 45 29 30 31 32 33 34 35 ;
set R := 0 1 2 3 4 5 ;
set C_bar_r[0] :=  
1 2 3 4 5 6 ;
set C_bar_r[1] :=  
7 8 9 10 ;
set C_bar_r[2] :=  
11 12 13 14 15 16 17 ;
set C_bar_r[3] :=  
18 19 20 ;
set C_bar_r[4] :=  
21 22 23 24 25 ;
set C_r[0] :=  
;
set C_r[1] :=  
;
set C_r[2] :=  
44 45 ;
set C_r[3] :=  
;
set C_r[4] :=  
29 30 31 32 33 34 35 ;
set C_r[5] :=  
26 27 28 36 37 38 39 40 41 42 43 ;
set S :=  0 1 2 3 4 5 6 7 8 9 10 11 12 13 14 15 ;
set S_u :=  0 1 2 3 4 5 6 7 8 9 10 11 13 14 15 ;
set S_r[0] := 
8 9 ;
set S_r[1] := 
4 ;
set S_r[2] := 
0 1 5 9 12 14 ;
set S_r[3] := 
4 8 9 ;
set S_r[4] := 
12 13 ;
set Rack :=  0 1 2 3 4 5 6 7 ;
param COST : 0 1 2 3 4 5 6 7 8 9 10 11 12 13 14 15 :=
0 0 1 3 3 5 5 5 5 5 5 5 5 5 5 5 5 
1 1 0 3 3 5 5 5 5 5 5 5 5 5 5 5 5 
2 3 3 0 1 5 5 5 5 5 5 5 5 5 5 5 5 
3 3 3 1 0 5 5 5 5 5 5 5 5 5 5 5 5 
4 5 5 5 5 0 1 3 3 5 5 5 5 5 5 5 5 
5 5 5 5 5 1 0 3 3 5 5 5 5 5 5 5 5 
6 5 5 5 5 3 3 0 1 5 5 5 5 5 5 5 5 
7 5 5 5 5 3 3 1 0 5 5 5 5 5 5 5 5 
8 5 5 5 5 5 5 5 5 0 1 3 3 5 5 5 5 
9 5 5 5 5 5 5 5 5 1 0 3 3 5 5 5 5 
10 5 5 5 5 5 5 5 5 3 3 0 1 5 5 5 5 
11 5 5 5 5 5 5 5 5 3 3 1 0 5 5 5 5 
12 5 5 5 5 5 5 5 5 5 5 5 5 0 1 3 3 
13 5 5 5 5 5 5 5 5 5 5 5 5 1 0 3 3 
14 5 5 5 5 5 5 5 5 5 5 5 5 3 3 0 1 
15 5 5 5 5 5 5 5 5 5 5 5 5 3 3 1 0 
;
set S_rack[0] :=  
0 1 ;
set S_rack[1] :=  
2 3 ;
set S_rack[2] :=  
4 5 ;
set S_rack[3] :=  
6 7 ;
set S_rack[4] :=  
8 9 ;
set S_rack[5] :=  
10 11 ;
set S_rack[6] :=  
12 13 ;
set S_rack[7] :=  
14 15 ;
param CPU := 
0 25.81818199157715
1 25.81818199157715
2 28.0
3 28.0
4 12.0
5 12.0
6 28.0
7 28.0
8 25.81818199157715
9 19.00000023841858
10 44.0
11 44.0
12 22.0
13 31.0
14 20.0
15 28.0
;
param MEM := 
0 64.0
1 64.0
2 192.0
3 192.0
4 132.0
5 128.0
6 96.0
7 96.0
8 64.0
9 40.0
10 128.0
11 128.0
12 62.0
13 95.0
14 16.0
15 48.0
;
param DISK := 
0 192.0
1 192.0
2 384.0
3 384.0
4 246.0
5 320.0
6 192.0
7 192.0
8 88.0
9 132.0
10 256.0
11 256.0
12 248.0
13 266.0
14 46.0
15 96.0
;
param BDW_out := 
0 8.628168
1 8.628168
2 10.0
3 10.0
4 6.7281412
5 8.628168
6 10.0
7 10.0
8 3.7509088000000013
9 5.951693142857144
10 10.0
11 10.0
12 7.370034506666667
13 9.371980533333334
14 9.968210666666666
15 10.0
;
param BDW_in := 
0 9.991685866666666
1 9.991685866666666
2 10.0
3 10.0
4 9.974992
5 9.991685866666666
6 10.0
7 10.0
8 9.7961812
9 9.914278666666666
10 10.0
11 10.0
12 9.970973066666666
13 9.996644
14 9.983665173333334
15 10.0
;
param mem := 
1 8.0
2 8.0
3 8.0
4 8.0
5 8.0
6 16.0
7 8.0
8 8.0
9 8.0
10 4.0
11 64.0
12 64.0
13 64.0
14 64.0
15 64.0
16 32.0
17 64.0
44 64.0
45 32.0
18 16.0
19 16.0
20 32.0
21 1.0
22 1.0
23 1.0
24 64.0
25 32.0
29 64.0
30 32.0
31 64.0
32 32.0
33 32.0
34 64.0
35 32.0
26 16.0
27 64.0
28 16.0
36 16.0
37 16.0
38 16.0
39 16.0
40 64.0
41 16.0
42 64.0
43 16.0
;
param disk := 
1 24.0
2 24.0
3 24.0
4 24.0
5 24.0
6 36.0
7 24.0
8 24.0
9 24.0
10 16.0
11 64.0
12 64.0
13 64.0
14 64.0
15 64.0
16 50.0
17 64.0
44 64.0
45 50.0
18 36.0
19 36.0
20 50.0
21 4.0
22 4.0
23 4.0
24 64.0
25 50.0
29 64.0
30 50.0
31 64.0
32 50.0
33 50.0
34 64.0
35 50.0
26 36.0
27 64.0
28 36.0
36 36.0
37 36.0
38 36.0
39 36.0
40 64.0
41 36.0
42 64.0
43 36.0
;
param cpu : 
0 1 2 3 4 5 6 7 8 9 10 11 12 13 14 15 := 
1 2.272727272727273 2.272727272727273 2.0 2.0 2.0 2.0 2.380952380952381 2.380952380952381 2.272727272727273 2.272727272727273 2.272727272727273 2.272727272727273 2.0 2.0 2.0 2.0 
2 2.272727272727273 2.272727272727273 2.0 2.0 2.0 2.0 2.380952380952381 2.380952380952381 2.272727272727273 2.272727272727273 2.272727272727273 2.272727272727273 2.0 2.0 2.0 2.0 
3 2.272727272727273 2.272727272727273 2.0 2.0 2.0 2.0 2.380952380952381 2.380952380952381 2.272727272727273 2.272727272727273 2.272727272727273 2.272727272727273 2.0 2.0 2.0 2.0 
4 2.272727272727273 2.272727272727273 2.0 2.0 2.0 2.0 2.380952380952381 2.380952380952381 2.272727272727273 2.272727272727273 2.272727272727273 2.272727272727273 2.0 2.0 2.0 2.0 
5 2.272727272727273 2.272727272727273 2.0 2.0 2.0 2.0 2.380952380952381 2.380952380952381 2.272727272727273 2.272727272727273 2.272727272727273 2.272727272727273 2.0 2.0 2.0 2.0 
6 4.545454545454546 4.545454545454546 4.0 4.0 4.0 4.0 4.761904761904762 4.761904761904762 4.545454545454546 4.545454545454546 4.545454545454546 4.545454545454546 4.0 4.0 4.0 4.0 
7 2.272727272727273 2.272727272727273 2.0 2.0 2.0 2.0 2.380952380952381 2.380952380952381 2.272727272727273 2.272727272727273 2.272727272727273 2.272727272727273 2.0 2.0 2.0 2.0 
8 2.272727272727273 2.272727272727273 2.0 2.0 2.0 2.0 2.380952380952381 2.380952380952381 2.272727272727273 2.272727272727273 2.272727272727273 2.272727272727273 2.0 2.0 2.0 2.0 
9 2.272727272727273 2.272727272727273 2.0 2.0 2.0 2.0 2.380952380952381 2.380952380952381 2.272727272727273 2.272727272727273 2.272727272727273 2.272727272727273 2.0 2.0 2.0 2.0 
10 2.272727272727273 2.272727272727273 2.0 2.0 2.0 2.0 2.380952380952381 2.380952380952381 2.272727272727273 2.272727272727273 2.272727272727273 2.272727272727273 2.0 2.0 2.0 2.0 
11 18.181818181818183 18.181818181818183 16.0 16.0 16.0 16.0 19.047619047619047 19.047619047619047 18.181818181818183 18.181818181818183 18.181818181818183 18.181818181818183 16.0 16.0 16.0 16.0 
12 18.181818181818183 18.181818181818183 16.0 16.0 16.0 16.0 19.047619047619047 19.047619047619047 18.181818181818183 18.181818181818183 18.181818181818183 18.181818181818183 16.0 16.0 16.0 16.0 
13 18.181818181818183 18.181818181818183 16.0 16.0 16.0 16.0 19.047619047619047 19.047619047619047 18.181818181818183 18.181818181818183 18.181818181818183 18.181818181818183 16.0 16.0 16.0 16.0 
14 18.181818181818183 18.181818181818183 16.0 16.0 16.0 16.0 19.047619047619047 19.047619047619047 18.181818181818183 18.181818181818183 18.181818181818183 18.181818181818183 16.0 16.0 16.0 16.0 
15 18.181818181818183 18.181818181818183 16.0 16.0 16.0 16.0 19.047619047619047 19.047619047619047 18.181818181818183 18.181818181818183 18.181818181818183 18.181818181818183 16.0 16.0 16.0 16.0 
16 9.090909090909092 9.090909090909092 8.0 8.0 8.0 8.0 9.523809523809524 9.523809523809524 9.090909090909092 9.090909090909092 9.090909090909092 9.090909090909092 8.0 8.0 8.0 8.0 
17 18.181818181818183 18.181818181818183 16.0 16.0 16.0 16.0 19.047619047619047 19.047619047619047 18.181818181818183 18.181818181818183 18.181818181818183 18.181818181818183 16.0 16.0 16.0 16.0 
44 18.181818181818183 18.181818181818183 16.0 16.0 16.0 16.0 19.047619047619047 19.047619047619047 18.181818181818183 18.181818181818183 18.181818181818183 18.181818181818183 16.0 16.0 16.0 16.0 
45 9.090909090909092 9.090909090909092 8.0 8.0 8.0 8.0 9.523809523809524 9.523809523809524 9.090909090909092 9.090909090909092 9.090909090909092 9.090909090909092 8.0 8.0 8.0 8.0 
18 4.545454545454546 4.545454545454546 4.0 4.0 4.0 4.0 4.761904761904762 4.761904761904762 4.545454545454546 4.545454545454546 4.545454545454546 4.545454545454546 4.0 4.0 4.0 4.0 
19 4.545454545454546 4.545454545454546 4.0 4.0 4.0 4.0 4.761904761904762 4.761904761904762 4.545454545454546 4.545454545454546 4.545454545454546 4.545454545454546 4.0 4.0 4.0 4.0 
20 9.090909090909092 9.090909090909092 8.0 8.0 8.0 8.0 9.523809523809524 9.523809523809524 9.090909090909092 9.090909090909092 9.090909090909092 9.090909090909092 8.0 8.0 8.0 8.0 
21 1.1363636363636365 1.1363636363636365 1.0 1.0 1.0 1.0 1.1904761904761905 1.1904761904761905 1.1363636363636365 1.1363636363636365 1.1363636363636365 1.1363636363636365 1.0 1.0 1.0 1.0 
22 1.1363636363636365 1.1363636363636365 1.0 1.0 1.0 1.0 1.1904761904761905 1.1904761904761905 1.1363636363636365 1.1363636363636365 1.1363636363636365 1.1363636363636365 1.0 1.0 1.0 1.0 
23 1.1363636363636365 1.1363636363636365 1.0 1.0 1.0 1.0 1.1904761904761905 1.1904761904761905 1.1363636363636365 1.1363636363636365 1.1363636363636365 1.1363636363636365 1.0 1.0 1.0 1.0 
24 18.181818181818183 18.181818181818183 16.0 16.0 16.0 16.0 19.047619047619047 19.047619047619047 18.181818181818183 18.181818181818183 18.181818181818183 18.181818181818183 16.0 16.0 16.0 16.0 
25 9.090909090909092 9.090909090909092 8.0 8.0 8.0 8.0 9.523809523809524 9.523809523809524 9.090909090909092 9.090909090909092 9.090909090909092 9.090909090909092 8.0 8.0 8.0 8.0 
29 18.181818181818183 18.181818181818183 16.0 16.0 16.0 16.0 19.047619047619047 19.047619047619047 18.181818181818183 18.181818181818183 18.181818181818183 18.181818181818183 16.0 16.0 16.0 16.0 
30 9.090909090909092 9.090909090909092 8.0 8.0 8.0 8.0 9.523809523809524 9.523809523809524 9.090909090909092 9.090909090909092 9.090909090909092 9.090909090909092 8.0 8.0 8.0 8.0 
31 18.181818181818183 18.181818181818183 16.0 16.0 16.0 16.0 19.047619047619047 19.047619047619047 18.181818181818183 18.181818181818183 18.181818181818183 18.181818181818183 16.0 16.0 16.0 16.0 
32 9.090909090909092 9.090909090909092 8.0 8.0 8.0 8.0 9.523809523809524 9.523809523809524 9.090909090909092 9.090909090909092 9.090909090909092 9.090909090909092 8.0 8.0 8.0 8.0 
33 9.090909090909092 9.090909090909092 8.0 8.0 8.0 8.0 9.523809523809524 9.523809523809524 9.090909090909092 9.090909090909092 9.090909090909092 9.090909090909092 8.0 8.0 8.0 8.0 
34 18.181818181818183 18.181818181818183 16.0 16.0 16.0 16.0 19.047619047619047 19.047619047619047 18.181818181818183 18.181818181818183 18.181818181818183 18.181818181818183 16.0 16.0 16.0 16.0 
35 9.090909090909092 9.090909090909092 8.0 8.0 8.0 8.0 9.523809523809524 9.523809523809524 9.090909090909092 9.090909090909092 9.090909090909092 9.090909090909092 8.0 8.0 8.0 8.0 
26 4.545454545454546 4.545454545454546 4.0 4.0 4.0 4.0 4.761904761904762 4.761904761904762 4.545454545454546 4.545454545454546 4.545454545454546 4.545454545454546 4.0 4.0 4.0 4.0 
27 18.181818181818183 18.181818181818183 16.0 16.0 16.0 16.0 19.047619047619047 19.047619047619047 18.181818181818183 18.181818181818183 18.181818181818183 18.181818181818183 16.0 16.0 16.0 16.0 
28 4.545454545454546 4.545454545454546 4.0 4.0 4.0 4.0 4.761904761904762 4.761904761904762 4.545454545454546 4.545454545454546 4.545454545454546 4.545454545454546 4.0 4.0 4.0 4.0 
36 4.545454545454546 4.545454545454546 4.0 4.0 4.0 4.0 4.761904761904762 4.761904761904762 4.545454545454546 4.545454545454546 4.545454545454546 4.545454545454546 4.0 4.0 4.0 4.0 
37 4.545454545454546 4.545454545454546 4.0 4.0 4.0 4.0 4.761904761904762 4.761904761904762 4.545454545454546 4.545454545454546 4.545454545454546 4.545454545454546 4.0 4.0 4.0 4.0 
38 4.545454545454546 4.545454545454546 4.0 4.0 4.0 4.0 4.761904761904762 4.761904761904762 4.545454545454546 4.545454545454546 4.545454545454546 4.545454545454546 4.0 4.0 4.0 4.0 
39 4.545454545454546 4.545454545454546 4.0 4.0 4.0 4.0 4.761904761904762 4.761904761904762 4.545454545454546 4.545454545454546 4.545454545454546 4.545454545454546 4.0 4.0 4.0 4.0 
40 18.181818181818183 18.181818181818183 16.0 16.0 16.0 16.0 19.047619047619047 19.047619047619047 18.181818181818183 18.181818181818183 18.181818181818183 18.181818181818183 16.0 16.0 16.0 16.0 
41 4.545454545454546 4.545454545454546 4.0 4.0 4.0 4.0 4.761904761904762 4.761904761904762 4.545454545454546 4.545454545454546 4.545454545454546 4.545454545454546 4.0 4.0 4.0 4.0 
42 18.181818181818183 18.181818181818183 16.0 16.0 16.0 16.0 19.047619047619047 19.047619047619047 18.181818181818183 18.181818181818183 18.181818181818183 18.181818181818183 16.0 16.0 16.0 16.0 
43 4.545454545454546 4.545454545454546 4.0 4.0 4.0 4.0 4.761904761904762 4.761904761904762 4.545454545454546 4.545454545454546 4.545454545454546 4.545454545454546 4.0 4.0 4.0 4.0 
;
set c_0 := 0;
param d := 
[0,*,*] : 
0 1 2 3 4 5 6 := 
0 0 0.007356 0.007356 0.007356 0.007356 0 0 
1 2.0596799999999997 0 0 0 0 0.007356 0 
2 2.0596799999999997 0 0 0 0 0.007356 0 
3 2.0596799999999997 0 0 0 0 0.007356 0 
4 2.0596799999999997 0 0 0 0 0.007356 0 
5 0 0.0102984 0.0102984 0.0102984 0.0102984 0 0.029424 
6 0 0 0 0 0 0.07826783999999999 0 
[1,*,*] : 
0 7 8 9 10 := 
0 0 0.005556 0.005556 0 0 
7 1.55568 0 0 0.005556 0 
8 1.55568 0 0 0.005556 0 
9 0 0.0077783999999999996 0.0077783999999999996 0 0.011112 
10 0 0 0 0.0077783999999999996 0 
[2,*,*] : 
0 11 12 13 14 15 16 17 44 45 := 
0 0 0.004890666666666666 0.004890666666666666 0.004890666666666666 0.004890666666666666 0.004890666666666666 0 0 0.004890666666666666 0 
11 1.3693866666666665 0 0 0 0 0 0.002445333333333333 0 0 0.002445333333333333 
12 1.3693866666666665 0 0 0 0 0 0.002445333333333333 0 0 0.002445333333333333 
13 1.3693866666666665 0 0 0 0 0 0.002445333333333333 0 0 0.002445333333333333 
14 1.3693866666666665 0 0 0 0 0 0.002445333333333333 0 0 0.002445333333333333 
15 1.3693866666666665 0 0 0 0 0 0.002445333333333333 0 0 0.002445333333333333 
16 0 0.0034234666666666663 0.0034234666666666663 0.0034234666666666663 0.0034234666666666663 0.0034234666666666663 0 0.014672 0.0034234666666666663 0 
17 0 0 0 0 0 0 0.00410816 0 0 0.00410816 
44 1.3693866666666665 0 0 0 0 0 0.002445333333333333 0 0 0.002445333333333333 
45 0 0.0034234666666666663 0.0034234666666666663 0.0034234666666666663 0.0034234666666666663 0.0034234666666666663 0 0.014672 0.0034234666666666663 0 
[3,*,*] : 
0 18 19 20 := 
0 0 0.013896 0 0 
18 0.5955428571428573 0 0.013896 0 
19 0 0.04585680000000001 0 0.013896 
20 0 0 0.16049880000000002 0 
[4,*,*] : 
0 21 22 23 24 25 29 30 31 32 33 34 35 := 
0 0 0.0022373333333333334 0.0022373333333333334 0.0022373333333333334 0 0 0 0 0 0 0 0 0 
21 0.6264533333333333 0 0 0 5.593333333333333E-4 0 5.593333333333333E-4 0 5.593333333333333E-4 0 0 5.593333333333333E-4 0 
22 0.6264533333333333 0 0 0 5.593333333333333E-4 0 5.593333333333333E-4 0 5.593333333333333E-4 0 0 5.593333333333333E-4 0 
23 0.6264533333333333 0 0 0 5.593333333333333E-4 0 5.593333333333333E-4 0 5.593333333333333E-4 0 0 5.593333333333333E-4 0 
24 0 7.830666666666667E-4 7.830666666666667E-4 7.830666666666667E-4 0 3.356E-4 0 3.356E-4 0 3.356E-4 3.356E-4 0 3.356E-4 
25 0 0 0 0 0.0035707839999999996 0 0.0035707839999999996 0 0.0035707839999999996 0 0 0.0035707839999999996 0 
29 0 7.830666666666667E-4 7.830666666666667E-4 7.830666666666667E-4 0 3.356E-4 0 3.356E-4 0 3.356E-4 3.356E-4 0 3.356E-4 
30 0 0 0 0 0.0035707839999999996 0 0.0035707839999999996 0 0.0035707839999999996 0 0 0.0035707839999999996 0 
31 0 7.830666666666667E-4 7.830666666666667E-4 7.830666666666667E-4 0 3.356E-4 0 3.356E-4 0 3.356E-4 3.356E-4 0 3.356E-4 
32 0 0 0 0 0.0035707839999999996 0 0.0035707839999999996 0 0.0035707839999999996 0 0 0.0035707839999999996 0 
33 0 0 0 0 0.0035707839999999996 0 0.0035707839999999996 0 0.0035707839999999996 0 0 0.0035707839999999996 0 
34 0 7.830666666666667E-4 7.830666666666667E-4 7.830666666666667E-4 0 3.356E-4 0 3.356E-4 0 3.356E-4 3.356E-4 0 3.356E-4 
35 0 0 0 0 0.0035707839999999996 0 0.0035707839999999996 0 0.0035707839999999996 0 0 0.0035707839999999996 0 
[5,*,*] : 
0 26 27 28 36 37 38 39 40 41 42 43 := 
0 0 0.001186 0 0 0.001186 0.001186 0.001186 0 0 0 0 0 
26 0.33208 0 3.953333333333333E-4 0 0 0 0 0 3.953333333333333E-4 0 3.953333333333333E-4 0 
27 0 5.534666666666667E-4 0 3.953333333333333E-4 5.534666666666667E-4 5.534666666666667E-4 5.534666666666667E-4 3.953333333333333E-4 0 3.953333333333333E-4 0 3.953333333333333E-4 
28 0 0 0.004040306666666667 0 0 0 0 0 0.004040306666666667 0 0.004040306666666667 0 
36 0.33208 0 3.953333333333333E-4 0 0 0 0 0 3.953333333333333E-4 0 3.953333333333333E-4 0 
37 0.33208 0 3.953333333333333E-4 0 0 0 0 0 3.953333333333333E-4 0 3.953333333333333E-4 0 
38 0.33208 0 3.953333333333333E-4 0 0 0 0 0 3.953333333333333E-4 0 3.953333333333333E-4 0 
39 0 0 0.004040306666666667 0 0 0 0 0 0.004040306666666667 0 0.004040306666666667 0 
40 0 5.534666666666667E-4 0 3.953333333333333E-4 5.534666666666667E-4 5.534666666666667E-4 5.534666666666667E-4 3.953333333333333E-4 0 3.953333333333333E-4 0 3.953333333333333E-4 
41 0 0 0.004040306666666667 0 0 0 0 0 0.004040306666666667 0 0.004040306666666667 0 
42 0 5.534666666666667E-4 0 3.953333333333333E-4 5.534666666666667E-4 5.534666666666667E-4 5.534666666666667E-4 3.953333333333333E-4 0 3.953333333333333E-4 0 3.953333333333333E-4 
43 0 0 0.004040306666666667 0 0 0 0 0 0.004040306666666667 0 0.004040306666666667 0 
;
param x_bar : 0 1 2 3 4 5 6 7 8 9 10 11 12 13 14 15  := 
0 0 0 0 0 0 0 0 0 0 0 0 0 0 0 0 0 
1 0 0 0 0 0 0 0 0 1 0 0 0 0 0 0 0 
2 0 0 0 0 0 0 0 0 1 0 0 0 0 0 0 0 
3 0 0 0 0 0 0 0 0 1 0 0 0 0 0 0 0 
4 0 0 0 0 0 0 0 0 0 1 0 0 0 0 0 0 
5 0 0 0 0 0 0 0 0 1 0 0 0 0 0 0 0 
6 0 0 0 0 0 0 0 0 1 0 0 0 0 0 0 0 
7 0 0 0 0 1 0 0 0 0 0 0 0 0 0 0 0 
8 0 0 0 0 1 0 0 0 0 0 0 0 0 0 0 0 
9 0 0 0 0 1 0 0 0 0 0 0 0 0 0 0 0 
10 0 0 0 0 1 0 0 0 0 0 0 0 0 0 0 0 
11 1 0 0 0 0 0 0 0 0 0 0 0 0 0 0 0 
12 0 1 0 0 0 0 0 0 0 0 0 0 0 0 0 0 
13 0 0 0 0 0 0 0 0 0 1 0 0 0 0 0 0 
14 0 0 0 0 0 1 0 0 0 0 0 0 0 0 0 0 
15 0 0 0 0 0 0 0 0 0 0 0 0 1 0 0 0 
16 0 0 0 0 0 0 0 0 0 0 0 0 0 0 1 0 
17 0 0 0 0 0 0 0 0 0 0 0 0 1 0 0 0 
18 0 0 0 0 0 0 0 0 0 1 0 0 0 0 0 0 
19 0 0 0 0 0 0 0 0 1 0 0 0 0 0 0 0 
20 0 0 0 0 1 0 0 0 0 0 0 0 0 0 0 0 
21 0 0 0 0 0 0 0 0 0 0 0 0 1 0 0 0 
22 0 0 0 0 0 0 0 0 0 0 0 0 1 0 0 0 
23 0 0 0 0 0 0 0 0 0 0 0 0 0 1 0 0 
24 0 0 0 0 0 0 0 0 0 0 0 0 0 1 0 0 
25 0 0 0 0 0 0 0 0 0 0 0 0 0 1 0 0 
;
