data;
set C_bar :=  1 2 3 4 5 6 7 8 9 10 11 12 13 14 15 16 17 18 19 20 ;
set C :=  21 22 23 24 38 39 40 25 26 27 28 29 30 31 32 36 37 33 34 35 ;
set R := 0 1 2 3 4 5 ;
set C_bar_r[0] :=  
1 2 3 4 5 6 ;
set C_bar_r[1] :=  
7 8 9 ;
set C_bar_r[2] :=  
10 11 12 ;
set C_bar_r[3] :=  
13 14 15 16 17 ;
set C_bar_r[4] :=  
18 19 20 ;
set C_r[0] :=  
25 26 27 28 29 30 31 32 36 37 ;
set C_r[1] :=  
33 34 35 ;
set C_r[2] :=  
;
set C_r[3] :=  
;
set C_r[4] :=  
;
set C_r[5] :=  
21 22 23 24 38 39 40 ;
set S :=  0 1 2 3 4 5 6 7 8 9 10 11 12 13 14 15 ;
set S_u :=  0 1 2 3 4 5 6 7 9 10 11 12 13 14 15 ;
set S_r[0] := 
0 4 5 ;
set S_r[1] := 
8 ;
set S_r[2] := 
6 ;
set S_r[3] := 
10 ;
set S_r[4] := 
12 ;
set Rack :=  0 1 2 3 4 5 6 7 ;
param COST : 0 1 2 3 4 5 6 7 8 9 10 11 12 13 14 15 :=
0 0 1 3 3 5 5 5 5 5 5 5 5 5 5 5 5 
1 1 0 3 3 5 5 5 5 5 5 5 5 5 5 5 5 
2 3 3 0 1 5 5 5 5 5 5 5 5 5 5 5 5 
3 3 3 1 0 5 5 5 5 5 5 5 5 5 5 5 5 
4 5 5 5 5 0 1 3 3 5 5 5 5 5 5 5 5 
5 5 5 5 5 1 0 3 3 5 5 5 5 5 5 5 5 
6 5 5 5 5 3 3 0 1 5 5 5 5 5 5 5 5 
7 5 5 5 5 3 3 1 0 5 5 5 5 5 5 5 5 
8 5 5 5 5 5 5 5 5 0 1 3 3 5 5 5 5 
9 5 5 5 5 5 5 5 5 1 0 3 3 5 5 5 5 
10 5 5 5 5 5 5 5 5 3 3 0 1 5 5 5 5 
11 5 5 5 5 5 5 5 5 3 3 1 0 5 5 5 5 
12 5 5 5 5 5 5 5 5 5 5 5 5 0 1 3 3 
13 5 5 5 5 5 5 5 5 5 5 5 5 1 0 3 3 
14 5 5 5 5 5 5 5 5 5 5 5 5 3 3 0 1 
15 5 5 5 5 5 5 5 5 5 5 5 5 3 3 1 0 
;
set S_rack[0] :=  
0 1 ;
set S_rack[1] :=  
2 3 ;
set S_rack[2] :=  
4 5 ;
set S_rack[3] :=  
6 7 ;
set S_rack[4] :=  
8 9 ;
set S_rack[5] :=  
10 11 ;
set S_rack[6] :=  
12 13 ;
set S_rack[7] :=  
14 15 ;
param CPU := 
0 39.45454549789429
1 44.0
2 44.0
3 44.0
4 24.0
5 24.0
6 39.45454549789429
7 44.0
8 10.0
9 28.0
10 48.0
11 56.0
12 44.0
13 56.0
14 44.0
15 44.0
;
param MEM := 
0 112.0
1 128.0
2 128.0
3 128.0
4 32.0
5 32.0
6 121.0
7 128.0
8 120.0
9 192.0
10 177.0
11 192.0
12 152.0
13 192.0
14 128.0
15 128.0
;
param DISK := 
0 208.0
1 256.0
2 256.0
3 256.0
4 48.0
5 48.0
6 228.0
7 256.0
8 273.6
9 384.0
10 324.0
11 384.0
12 302.0
13 384.0
14 256.0
15 256.0
;
param BDW_out := 
0 9.407364666666666
1 10.0
2 10.0
3 10.0
4 9.702572133333334
5 9.70316424
6 8.978971428571429
7 10.0
8 9.588
9 10.0
10 5.55808
11 10.0
12 8.67142857142857
13 10.0
14 10.0
15 10.0
;
param BDW_in := 
0 9.9971452
1 10.0
2 10.0
3 10.0
4 9.997631573333333
5 9.998308266666667
6 9.976176
7 10.0
8 9.990386666666666
9 10.0
10 9.984136
11 10.0
12 9.969
13 10.0
14 10.0
15 10.0
;
param mem := 
1 8.0
2 8.0
3 8.0
4 8.0
5 8.0
6 8.0
25 8.0
26 8.0
27 8.0
28 8.0
29 8.0
30 8.0
31 8.0
32 8.0
36 8.0
37 8.0
7 32.0
8 8.0
9 32.0
33 32.0
34 8.0
35 32.0
10 2.0
11 4.0
12 1.0
13 4.0
14 4.0
15 4.0
16 2.0
17 1.0
18 4.0
19 4.0
20 32.0
21 8.0
22 8.0
23 2.0
24 8.0
38 8.0
39 2.0
40 2.0
;
param disk := 
1 24.0
2 24.0
3 24.0
4 24.0
5 24.0
6 24.0
25 24.0
26 24.0
27 24.0
28 24.0
29 24.0
30 24.0
31 24.0
32 24.0
36 24.0
37 24.0
7 43.2
8 24.0
9 43.2
33 43.2
34 24.0
35 43.2
10 8.0
11 16.0
12 4.0
13 16.0
14 16.0
15 16.0
16 8.0
17 4.0
18 16.0
19 16.0
20 50.0
21 24.0
22 24.0
23 8.0
24 24.0
38 24.0
39 8.0
40 8.0
;
param cpu : 
0 1 2 3 4 5 6 7 8 9 10 11 12 13 14 15 := 
1 2.272727272727273 2.272727272727273 2.272727272727273 2.272727272727273 2.0 2.0 2.272727272727273 2.272727272727273 2.0 2.0 2.0 2.0 2.0 2.0 2.272727272727273 2.272727272727273 
2 2.272727272727273 2.272727272727273 2.272727272727273 2.272727272727273 2.0 2.0 2.272727272727273 2.272727272727273 2.0 2.0 2.0 2.0 2.0 2.0 2.272727272727273 2.272727272727273 
3 2.272727272727273 2.272727272727273 2.272727272727273 2.272727272727273 2.0 2.0 2.272727272727273 2.272727272727273 2.0 2.0 2.0 2.0 2.0 2.0 2.272727272727273 2.272727272727273 
4 2.272727272727273 2.272727272727273 2.272727272727273 2.272727272727273 2.0 2.0 2.272727272727273 2.272727272727273 2.0 2.0 2.0 2.0 2.0 2.0 2.272727272727273 2.272727272727273 
5 2.272727272727273 2.272727272727273 2.272727272727273 2.272727272727273 2.0 2.0 2.272727272727273 2.272727272727273 2.0 2.0 2.0 2.0 2.0 2.0 2.272727272727273 2.272727272727273 
6 2.272727272727273 2.272727272727273 2.272727272727273 2.272727272727273 2.0 2.0 2.272727272727273 2.272727272727273 2.0 2.0 2.0 2.0 2.0 2.0 2.272727272727273 2.272727272727273 
25 2.272727272727273 2.272727272727273 2.272727272727273 2.272727272727273 2.0 2.0 2.272727272727273 2.272727272727273 2.0 2.0 2.0 2.0 2.0 2.0 2.272727272727273 2.272727272727273 
26 2.272727272727273 2.272727272727273 2.272727272727273 2.272727272727273 2.0 2.0 2.272727272727273 2.272727272727273 2.0 2.0 2.0 2.0 2.0 2.0 2.272727272727273 2.272727272727273 
27 2.272727272727273 2.272727272727273 2.272727272727273 2.272727272727273 2.0 2.0 2.272727272727273 2.272727272727273 2.0 2.0 2.0 2.0 2.0 2.0 2.272727272727273 2.272727272727273 
28 2.272727272727273 2.272727272727273 2.272727272727273 2.272727272727273 2.0 2.0 2.272727272727273 2.272727272727273 2.0 2.0 2.0 2.0 2.0 2.0 2.272727272727273 2.272727272727273 
29 2.272727272727273 2.272727272727273 2.272727272727273 2.272727272727273 2.0 2.0 2.272727272727273 2.272727272727273 2.0 2.0 2.0 2.0 2.0 2.0 2.272727272727273 2.272727272727273 
30 2.272727272727273 2.272727272727273 2.272727272727273 2.272727272727273 2.0 2.0 2.272727272727273 2.272727272727273 2.0 2.0 2.0 2.0 2.0 2.0 2.272727272727273 2.272727272727273 
31 2.272727272727273 2.272727272727273 2.272727272727273 2.272727272727273 2.0 2.0 2.272727272727273 2.272727272727273 2.0 2.0 2.0 2.0 2.0 2.0 2.272727272727273 2.272727272727273 
32 2.272727272727273 2.272727272727273 2.272727272727273 2.272727272727273 2.0 2.0 2.272727272727273 2.272727272727273 2.0 2.0 2.0 2.0 2.0 2.0 2.272727272727273 2.272727272727273 
36 2.272727272727273 2.272727272727273 2.272727272727273 2.272727272727273 2.0 2.0 2.272727272727273 2.272727272727273 2.0 2.0 2.0 2.0 2.0 2.0 2.272727272727273 2.272727272727273 
37 2.272727272727273 2.272727272727273 2.272727272727273 2.272727272727273 2.0 2.0 2.272727272727273 2.272727272727273 2.0 2.0 2.0 2.0 2.0 2.0 2.272727272727273 2.272727272727273 
7 9.090909090909092 9.090909090909092 9.090909090909092 9.090909090909092 8.0 8.0 9.090909090909092 9.090909090909092 8.0 8.0 8.0 8.0 8.0 8.0 9.090909090909092 9.090909090909092 
8 2.272727272727273 2.272727272727273 2.272727272727273 2.272727272727273 2.0 2.0 2.272727272727273 2.272727272727273 2.0 2.0 2.0 2.0 2.0 2.0 2.272727272727273 2.272727272727273 
9 9.090909090909092 9.090909090909092 9.090909090909092 9.090909090909092 8.0 8.0 9.090909090909092 9.090909090909092 8.0 8.0 8.0 8.0 8.0 8.0 9.090909090909092 9.090909090909092 
33 9.090909090909092 9.090909090909092 9.090909090909092 9.090909090909092 8.0 8.0 9.090909090909092 9.090909090909092 8.0 8.0 8.0 8.0 8.0 8.0 9.090909090909092 9.090909090909092 
34 2.272727272727273 2.272727272727273 2.272727272727273 2.272727272727273 2.0 2.0 2.272727272727273 2.272727272727273 2.0 2.0 2.0 2.0 2.0 2.0 2.272727272727273 2.272727272727273 
35 9.090909090909092 9.090909090909092 9.090909090909092 9.090909090909092 8.0 8.0 9.090909090909092 9.090909090909092 8.0 8.0 8.0 8.0 8.0 8.0 9.090909090909092 9.090909090909092 
10 1.1363636363636365 1.1363636363636365 1.1363636363636365 1.1363636363636365 1.0 1.0 1.1363636363636365 1.1363636363636365 1.0 1.0 1.0 1.0 1.0 1.0 1.1363636363636365 1.1363636363636365 
11 2.272727272727273 2.272727272727273 2.272727272727273 2.272727272727273 2.0 2.0 2.272727272727273 2.272727272727273 2.0 2.0 2.0 2.0 2.0 2.0 2.272727272727273 2.272727272727273 
12 1.1363636363636365 1.1363636363636365 1.1363636363636365 1.1363636363636365 1.0 1.0 1.1363636363636365 1.1363636363636365 1.0 1.0 1.0 1.0 1.0 1.0 1.1363636363636365 1.1363636363636365 
13 2.272727272727273 2.272727272727273 2.272727272727273 2.272727272727273 2.0 2.0 2.272727272727273 2.272727272727273 2.0 2.0 2.0 2.0 2.0 2.0 2.272727272727273 2.272727272727273 
14 2.272727272727273 2.272727272727273 2.272727272727273 2.272727272727273 2.0 2.0 2.272727272727273 2.272727272727273 2.0 2.0 2.0 2.0 2.0 2.0 2.272727272727273 2.272727272727273 
15 2.272727272727273 2.272727272727273 2.272727272727273 2.272727272727273 2.0 2.0 2.272727272727273 2.272727272727273 2.0 2.0 2.0 2.0 2.0 2.0 2.272727272727273 2.272727272727273 
16 1.1363636363636365 1.1363636363636365 1.1363636363636365 1.1363636363636365 1.0 1.0 1.1363636363636365 1.1363636363636365 1.0 1.0 1.0 1.0 1.0 1.0 1.1363636363636365 1.1363636363636365 
17 1.1363636363636365 1.1363636363636365 1.1363636363636365 1.1363636363636365 1.0 1.0 1.1363636363636365 1.1363636363636365 1.0 1.0 1.0 1.0 1.0 1.0 1.1363636363636365 1.1363636363636365 
18 2.272727272727273 2.272727272727273 2.272727272727273 2.272727272727273 2.0 2.0 2.272727272727273 2.272727272727273 2.0 2.0 2.0 2.0 2.0 2.0 2.272727272727273 2.272727272727273 
19 2.272727272727273 2.272727272727273 2.272727272727273 2.272727272727273 2.0 2.0 2.272727272727273 2.272727272727273 2.0 2.0 2.0 2.0 2.0 2.0 2.272727272727273 2.272727272727273 
20 9.090909090909092 9.090909090909092 9.090909090909092 9.090909090909092 8.0 8.0 9.090909090909092 9.090909090909092 8.0 8.0 8.0 8.0 8.0 8.0 9.090909090909092 9.090909090909092 
21 2.272727272727273 2.272727272727273 2.272727272727273 2.272727272727273 2.0 2.0 2.272727272727273 2.272727272727273 2.0 2.0 2.0 2.0 2.0 2.0 2.272727272727273 2.272727272727273 
22 2.272727272727273 2.272727272727273 2.272727272727273 2.272727272727273 2.0 2.0 2.272727272727273 2.272727272727273 2.0 2.0 2.0 2.0 2.0 2.0 2.272727272727273 2.272727272727273 
23 1.1363636363636365 1.1363636363636365 1.1363636363636365 1.1363636363636365 1.0 1.0 1.1363636363636365 1.1363636363636365 1.0 1.0 1.0 1.0 1.0 1.0 1.1363636363636365 1.1363636363636365 
24 2.272727272727273 2.272727272727273 2.272727272727273 2.272727272727273 2.0 2.0 2.272727272727273 2.272727272727273 2.0 2.0 2.0 2.0 2.0 2.0 2.272727272727273 2.272727272727273 
38 2.272727272727273 2.272727272727273 2.272727272727273 2.272727272727273 2.0 2.0 2.272727272727273 2.272727272727273 2.0 2.0 2.0 2.0 2.0 2.0 2.272727272727273 2.272727272727273 
39 1.1363636363636365 1.1363636363636365 1.1363636363636365 1.1363636363636365 1.0 1.0 1.1363636363636365 1.1363636363636365 1.0 1.0 1.0 1.0 1.0 1.0 1.1363636363636365 1.1363636363636365 
40 1.1363636363636365 1.1363636363636365 1.1363636363636365 1.1363636363636365 1.0 1.0 1.1363636363636365 1.1363636363636365 1.0 1.0 1.0 1.0 1.0 1.0 1.1363636363636365 1.1363636363636365 
;
set c_0 := 0;
param d := 
[0,*,*] : 
0 1 2 3 4 5 6 25 26 27 28 29 30 31 32 36 37 := 
0 0 0.0010573333333333333 0.0010573333333333333 0.0010573333333333333 0.0010573333333333333 0 0 0 0 0.0010573333333333333 0 0 0 0 0.0010573333333333333 0 0 
1 0.29605333333333334 0 0 0 0 2.643333333333333E-4 0 0 0 0 2.643333333333333E-4 2.643333333333333E-4 0 0 0 0 2.643333333333333E-4 
2 0.29605333333333334 0 0 0 0 2.643333333333333E-4 0 0 0 0 2.643333333333333E-4 2.643333333333333E-4 0 0 0 0 2.643333333333333E-4 
3 0.29605333333333334 0 0 0 0 2.643333333333333E-4 0 0 0 0 2.643333333333333E-4 2.643333333333333E-4 0 0 0 0 2.643333333333333E-4 
4 0.29605333333333334 0 0 0 0 2.643333333333333E-4 0 0 0 0 2.643333333333333E-4 2.643333333333333E-4 0 0 0 0 2.643333333333333E-4 
5 0 3.7006666666666664E-4 3.7006666666666664E-4 3.7006666666666664E-4 3.7006666666666664E-4 0 2.643333333333333E-4 2.643333333333333E-4 2.643333333333333E-4 3.7006666666666664E-4 0 0 2.643333333333333E-4 2.643333333333333E-4 3.7006666666666664E-4 2.643333333333333E-4 0 
6 0 0 0 0 0 5.180933333333333E-4 0 0 0 0 5.180933333333333E-4 5.180933333333333E-4 0 0 0 0 5.180933333333333E-4 
25 0 0 0 0 0 5.180933333333333E-4 0 0 0 0 5.180933333333333E-4 5.180933333333333E-4 0 0 0 0 5.180933333333333E-4 
26 0 0 0 0 0 5.180933333333333E-4 0 0 0 0 5.180933333333333E-4 5.180933333333333E-4 0 0 0 0 5.180933333333333E-4 
27 0.29605333333333334 0 0 0 0 2.643333333333333E-4 0 0 0 0 2.643333333333333E-4 2.643333333333333E-4 0 0 0 0 2.643333333333333E-4 
28 0 3.7006666666666664E-4 3.7006666666666664E-4 3.7006666666666664E-4 3.7006666666666664E-4 0 2.643333333333333E-4 2.643333333333333E-4 2.643333333333333E-4 3.7006666666666664E-4 0 0 2.643333333333333E-4 2.643333333333333E-4 3.7006666666666664E-4 2.643333333333333E-4 0 
29 0 3.7006666666666664E-4 3.7006666666666664E-4 3.7006666666666664E-4 3.7006666666666664E-4 0 2.643333333333333E-4 2.643333333333333E-4 2.643333333333333E-4 3.7006666666666664E-4 0 0 2.643333333333333E-4 2.643333333333333E-4 3.7006666666666664E-4 2.643333333333333E-4 0 
30 0 0 0 0 0 5.180933333333333E-4 0 0 0 0 5.180933333333333E-4 5.180933333333333E-4 0 0 0 0 5.180933333333333E-4 
31 0 0 0 0 0 5.180933333333333E-4 0 0 0 0 5.180933333333333E-4 5.180933333333333E-4 0 0 0 0 5.180933333333333E-4 
32 0.29605333333333334 0 0 0 0 2.643333333333333E-4 0 0 0 0 2.643333333333333E-4 2.643333333333333E-4 0 0 0 0 2.643333333333333E-4 
36 0 0 0 0 0 5.180933333333333E-4 0 0 0 0 5.180933333333333E-4 5.180933333333333E-4 0 0 0 0 5.180933333333333E-4 
37 0 3.7006666666666664E-4 3.7006666666666664E-4 3.7006666666666664E-4 3.7006666666666664E-4 0 2.643333333333333E-4 2.643333333333333E-4 2.643333333333333E-4 3.7006666666666664E-4 0 0 2.643333333333333E-4 2.643333333333333E-4 3.7006666666666664E-4 2.643333333333333E-4 0 
[1,*,*] : 
0 7 8 9 33 34 35 := 
0 0 0.009613333333333333 0 0 0.009613333333333333 0 0.009613333333333333 
7 0.4120000000000001 0 0.0048066666666666666 0 0 0.0048066666666666666 0 
8 0 0.015862 0 0.01442 0.015862 0 0.015862 
9 0 0 0.0808962 0 0 0.0808962 0 
33 0.4120000000000001 0 0.0048066666666666666 0 0 0.0048066666666666666 0 
34 0 0.015862 0 0.01442 0.015862 0 0.015862 
35 0.4120000000000001 0 0.0048066666666666666 0 0 0.0048066666666666666 0 
[2,*,*] : 
0 10 11 12 := 
0 0 0.023824 0 0 
10 1.0210285714285716 0 0.023824 0 
11 0 0.07861920000000001 0 0.023824 
12 0 0 0.59750592 0 
[3,*,*] : 
0 13 14 15 16 17 := 
0 0 0.005288 0.005288 0.005288 0 0 
13 1.48064 0 0 0 0.005288 0 
14 1.48064 0 0 0 0.005288 0 
15 1.48064 0 0 0 0.005288 0 
16 0 0.0074031999999999995 0.0074031999999999995 0.0074031999999999995 0 0.015864 
17 0 0 0 0 0.0666288 0 
[4,*,*] : 
0 18 19 20 := 
0 0 0.031 0 0 
18 1.3285714285714285 0 0.031 0 
19 0 0.10229999999999999 0 0.031 
20 0 0 0.16368 0 
[5,*,*] : 
0 21 22 23 24 38 39 40 := 
0 0 0.00536 0.00536 0 0 0 0 0 
21 0.22971428571428573 0 0 0.0017866666666666667 0 0 0.0017866666666666667 0.0017866666666666667 
22 0.22971428571428573 0 0 0.0017866666666666667 0 0 0.0017866666666666667 0.0017866666666666667 
23 0 0.005895999999999999 0.005895999999999999 0 0.0017866666666666667 0.0017866666666666667 0 0 
24 0 0 0 0.058370399999999996 0 0 0.058370399999999996 0.058370399999999996 
38 0 0 0 0.058370399999999996 0 0 0.058370399999999996 0.058370399999999996 
39 0 0.005895999999999999 0.005895999999999999 0 0.0017866666666666667 0.0017866666666666667 0 0 
40 0 0.005895999999999999 0.005895999999999999 0 0.0017866666666666667 0.0017866666666666667 0 0 
;
param x_bar : 0 1 2 3 4 5 6 7 8 9 10 11 12 13 14 15  := 
0 0 0 0 0 0 0 0 0 0 0 0 0 0 0 0 0 
1 0 0 0 0 1 0 0 0 0 0 0 0 0 0 0 0 
2 0 0 0 0 0 1 0 0 0 0 0 0 0 0 0 0 
3 1 0 0 0 0 0 0 0 0 0 0 0 0 0 0 0 
4 1 0 0 0 0 0 0 0 0 0 0 0 0 0 0 0 
5 0 0 0 0 1 0 0 0 0 0 0 0 0 0 0 0 
6 0 0 0 0 0 1 0 0 0 0 0 0 0 0 0 0 
7 0 0 0 0 0 0 0 0 1 0 0 0 0 0 0 0 
8 0 0 0 0 0 0 0 0 1 0 0 0 0 0 0 0 
9 0 0 0 0 0 0 0 0 1 0 0 0 0 0 0 0 
10 0 0 0 0 0 0 1 0 0 0 0 0 0 0 0 0 
11 0 0 0 0 0 0 1 0 0 0 0 0 0 0 0 0 
12 0 0 0 0 0 0 1 0 0 0 0 0 0 0 0 0 
13 0 0 0 0 0 0 0 0 0 0 1 0 0 0 0 0 
14 0 0 0 0 0 0 0 0 0 0 1 0 0 0 0 0 
15 0 0 0 0 0 0 0 0 0 0 1 0 0 0 0 0 
16 0 0 0 0 0 0 0 0 0 0 1 0 0 0 0 0 
17 0 0 0 0 0 0 0 0 0 0 1 0 0 0 0 0 
18 0 0 0 0 0 0 0 0 0 0 0 0 1 0 0 0 
19 0 0 0 0 0 0 0 0 0 0 0 0 1 0 0 0 
20 0 0 0 0 0 0 0 0 0 0 0 0 1 0 0 0 
;
