data;
set C_bar :=  1 2 3 4 5 6 7 8 9 10 11 12 13 14 15 16 17 18 19 20 21 22 23 24 25 26 27 28 29 30 31 32 33 34 35 ;
set C :=  36 37 38 39 40 51 53 54 55 43 44 52 45 46 47 48 49 41 42 50 ;
set R := 0 1 2 3 4 5 ;
set C_bar_r[0] :=  
1 2 3 4 5 ;
set C_bar_r[1] :=  
6 7 8 9 10 11 ;
set C_bar_r[2] :=  
12 13 14 15 16 ;
set C_bar_r[3] :=  
17 18 19 20 21 22 23 24 25 26 27 ;
set C_bar_r[4] :=  
28 29 30 31 32 33 34 35 ;
set C_r[0] :=  
51 53 54 55 ;
set C_r[1] :=  
43 44 52 ;
set C_r[2] :=  
45 46 47 48 49 ;
set C_r[3] :=  
41 42 50 ;
set C_r[4] :=  
;
set C_r[5] :=  
36 37 38 39 40 ;
set S :=  0 1 2 3 4 5 6 7 8 9 10 11 12 13 14 15 ;
set S_u :=  0 1 4 5 6 7 8 9 10 11 13 ;
set S_r[0] := 
8 9 12 13 ;
set S_r[1] := 
4 8 9 ;
set S_r[2] := 
12 13 ;
set S_r[3] := 
2 3 5 14 15 ;
set S_r[4] := 
0 1 8 9 10 ;
set Rack :=  0 1 2 3 4 5 6 7 ;
param COST : 0 1 2 3 4 5 6 7 8 9 10 11 12 13 14 15 :=
0 0 1 3 3 5 5 5 5 5 5 5 5 5 5 5 5 
1 1 0 3 3 5 5 5 5 5 5 5 5 5 5 5 5 
2 3 3 0 1 5 5 5 5 5 5 5 5 5 5 5 5 
3 3 3 1 0 5 5 5 5 5 5 5 5 5 5 5 5 
4 5 5 5 5 0 1 3 3 5 5 5 5 5 5 5 5 
5 5 5 5 5 1 0 3 3 5 5 5 5 5 5 5 5 
6 5 5 5 5 3 3 0 1 5 5 5 5 5 5 5 5 
7 5 5 5 5 3 3 1 0 5 5 5 5 5 5 5 5 
8 5 5 5 5 5 5 5 5 0 1 3 3 5 5 5 5 
9 5 5 5 5 5 5 5 5 1 0 3 3 5 5 5 5 
10 5 5 5 5 5 5 5 5 3 3 0 1 5 5 5 5 
11 5 5 5 5 5 5 5 5 3 3 1 0 5 5 5 5 
12 5 5 5 5 5 5 5 5 5 5 5 5 0 1 3 3 
13 5 5 5 5 5 5 5 5 5 5 5 5 1 0 3 3 
14 5 5 5 5 5 5 5 5 5 5 5 5 3 3 0 1 
15 5 5 5 5 5 5 5 5 5 5 5 5 3 3 1 0 
;
set S_rack[0] :=  
0 1 ;
set S_rack[1] :=  
2 3 ;
set S_rack[2] :=  
4 5 ;
set S_rack[3] :=  
6 7 ;
set S_rack[4] :=  
8 9 ;
set S_rack[5] :=  
10 11 ;
set S_rack[6] :=  
12 13 ;
set S_rack[7] :=  
14 15 ;
param CPU := 
0 16.0
1 12.0
2 8.952381134033203
3 8.952381134033203
4 23.545454740524292
5 25.81818199157715
6 28.0
7 28.0
8 17.86363661289215
9 21.272727489471436
10 40.0
11 56.0
12 16.727272987365723
13 23.545454740524292
14 7.761904954910278
15 8.952381134033203
;
param MEM := 
0 144.0
1 128.0
2 32.0
3 32.0
4 56.0
5 64.0
6 48.0
7 48.0
8 39.0
9 48.0
10 128.0
11 192.0
12 40.0
13 60.0
14 30.0
15 32.0
;
param DISK := 
0 298.0
1 284.0
2 92.0
3 92.0
4 168.0
5 156.0
6 96.0
7 96.0
8 92.0
9 108.0
10 284.0
11 384.0
12 112.0
13 176.0
14 90.8
15 92.0
;
param BDW_out := 
0 8.986773333333334
1 8.032426666666666
2 8.179368
3 8.179368
4 8.720603839999999
5 8.179368
6 10.0
7 10.0
8 7.940016133333334
9 6.361935333333333
10 8.032426666666666
11 10.0
12 8.2753097
13 9.12814398
14 9.0731328
15 8.179368
;
param BDW_in := 
0 9.820416
1 9.988224
2 9.988965866666666
3 9.988965866666666
4 9.980830266666667
5 9.988965866666666
6 10.0
7 10.0
8 9.83531504
9 9.978025466666667
10 9.988224
11 10.0
12 9.97853398
13 9.9919449
14 9.983773333333334
15 9.988965866666666
;
param mem := 
1 32.0
2 32.0
3 32.0
4 64.0
5 64.0
51 32.0
53 32.0
54 64.0
55 32.0
6 8.0
7 8.0
8 8.0
9 8.0
10 16.0
11 64.0
43 16.0
44 8.0
52 8.0
12 4.0
13 4.0
14 4.0
15 8.0
16 8.0
45 8.0
46 4.0
47 8.0
48 8.0
49 8.0
17 32.0
18 32.0
19 32.0
20 32.0
21 32.0
22 32.0
23 32.0
24 32.0
25 32.0
26 2.0
27 32.0
41 32.0
42 2.0
50 32.0
28 32.0
29 32.0
30 32.0
31 32.0
32 32.0
33 32.0
34 16.0
35 1.0
36 4.0
37 4.0
38 4.0
39 32.0
40 16.0
;
param disk := 
1 50.0
2 50.0
3 50.0
4 64.0
5 64.0
51 50.0
53 50.0
54 64.0
55 50.0
6 24.0
7 24.0
8 24.0
9 24.0
10 36.0
11 64.0
43 36.0
44 24.0
52 24.0
12 16.0
13 16.0
14 16.0
15 24.0
16 24.0
45 24.0
46 16.0
47 24.0
48 24.0
49 24.0
17 50.0
18 50.0
19 50.0
20 50.0
21 50.0
22 50.0
23 50.0
24 50.0
25 50.0
26 8.0
27 43.2
41 43.2
42 8.0
50 43.2
28 50.0
29 50.0
30 50.0
31 50.0
32 50.0
33 50.0
34 36.0
35 4.0
36 16.0
37 16.0
38 16.0
39 50.0
40 36.0
;
param cpu : 
0 1 2 3 4 5 6 7 8 9 10 11 12 13 14 15 := 
1 8.0 8.0 9.523809523809524 9.523809523809524 9.090909090909092 9.090909090909092 8.0 8.0 9.090909090909092 9.090909090909092 8.0 8.0 9.090909090909092 9.090909090909092 9.523809523809524 9.523809523809524 
2 8.0 8.0 9.523809523809524 9.523809523809524 9.090909090909092 9.090909090909092 8.0 8.0 9.090909090909092 9.090909090909092 8.0 8.0 9.090909090909092 9.090909090909092 9.523809523809524 9.523809523809524 
3 8.0 8.0 9.523809523809524 9.523809523809524 9.090909090909092 9.090909090909092 8.0 8.0 9.090909090909092 9.090909090909092 8.0 8.0 9.090909090909092 9.090909090909092 9.523809523809524 9.523809523809524 
4 16.0 16.0 19.047619047619047 19.047619047619047 18.181818181818183 18.181818181818183 16.0 16.0 18.181818181818183 18.181818181818183 16.0 16.0 18.181818181818183 18.181818181818183 19.047619047619047 19.047619047619047 
5 16.0 16.0 19.047619047619047 19.047619047619047 18.181818181818183 18.181818181818183 16.0 16.0 18.181818181818183 18.181818181818183 16.0 16.0 18.181818181818183 18.181818181818183 19.047619047619047 19.047619047619047 
51 8.0 8.0 9.523809523809524 9.523809523809524 9.090909090909092 9.090909090909092 8.0 8.0 9.090909090909092 9.090909090909092 8.0 8.0 9.090909090909092 9.090909090909092 9.523809523809524 9.523809523809524 
53 8.0 8.0 9.523809523809524 9.523809523809524 9.090909090909092 9.090909090909092 8.0 8.0 9.090909090909092 9.090909090909092 8.0 8.0 9.090909090909092 9.090909090909092 9.523809523809524 9.523809523809524 
54 16.0 16.0 19.047619047619047 19.047619047619047 18.181818181818183 18.181818181818183 16.0 16.0 18.181818181818183 18.181818181818183 16.0 16.0 18.181818181818183 18.181818181818183 19.047619047619047 19.047619047619047 
55 8.0 8.0 9.523809523809524 9.523809523809524 9.090909090909092 9.090909090909092 8.0 8.0 9.090909090909092 9.090909090909092 8.0 8.0 9.090909090909092 9.090909090909092 9.523809523809524 9.523809523809524 
6 2.0 2.0 2.380952380952381 2.380952380952381 2.272727272727273 2.272727272727273 2.0 2.0 2.272727272727273 2.272727272727273 2.0 2.0 2.272727272727273 2.272727272727273 2.380952380952381 2.380952380952381 
7 2.0 2.0 2.380952380952381 2.380952380952381 2.272727272727273 2.272727272727273 2.0 2.0 2.272727272727273 2.272727272727273 2.0 2.0 2.272727272727273 2.272727272727273 2.380952380952381 2.380952380952381 
8 2.0 2.0 2.380952380952381 2.380952380952381 2.272727272727273 2.272727272727273 2.0 2.0 2.272727272727273 2.272727272727273 2.0 2.0 2.272727272727273 2.272727272727273 2.380952380952381 2.380952380952381 
9 2.0 2.0 2.380952380952381 2.380952380952381 2.272727272727273 2.272727272727273 2.0 2.0 2.272727272727273 2.272727272727273 2.0 2.0 2.272727272727273 2.272727272727273 2.380952380952381 2.380952380952381 
10 4.0 4.0 4.761904761904762 4.761904761904762 4.545454545454546 4.545454545454546 4.0 4.0 4.545454545454546 4.545454545454546 4.0 4.0 4.545454545454546 4.545454545454546 4.761904761904762 4.761904761904762 
11 16.0 16.0 19.047619047619047 19.047619047619047 18.181818181818183 18.181818181818183 16.0 16.0 18.181818181818183 18.181818181818183 16.0 16.0 18.181818181818183 18.181818181818183 19.047619047619047 19.047619047619047 
43 4.0 4.0 4.761904761904762 4.761904761904762 4.545454545454546 4.545454545454546 4.0 4.0 4.545454545454546 4.545454545454546 4.0 4.0 4.545454545454546 4.545454545454546 4.761904761904762 4.761904761904762 
44 2.0 2.0 2.380952380952381 2.380952380952381 2.272727272727273 2.272727272727273 2.0 2.0 2.272727272727273 2.272727272727273 2.0 2.0 2.272727272727273 2.272727272727273 2.380952380952381 2.380952380952381 
52 2.0 2.0 2.380952380952381 2.380952380952381 2.272727272727273 2.272727272727273 2.0 2.0 2.272727272727273 2.272727272727273 2.0 2.0 2.272727272727273 2.272727272727273 2.380952380952381 2.380952380952381 
12 2.0 2.0 2.380952380952381 2.380952380952381 2.272727272727273 2.272727272727273 2.0 2.0 2.272727272727273 2.272727272727273 2.0 2.0 2.272727272727273 2.272727272727273 2.380952380952381 2.380952380952381 
13 2.0 2.0 2.380952380952381 2.380952380952381 2.272727272727273 2.272727272727273 2.0 2.0 2.272727272727273 2.272727272727273 2.0 2.0 2.272727272727273 2.272727272727273 2.380952380952381 2.380952380952381 
14 2.0 2.0 2.380952380952381 2.380952380952381 2.272727272727273 2.272727272727273 2.0 2.0 2.272727272727273 2.272727272727273 2.0 2.0 2.272727272727273 2.272727272727273 2.380952380952381 2.380952380952381 
15 2.0 2.0 2.380952380952381 2.380952380952381 2.272727272727273 2.272727272727273 2.0 2.0 2.272727272727273 2.272727272727273 2.0 2.0 2.272727272727273 2.272727272727273 2.380952380952381 2.380952380952381 
16 2.0 2.0 2.380952380952381 2.380952380952381 2.272727272727273 2.272727272727273 2.0 2.0 2.272727272727273 2.272727272727273 2.0 2.0 2.272727272727273 2.272727272727273 2.380952380952381 2.380952380952381 
45 2.0 2.0 2.380952380952381 2.380952380952381 2.272727272727273 2.272727272727273 2.0 2.0 2.272727272727273 2.272727272727273 2.0 2.0 2.272727272727273 2.272727272727273 2.380952380952381 2.380952380952381 
46 2.0 2.0 2.380952380952381 2.380952380952381 2.272727272727273 2.272727272727273 2.0 2.0 2.272727272727273 2.272727272727273 2.0 2.0 2.272727272727273 2.272727272727273 2.380952380952381 2.380952380952381 
47 2.0 2.0 2.380952380952381 2.380952380952381 2.272727272727273 2.272727272727273 2.0 2.0 2.272727272727273 2.272727272727273 2.0 2.0 2.272727272727273 2.272727272727273 2.380952380952381 2.380952380952381 
48 2.0 2.0 2.380952380952381 2.380952380952381 2.272727272727273 2.272727272727273 2.0 2.0 2.272727272727273 2.272727272727273 2.0 2.0 2.272727272727273 2.272727272727273 2.380952380952381 2.380952380952381 
49 2.0 2.0 2.380952380952381 2.380952380952381 2.272727272727273 2.272727272727273 2.0 2.0 2.272727272727273 2.272727272727273 2.0 2.0 2.272727272727273 2.272727272727273 2.380952380952381 2.380952380952381 
17 8.0 8.0 9.523809523809524 9.523809523809524 9.090909090909092 9.090909090909092 8.0 8.0 9.090909090909092 9.090909090909092 8.0 8.0 9.090909090909092 9.090909090909092 9.523809523809524 9.523809523809524 
18 8.0 8.0 9.523809523809524 9.523809523809524 9.090909090909092 9.090909090909092 8.0 8.0 9.090909090909092 9.090909090909092 8.0 8.0 9.090909090909092 9.090909090909092 9.523809523809524 9.523809523809524 
19 8.0 8.0 9.523809523809524 9.523809523809524 9.090909090909092 9.090909090909092 8.0 8.0 9.090909090909092 9.090909090909092 8.0 8.0 9.090909090909092 9.090909090909092 9.523809523809524 9.523809523809524 
20 8.0 8.0 9.523809523809524 9.523809523809524 9.090909090909092 9.090909090909092 8.0 8.0 9.090909090909092 9.090909090909092 8.0 8.0 9.090909090909092 9.090909090909092 9.523809523809524 9.523809523809524 
21 8.0 8.0 9.523809523809524 9.523809523809524 9.090909090909092 9.090909090909092 8.0 8.0 9.090909090909092 9.090909090909092 8.0 8.0 9.090909090909092 9.090909090909092 9.523809523809524 9.523809523809524 
22 8.0 8.0 9.523809523809524 9.523809523809524 9.090909090909092 9.090909090909092 8.0 8.0 9.090909090909092 9.090909090909092 8.0 8.0 9.090909090909092 9.090909090909092 9.523809523809524 9.523809523809524 
23 8.0 8.0 9.523809523809524 9.523809523809524 9.090909090909092 9.090909090909092 8.0 8.0 9.090909090909092 9.090909090909092 8.0 8.0 9.090909090909092 9.090909090909092 9.523809523809524 9.523809523809524 
24 8.0 8.0 9.523809523809524 9.523809523809524 9.090909090909092 9.090909090909092 8.0 8.0 9.090909090909092 9.090909090909092 8.0 8.0 9.090909090909092 9.090909090909092 9.523809523809524 9.523809523809524 
25 8.0 8.0 9.523809523809524 9.523809523809524 9.090909090909092 9.090909090909092 8.0 8.0 9.090909090909092 9.090909090909092 8.0 8.0 9.090909090909092 9.090909090909092 9.523809523809524 9.523809523809524 
26 1.0 1.0 1.1904761904761905 1.1904761904761905 1.1363636363636365 1.1363636363636365 1.0 1.0 1.1363636363636365 1.1363636363636365 1.0 1.0 1.1363636363636365 1.1363636363636365 1.1904761904761905 1.1904761904761905 
27 8.0 8.0 9.523809523809524 9.523809523809524 9.090909090909092 9.090909090909092 8.0 8.0 9.090909090909092 9.090909090909092 8.0 8.0 9.090909090909092 9.090909090909092 9.523809523809524 9.523809523809524 
41 8.0 8.0 9.523809523809524 9.523809523809524 9.090909090909092 9.090909090909092 8.0 8.0 9.090909090909092 9.090909090909092 8.0 8.0 9.090909090909092 9.090909090909092 9.523809523809524 9.523809523809524 
42 1.0 1.0 1.1904761904761905 1.1904761904761905 1.1363636363636365 1.1363636363636365 1.0 1.0 1.1363636363636365 1.1363636363636365 1.0 1.0 1.1363636363636365 1.1363636363636365 1.1904761904761905 1.1904761904761905 
50 8.0 8.0 9.523809523809524 9.523809523809524 9.090909090909092 9.090909090909092 8.0 8.0 9.090909090909092 9.090909090909092 8.0 8.0 9.090909090909092 9.090909090909092 9.523809523809524 9.523809523809524 
28 8.0 8.0 9.523809523809524 9.523809523809524 9.090909090909092 9.090909090909092 8.0 8.0 9.090909090909092 9.090909090909092 8.0 8.0 9.090909090909092 9.090909090909092 9.523809523809524 9.523809523809524 
29 8.0 8.0 9.523809523809524 9.523809523809524 9.090909090909092 9.090909090909092 8.0 8.0 9.090909090909092 9.090909090909092 8.0 8.0 9.090909090909092 9.090909090909092 9.523809523809524 9.523809523809524 
30 8.0 8.0 9.523809523809524 9.523809523809524 9.090909090909092 9.090909090909092 8.0 8.0 9.090909090909092 9.090909090909092 8.0 8.0 9.090909090909092 9.090909090909092 9.523809523809524 9.523809523809524 
31 8.0 8.0 9.523809523809524 9.523809523809524 9.090909090909092 9.090909090909092 8.0 8.0 9.090909090909092 9.090909090909092 8.0 8.0 9.090909090909092 9.090909090909092 9.523809523809524 9.523809523809524 
32 8.0 8.0 9.523809523809524 9.523809523809524 9.090909090909092 9.090909090909092 8.0 8.0 9.090909090909092 9.090909090909092 8.0 8.0 9.090909090909092 9.090909090909092 9.523809523809524 9.523809523809524 
33 8.0 8.0 9.523809523809524 9.523809523809524 9.090909090909092 9.090909090909092 8.0 8.0 9.090909090909092 9.090909090909092 8.0 8.0 9.090909090909092 9.090909090909092 9.523809523809524 9.523809523809524 
34 4.0 4.0 4.761904761904762 4.761904761904762 4.545454545454546 4.545454545454546 4.0 4.0 4.545454545454546 4.545454545454546 4.0 4.0 4.545454545454546 4.545454545454546 4.761904761904762 4.761904761904762 
35 1.0 1.0 1.1904761904761905 1.1904761904761905 1.1363636363636365 1.1363636363636365 1.0 1.0 1.1363636363636365 1.1363636363636365 1.0 1.0 1.1363636363636365 1.1363636363636365 1.1904761904761905 1.1904761904761905 
36 2.0 2.0 2.380952380952381 2.380952380952381 2.272727272727273 2.272727272727273 2.0 2.0 2.272727272727273 2.272727272727273 2.0 2.0 2.272727272727273 2.272727272727273 2.380952380952381 2.380952380952381 
37 2.0 2.0 2.380952380952381 2.380952380952381 2.272727272727273 2.272727272727273 2.0 2.0 2.272727272727273 2.272727272727273 2.0 2.0 2.272727272727273 2.272727272727273 2.380952380952381 2.380952380952381 
38 2.0 2.0 2.380952380952381 2.380952380952381 2.272727272727273 2.272727272727273 2.0 2.0 2.272727272727273 2.272727272727273 2.0 2.0 2.272727272727273 2.272727272727273 2.380952380952381 2.380952380952381 
39 8.0 8.0 9.523809523809524 9.523809523809524 9.090909090909092 9.090909090909092 8.0 8.0 9.090909090909092 9.090909090909092 8.0 8.0 9.090909090909092 9.090909090909092 9.523809523809524 9.523809523809524 
40 4.0 4.0 4.761904761904762 4.761904761904762 4.545454545454546 4.545454545454546 4.0 4.0 4.545454545454546 4.545454545454546 4.0 4.0 4.545454545454546 4.545454545454546 4.761904761904762 4.761904761904762 
;
set c_0 := 0;
param d := 
[0,*,*] : 
0 1 2 3 4 5 51 53 54 55 := 
0 0 0.0013053333333333335 0.0013053333333333335 0.0013053333333333335 0 0 0.0013053333333333335 0.0013053333333333335 0 0.0013053333333333335 
1 0.3654933333333334 0 0 0 6.526666666666667E-4 0 0 0 6.526666666666667E-4 0 
2 0.3654933333333334 0 0 0 6.526666666666667E-4 0 0 0 6.526666666666667E-4 0 
3 0.3654933333333334 0 0 0 6.526666666666667E-4 0 0 0 6.526666666666667E-4 0 
4 0 9.137333333333335E-4 9.137333333333335E-4 9.137333333333335E-4 0 0.003916 9.137333333333335E-4 9.137333333333335E-4 0 9.137333333333335E-4 
5 0 0 0 0 0.01260952 0 0 0 0.01260952 0 
51 0.3654933333333334 0 0 0 6.526666666666667E-4 0 0 0 6.526666666666667E-4 0 
53 0.3654933333333334 0 0 0 6.526666666666667E-4 0 0 0 6.526666666666667E-4 0 
54 0 9.137333333333335E-4 9.137333333333335E-4 9.137333333333335E-4 0 0.003916 9.137333333333335E-4 9.137333333333335E-4 0 9.137333333333335E-4 
55 0.3654933333333334 0 0 0 6.526666666666667E-4 0 0 0 6.526666666666667E-4 0 
[1,*,*] : 
0 6 7 8 9 10 11 43 44 52 := 
0 0 0.004078666666666667 0.004078666666666667 0.004078666666666667 0.004078666666666667 0 0 0 0.004078666666666667 0.004078666666666667 
6 1.1420266666666667 0 0 0 0 0.0020393333333333335 0 0.0020393333333333335 0 0 
7 1.1420266666666667 0 0 0 0 0.0020393333333333335 0 0.0020393333333333335 0 0 
8 1.1420266666666667 0 0 0 0 0.0020393333333333335 0 0.0020393333333333335 0 0 
9 1.1420266666666667 0 0 0 0 0.0020393333333333335 0 0.0020393333333333335 0 0 
10 0 0.0028550666666666666 0.0028550666666666666 0.0028550666666666666 0.0028550666666666666 0 0.012236 0 0.0028550666666666666 0.0028550666666666666 
11 0 0 0 0 0 0.13533016 0 0.13533016 0 0 
43 0 0.0028550666666666666 0.0028550666666666666 0.0028550666666666666 0.0028550666666666666 0 0.012236 0 0.0028550666666666666 0.0028550666666666666 
44 1.1420266666666667 0 0 0 0 0.0020393333333333335 0 0.0020393333333333335 0 0 
52 1.1420266666666667 0 0 0 0 0.0020393333333333335 0 0.0020393333333333335 0 0 
[2,*,*] : 
0 12 13 14 15 16 45 46 47 48 49 := 
0 0 0.003066 0.003066 0.003066 0 0 0 0.003066 0 0 0 
12 0.85848 0 0 0 7.665E-4 0 7.665E-4 0 7.665E-4 7.665E-4 0 
13 0.85848 0 0 0 7.665E-4 0 7.665E-4 0 7.665E-4 7.665E-4 0 
14 0.85848 0 0 0 7.665E-4 0 7.665E-4 0 7.665E-4 7.665E-4 0 
15 0 0.0010731 0.0010731 0.0010731 0 0.001533 0 0.0010731 0 0 0.001533 
16 0 0 0 0 0.0118041 0 0.0118041 0 0.0118041 0.0118041 0 
45 0 0.0010731 0.0010731 0.0010731 0 0.001533 0 0.0010731 0 0 0.001533 
46 0.85848 0 0 0 7.665E-4 0 7.665E-4 0 7.665E-4 7.665E-4 0 
47 0 0.0010731 0.0010731 0.0010731 0 0.001533 0 0.0010731 0 0 0.001533 
48 0 0.0010731 0.0010731 0.0010731 0 0.001533 0 0.0010731 0 0 0.001533 
49 0 0 0 0 0.0118041 0 0.0118041 0 0.0118041 0.0118041 0 
[3,*,*] : 
0 17 18 19 20 21 22 23 24 25 26 27 41 42 50 := 
0 0 0.0032453333333333336 0.0032453333333333336 0.0032453333333333336 0.0032453333333333336 0.0032453333333333336 0.0032453333333333336 0.0032453333333333336 0.0032453333333333336 0.0032453333333333336 0 0 0 0 0 
17 0.9086933333333334 0 0 0 0 0 0 0 0 0 0.0016226666666666668 0 0 0.0016226666666666668 0 
18 0.9086933333333334 0 0 0 0 0 0 0 0 0 0.0016226666666666668 0 0 0.0016226666666666668 0 
19 0.9086933333333334 0 0 0 0 0 0 0 0 0 0.0016226666666666668 0 0 0.0016226666666666668 0 
20 0.9086933333333334 0 0 0 0 0 0 0 0 0 0.0016226666666666668 0 0 0.0016226666666666668 0 
21 0.9086933333333334 0 0 0 0 0 0 0 0 0 0.0016226666666666668 0 0 0.0016226666666666668 0 
22 0.9086933333333334 0 0 0 0 0 0 0 0 0 0.0016226666666666668 0 0 0.0016226666666666668 0 
23 0.9086933333333334 0 0 0 0 0 0 0 0 0 0.0016226666666666668 0 0 0.0016226666666666668 0 
24 0.9086933333333334 0 0 0 0 0 0 0 0 0 0.0016226666666666668 0 0 0.0016226666666666668 0 
25 0.9086933333333334 0 0 0 0 0 0 0 0 0 0.0016226666666666668 0 0 0.0016226666666666668 0 
26 0 0.0022717333333333333 0.0022717333333333333 0.0022717333333333333 0.0022717333333333333 0.0022717333333333333 0.0022717333333333333 0.0022717333333333333 0.0022717333333333333 0.0022717333333333333 0 0.004868 0.004868 0 0.004868 
27 0 0 0 0 0 0 0 0 0 0 0.02657928 0 0 0.02657928 0 
41 0 0 0 0 0 0 0 0 0 0 0.02657928 0 0 0.02657928 0 
42 0 0.0022717333333333333 0.0022717333333333333 0.0022717333333333333 0.0022717333333333333 0.0022717333333333333 0.0022717333333333333 0.0022717333333333333 0.0022717333333333333 0.0022717333333333333 0 0.004868 0.004868 0 0.004868 
50 0 0 0 0 0 0 0 0 0 0 0.02657928 0 0 0.02657928 0 
[4,*,*] : 
0 28 29 30 31 32 33 34 35 := 
0 0 0.0024533333333333334 0.0024533333333333334 0.0024533333333333334 0.0024533333333333334 0.0024533333333333334 0.0024533333333333334 0 0 
28 0.9813333333333333 0 0 0 0 0 0 0.0024533333333333334 0 
29 0.9813333333333333 0 0 0 0 0 0 0.0024533333333333334 0 
30 0.9813333333333333 0 0 0 0 0 0 0.0024533333333333334 0 
31 0.9813333333333333 0 0 0 0 0 0 0.0024533333333333334 0 
32 0.9813333333333333 0 0 0 0 0 0 0.0024533333333333334 0 
33 0.9813333333333333 0 0 0 0 0 0 0.0024533333333333334 0 
34 0 0.003434666666666667 0.003434666666666667 0.003434666666666667 0.003434666666666667 0.003434666666666667 0.003434666666666667 0 0.01472 
35 0 0 0 0 0 0 0 0.164864 0 
[5,*,*] : 
0 36 37 38 39 40 := 
0 0 0.0043946666666666665 0.0043946666666666665 0.0043946666666666665 0 0 
36 1.2305066666666666 0 0 0 0.0043946666666666665 0 
37 1.2305066666666666 0 0 0 0.0043946666666666665 0 
38 1.2305066666666666 0 0 0 0.0043946666666666665 0 
39 0 0.006152533333333332 0.006152533333333332 0.006152533333333332 0 0.013184 
40 0 0 0 0 0.13289472 0 
;
param x_bar : 0 1 2 3 4 5 6 7 8 9 10 11 12 13 14 15  := 
0 0 0 0 0 0 0 0 0 0 0 0 0 0 0 0 0 
1 0 0 0 0 0 0 0 0 1 0 0 0 0 0 0 0 
2 0 0 0 0 0 0 0 0 1 0 0 0 0 0 0 0 
3 0 0 0 0 0 0 0 0 0 1 0 0 0 0 0 0 
4 0 0 0 0 0 0 0 0 0 0 0 0 1 0 0 0 
5 0 0 0 0 0 0 0 0 0 0 0 0 0 1 0 0 
6 0 0 0 0 0 0 0 0 1 0 0 0 0 0 0 0 
7 0 0 0 0 0 0 0 0 0 1 0 0 0 0 0 0 
8 0 0 0 0 0 0 0 0 0 1 0 0 0 0 0 0 
9 0 0 0 0 1 0 0 0 0 0 0 0 0 0 0 0 
10 0 0 0 0 0 0 0 0 1 0 0 0 0 0 0 0 
11 0 0 0 0 1 0 0 0 0 0 0 0 0 0 0 0 
12 0 0 0 0 0 0 0 0 0 0 0 0 1 0 0 0 
13 0 0 0 0 0 0 0 0 0 0 0 0 1 0 0 0 
14 0 0 0 0 0 0 0 0 0 0 0 0 0 1 0 0 
15 0 0 0 0 0 0 0 0 0 0 0 0 1 0 0 0 
16 0 0 0 0 0 0 0 0 0 0 0 0 1 0 0 0 
17 0 0 0 0 0 0 0 0 0 0 0 0 0 0 1 0 
18 0 0 0 0 0 0 0 0 0 0 0 0 0 0 0 1 
19 0 0 0 0 0 0 0 0 0 0 0 0 0 0 0 1 
20 0 0 0 0 0 1 0 0 0 0 0 0 0 0 0 0 
21 0 0 0 0 0 1 0 0 0 0 0 0 0 0 0 0 
22 0 0 1 0 0 0 0 0 0 0 0 0 0 0 0 0 
23 0 0 1 0 0 0 0 0 0 0 0 0 0 0 0 0 
24 0 0 0 1 0 0 0 0 0 0 0 0 0 0 0 0 
25 0 0 0 1 0 0 0 0 0 0 0 0 0 0 0 0 
26 0 0 0 0 0 0 0 0 0 0 0 0 0 0 1 0 
27 0 0 0 0 0 0 0 0 0 0 0 0 0 0 1 0 
28 0 0 0 0 0 0 0 0 0 1 0 0 0 0 0 0 
29 1 0 0 0 0 0 0 0 0 0 0 0 0 0 0 0 
30 0 1 0 0 0 0 0 0 0 0 0 0 0 0 0 0 
31 0 1 0 0 0 0 0 0 0 0 0 0 0 0 0 0 
32 0 0 0 0 0 0 0 0 0 0 1 0 0 0 0 0 
33 0 0 0 0 0 0 0 0 0 0 1 0 0 0 0 0 
34 1 0 0 0 0 0 0 0 0 0 0 0 0 0 0 0 
35 0 0 0 0 0 0 0 0 1 0 0 0 0 0 0 0 
;
