data;
set C_bar :=  1 2 3 4 5 6 7 8 9 10 11 12 13 14 15 16 17 18 19 20 ;
set C :=  21 22 23 24 25 26 27 28 29 30 36 37 38 39 40 31 32 33 34 35 ;
set R := 0 1 2 3 4 5 ;
set C_bar_r[0] :=  
1 2 3 4 5 ;
set C_bar_r[1] :=  
6 7 8 ;
set C_bar_r[2] :=  
9 10 11 12 13 ;
set C_bar_r[3] :=  
14 15 16 17 ;
set C_bar_r[4] :=  
18 19 20 ;
set C_r[0] :=  
;
set C_r[1] :=  
36 ;
set C_r[2] :=  
;
set C_r[3] :=  
37 38 39 40 ;
set C_r[4] :=  
31 32 33 34 35 ;
set C_r[5] :=  
21 22 23 24 25 26 27 28 29 30 ;
set S :=  0 1 2 3 4 5 6 7 8 9 10 11 12 13 14 15 ;
set S_u :=  0 1 2 3 4 5 6 7 8 9 10 11 12 13 14 15 ;
set S_r[0] := 
4 ;
set S_r[1] := 
5 ;
set S_r[2] := 
14 ;
set S_r[3] := 
2 ;
set S_r[4] := 
5 8 ;
set Rack :=  0 1 2 3 4 5 6 7 ;
param COST : 0 1 2 3 4 5 6 7 8 9 10 11 12 13 14 15 :=
0 0 1 3 3 5 5 5 5 5 5 5 5 5 5 5 5 
1 1 0 3 3 5 5 5 5 5 5 5 5 5 5 5 5 
2 3 3 0 1 5 5 5 5 5 5 5 5 5 5 5 5 
3 3 3 1 0 5 5 5 5 5 5 5 5 5 5 5 5 
4 5 5 5 5 0 1 3 3 5 5 5 5 5 5 5 5 
5 5 5 5 5 1 0 3 3 5 5 5 5 5 5 5 5 
6 5 5 5 5 3 3 0 1 5 5 5 5 5 5 5 5 
7 5 5 5 5 3 3 1 0 5 5 5 5 5 5 5 5 
8 5 5 5 5 5 5 5 5 0 1 3 3 5 5 5 5 
9 5 5 5 5 5 5 5 5 1 0 3 3 5 5 5 5 
10 5 5 5 5 5 5 5 5 3 3 0 1 5 5 5 5 
11 5 5 5 5 5 5 5 5 3 3 1 0 5 5 5 5 
12 5 5 5 5 5 5 5 5 5 5 5 5 0 1 3 3 
13 5 5 5 5 5 5 5 5 5 5 5 5 1 0 3 3 
14 5 5 5 5 5 5 5 5 5 5 5 5 3 3 0 1 
15 5 5 5 5 5 5 5 5 5 5 5 5 3 3 1 0 
;
set S_rack[0] :=  
0 1 ;
set S_rack[1] :=  
2 3 ;
set S_rack[2] :=  
4 5 ;
set S_rack[3] :=  
6 7 ;
set S_rack[4] :=  
8 9 ;
set S_rack[5] :=  
10 11 ;
set S_rack[6] :=  
12 13 ;
set S_rack[7] :=  
14 15 ;
param CPU := 
0 56.0
1 56.0
2 14.904762029647827
3 28.0
4 13.714285850524902
5 12.523809671401978
6 28.0
7 28.0
8 52.0
9 56.0
10 28.0
11 28.0
12 56.0
13 56.0
14 42.0
15 56.0
;
param MEM := 
0 192.0
1 192.0
2 54.0
3 96.0
4 48.0
5 50.0
6 48.0
7 48.0
8 176.0
9 192.0
10 192.0
11 192.0
12 192.0
13 192.0
14 148.0
15 192.0
;
param DISK := 
0 384.0
1 384.0
2 88.0
3 192.0
4 60.0
5 72.0
6 96.0
7 96.0
8 348.0
9 384.0
10 384.0
11 384.0
12 384.0
13 384.0
14 264.0
15 384.0
;
param BDW_out := 
0 10.0
1 10.0
2 9.422857142857143
3 10.0
4 4.40448
5 9.620213104761905
6 10.0
7 10.0
8 9.9966464
9 10.0
10 10.0
11 10.0
12 10.0
13 10.0
14 6.37568
15 10.0
;
param BDW_in := 
0 10.0
1 10.0
2 9.986533333333334
3 10.0
4 9.980016
5 9.9879624
6 10.0
7 10.0
8 9.992384533333333
9 10.0
10 10.0
11 10.0
12 10.0
13 10.0
14 9.987056
15 10.0
;
param mem := 
1 8.0
2 8.0
3 8.0
4 8.0
5 16.0
6 8.0
7 16.0
8 16.0
36 8.0
9 4.0
10 4.0
11 4.0
12 16.0
13 16.0
14 16.0
15 16.0
16 8.0
17 2.0
37 8.0
38 8.0
39 16.0
40 8.0
18 4.0
19 16.0
20 2.0
31 16.0
32 16.0
33 4.0
34 4.0
35 2.0
21 4.0
22 4.0
23 4.0
24 4.0
25 4.0
26 32.0
27 32.0
28 32.0
29 32.0
30 32.0
;
param disk := 
1 24.0
2 24.0
3 24.0
4 24.0
5 36.0
6 24.0
7 36.0
8 36.0
36 24.0
9 16.0
10 16.0
11 16.0
12 36.0
13 36.0
14 36.0
15 36.0
16 24.0
17 8.0
37 24.0
38 24.0
39 36.0
40 24.0
18 16.0
19 36.0
20 8.0
31 36.0
32 36.0
33 16.0
34 16.0
35 8.0
21 16.0
22 16.0
23 16.0
24 16.0
25 16.0
26 43.2
27 50.0
28 43.2
29 43.2
30 43.2
;
param cpu : 
0 1 2 3 4 5 6 7 8 9 10 11 12 13 14 15 := 
1 2.0 2.0 2.380952380952381 2.380952380952381 2.380952380952381 2.380952380952381 2.0 2.0 2.0 2.0 2.0 2.0 2.0 2.0 2.0 2.0 
2 2.0 2.0 2.380952380952381 2.380952380952381 2.380952380952381 2.380952380952381 2.0 2.0 2.0 2.0 2.0 2.0 2.0 2.0 2.0 2.0 
3 2.0 2.0 2.380952380952381 2.380952380952381 2.380952380952381 2.380952380952381 2.0 2.0 2.0 2.0 2.0 2.0 2.0 2.0 2.0 2.0 
4 2.0 2.0 2.380952380952381 2.380952380952381 2.380952380952381 2.380952380952381 2.0 2.0 2.0 2.0 2.0 2.0 2.0 2.0 2.0 2.0 
5 4.0 4.0 4.761904761904762 4.761904761904762 4.761904761904762 4.761904761904762 4.0 4.0 4.0 4.0 4.0 4.0 4.0 4.0 4.0 4.0 
6 2.0 2.0 2.380952380952381 2.380952380952381 2.380952380952381 2.380952380952381 2.0 2.0 2.0 2.0 2.0 2.0 2.0 2.0 2.0 2.0 
7 4.0 4.0 4.761904761904762 4.761904761904762 4.761904761904762 4.761904761904762 4.0 4.0 4.0 4.0 4.0 4.0 4.0 4.0 4.0 4.0 
8 4.0 4.0 4.761904761904762 4.761904761904762 4.761904761904762 4.761904761904762 4.0 4.0 4.0 4.0 4.0 4.0 4.0 4.0 4.0 4.0 
36 2.0 2.0 2.380952380952381 2.380952380952381 2.380952380952381 2.380952380952381 2.0 2.0 2.0 2.0 2.0 2.0 2.0 2.0 2.0 2.0 
9 2.0 2.0 2.380952380952381 2.380952380952381 2.380952380952381 2.380952380952381 2.0 2.0 2.0 2.0 2.0 2.0 2.0 2.0 2.0 2.0 
10 2.0 2.0 2.380952380952381 2.380952380952381 2.380952380952381 2.380952380952381 2.0 2.0 2.0 2.0 2.0 2.0 2.0 2.0 2.0 2.0 
11 2.0 2.0 2.380952380952381 2.380952380952381 2.380952380952381 2.380952380952381 2.0 2.0 2.0 2.0 2.0 2.0 2.0 2.0 2.0 2.0 
12 4.0 4.0 4.761904761904762 4.761904761904762 4.761904761904762 4.761904761904762 4.0 4.0 4.0 4.0 4.0 4.0 4.0 4.0 4.0 4.0 
13 4.0 4.0 4.761904761904762 4.761904761904762 4.761904761904762 4.761904761904762 4.0 4.0 4.0 4.0 4.0 4.0 4.0 4.0 4.0 4.0 
14 4.0 4.0 4.761904761904762 4.761904761904762 4.761904761904762 4.761904761904762 4.0 4.0 4.0 4.0 4.0 4.0 4.0 4.0 4.0 4.0 
15 4.0 4.0 4.761904761904762 4.761904761904762 4.761904761904762 4.761904761904762 4.0 4.0 4.0 4.0 4.0 4.0 4.0 4.0 4.0 4.0 
16 2.0 2.0 2.380952380952381 2.380952380952381 2.380952380952381 2.380952380952381 2.0 2.0 2.0 2.0 2.0 2.0 2.0 2.0 2.0 2.0 
17 1.0 1.0 1.1904761904761905 1.1904761904761905 1.1904761904761905 1.1904761904761905 1.0 1.0 1.0 1.0 1.0 1.0 1.0 1.0 1.0 1.0 
37 2.0 2.0 2.380952380952381 2.380952380952381 2.380952380952381 2.380952380952381 2.0 2.0 2.0 2.0 2.0 2.0 2.0 2.0 2.0 2.0 
38 2.0 2.0 2.380952380952381 2.380952380952381 2.380952380952381 2.380952380952381 2.0 2.0 2.0 2.0 2.0 2.0 2.0 2.0 2.0 2.0 
39 4.0 4.0 4.761904761904762 4.761904761904762 4.761904761904762 4.761904761904762 4.0 4.0 4.0 4.0 4.0 4.0 4.0 4.0 4.0 4.0 
40 2.0 2.0 2.380952380952381 2.380952380952381 2.380952380952381 2.380952380952381 2.0 2.0 2.0 2.0 2.0 2.0 2.0 2.0 2.0 2.0 
18 2.0 2.0 2.380952380952381 2.380952380952381 2.380952380952381 2.380952380952381 2.0 2.0 2.0 2.0 2.0 2.0 2.0 2.0 2.0 2.0 
19 4.0 4.0 4.761904761904762 4.761904761904762 4.761904761904762 4.761904761904762 4.0 4.0 4.0 4.0 4.0 4.0 4.0 4.0 4.0 4.0 
20 1.0 1.0 1.1904761904761905 1.1904761904761905 1.1904761904761905 1.1904761904761905 1.0 1.0 1.0 1.0 1.0 1.0 1.0 1.0 1.0 1.0 
31 4.0 4.0 4.761904761904762 4.761904761904762 4.761904761904762 4.761904761904762 4.0 4.0 4.0 4.0 4.0 4.0 4.0 4.0 4.0 4.0 
32 4.0 4.0 4.761904761904762 4.761904761904762 4.761904761904762 4.761904761904762 4.0 4.0 4.0 4.0 4.0 4.0 4.0 4.0 4.0 4.0 
33 2.0 2.0 2.380952380952381 2.380952380952381 2.380952380952381 2.380952380952381 2.0 2.0 2.0 2.0 2.0 2.0 2.0 2.0 2.0 2.0 
34 2.0 2.0 2.380952380952381 2.380952380952381 2.380952380952381 2.380952380952381 2.0 2.0 2.0 2.0 2.0 2.0 2.0 2.0 2.0 2.0 
35 1.0 1.0 1.1904761904761905 1.1904761904761905 1.1904761904761905 1.1904761904761905 1.0 1.0 1.0 1.0 1.0 1.0 1.0 1.0 1.0 1.0 
21 2.0 2.0 2.380952380952381 2.380952380952381 2.380952380952381 2.380952380952381 2.0 2.0 2.0 2.0 2.0 2.0 2.0 2.0 2.0 2.0 
22 2.0 2.0 2.380952380952381 2.380952380952381 2.380952380952381 2.380952380952381 2.0 2.0 2.0 2.0 2.0 2.0 2.0 2.0 2.0 2.0 
23 2.0 2.0 2.380952380952381 2.380952380952381 2.380952380952381 2.380952380952381 2.0 2.0 2.0 2.0 2.0 2.0 2.0 2.0 2.0 2.0 
24 2.0 2.0 2.380952380952381 2.380952380952381 2.380952380952381 2.380952380952381 2.0 2.0 2.0 2.0 2.0 2.0 2.0 2.0 2.0 2.0 
25 2.0 2.0 2.380952380952381 2.380952380952381 2.380952380952381 2.380952380952381 2.0 2.0 2.0 2.0 2.0 2.0 2.0 2.0 2.0 2.0 
26 8.0 8.0 9.523809523809524 9.523809523809524 9.523809523809524 9.523809523809524 8.0 8.0 8.0 8.0 8.0 8.0 8.0 8.0 8.0 8.0 
27 8.0 8.0 9.523809523809524 9.523809523809524 9.523809523809524 9.523809523809524 8.0 8.0 8.0 8.0 8.0 8.0 8.0 8.0 8.0 8.0 
28 8.0 8.0 9.523809523809524 9.523809523809524 9.523809523809524 9.523809523809524 8.0 8.0 8.0 8.0 8.0 8.0 8.0 8.0 8.0 8.0 
29 8.0 8.0 9.523809523809524 9.523809523809524 9.523809523809524 9.523809523809524 8.0 8.0 8.0 8.0 8.0 8.0 8.0 8.0 8.0 8.0 
30 8.0 8.0 9.523809523809524 9.523809523809524 9.523809523809524 9.523809523809524 8.0 8.0 8.0 8.0 8.0 8.0 8.0 8.0 8.0 8.0 
;
set c_0 := 0;
param d := 
[0,*,*] : 
0 1 2 3 4 5 := 
0 0 0.0066613333333333325 0.0066613333333333325 0.0066613333333333325 0 0 
1 1.8651733333333331 0 0 0 0.0066613333333333325 0 
2 1.8651733333333331 0 0 0 0.0066613333333333325 0 
3 1.8651733333333331 0 0 0 0.0066613333333333325 0 
4 0 0.009325866666666667 0.009325866666666667 0.009325866666666667 0 0.019984 
5 0 0 0 0 0.0279776 0 
[1,*,*] : 
0 6 7 8 36 := 
0 0 0.006588 0 0 0.006588 
6 0.2823428571428572 0 0.006588 0 0 
7 0 0.0217404 0 0.013176 0.0217404 
8 0 0 0.42611184 0 0 
36 0.2823428571428572 0 0.006588 0 0 
[2,*,*] : 
0 9 10 11 12 13 := 
0 0 0.004314666666666667 0.004314666666666667 0.004314666666666667 0 0 
9 1.2081066666666667 0 0 0 0.004314666666666667 0 
10 1.2081066666666667 0 0 0 0.004314666666666667 0 
11 1.2081066666666667 0 0 0 0.004314666666666667 0 
12 0 0.006040533333333334 0.006040533333333334 0.006040533333333334 0 0.012944 
13 0 0 0 0 0.0054364800000000005 0 
[3,*,*] : 
0 14 15 16 17 37 38 39 40 := 
0 0 0.006733333333333333 0.006733333333333333 0 0 0 0 0.006733333333333333 0 
14 0.2885714285714286 0 0 0.0016833333333333333 0 0.0016833333333333333 0.0016833333333333333 0 0.0016833333333333333 
15 0.2885714285714286 0 0 0.0016833333333333333 0 0.0016833333333333333 0.0016833333333333333 0 0.0016833333333333333 
16 0 0.005555 0.005555 0 0.00505 0 0 0.005555 0 
17 0 0 0 0.0449955 0 0.0449955 0.0449955 0 0.0449955 
37 0 0.005555 0.005555 0 0.00505 0 0 0.005555 0 
38 0 0.005555 0.005555 0 0.00505 0 0 0.005555 0 
39 0.2885714285714286 0 0 0.0016833333333333333 0 0.0016833333333333333 0.0016833333333333333 0 0.0016833333333333333 
40 0 0.005555 0.005555 0 0.00505 0 0 0.005555 0 
[4,*,*] : 
0 18 19 20 31 32 33 34 35 := 
0 0 0.002096 0 0 0 0 0.002096 0.002096 0 
18 0.08982857142857144 0 6.986666666666668E-4 0 6.986666666666668E-4 6.986666666666668E-4 0 0 0 
19 0 0.0023056 0 0.001048 0 0 0.0023056 0.0023056 0.001048 
20 0 0 0.006916800000000001 0 0.006916800000000001 0.006916800000000001 0 0 0 
31 0 0.0023056 0 0.001048 0 0 0.0023056 0.0023056 0.001048 
32 0 0.0023056 0 0.001048 0 0 0.0023056 0.0023056 0.001048 
33 0.08982857142857144 0 6.986666666666668E-4 0 6.986666666666668E-4 6.986666666666668E-4 0 0 0 
34 0.08982857142857144 0 6.986666666666668E-4 0 6.986666666666668E-4 6.986666666666668E-4 0 0 0 
35 0 0 0.006916800000000001 0 0.006916800000000001 0.006916800000000001 0 0 0 
[5,*,*] : 
0 21 22 23 24 25 26 27 28 29 30 := 
0 0 0.0050544 0.0050544 0.0050544 0.0050544 0.0050544 0 0 0 0 0 
21 1.415232 0 0 0 0 0 0.0012636 0 0.0012636 0.0012636 0.0012636 
22 1.415232 0 0 0 0 0 0.0012636 0 0.0012636 0.0012636 0.0012636 
23 1.415232 0 0 0 0 0 0.0012636 0 0.0012636 0.0012636 0.0012636 
24 1.415232 0 0 0 0 0 0.0012636 0 0.0012636 0.0012636 0.0012636 
25 1.415232 0 0 0 0 0 0.0012636 0 0.0012636 0.0012636 0.0012636 
26 0 0.00176904 0.00176904 0.00176904 0.00176904 0.00176904 0 0.006318 0 0 0 
27 0 0 0 0 0 0 0.0176904 0 0.0176904 0.0176904 0.0176904 
28 0 0.00176904 0.00176904 0.00176904 0.00176904 0.00176904 0 0.006318 0 0 0 
29 0 0.00176904 0.00176904 0.00176904 0.00176904 0.00176904 0 0.006318 0 0 0 
30 0 0.00176904 0.00176904 0.00176904 0.00176904 0.00176904 0 0.006318 0 0 0 
;
param x_bar : 0 1 2 3 4 5 6 7 8 9 10 11 12 13 14 15  := 
0 0 0 0 0 0 0 0 0 0 0 0 0 0 0 0 0 
1 0 0 0 0 1 0 0 0 0 0 0 0 0 0 0 0 
2 0 0 0 0 1 0 0 0 0 0 0 0 0 0 0 0 
3 0 0 0 0 1 0 0 0 0 0 0 0 0 0 0 0 
4 0 0 0 0 1 0 0 0 0 0 0 0 0 0 0 0 
5 0 0 0 0 1 0 0 0 0 0 0 0 0 0 0 0 
6 0 0 0 0 0 1 0 0 0 0 0 0 0 0 0 0 
7 0 0 0 0 0 1 0 0 0 0 0 0 0 0 0 0 
8 0 0 0 0 0 1 0 0 0 0 0 0 0 0 0 0 
9 0 0 0 0 0 0 0 0 0 0 0 0 0 0 1 0 
10 0 0 0 0 0 0 0 0 0 0 0 0 0 0 1 0 
11 0 0 0 0 0 0 0 0 0 0 0 0 0 0 1 0 
12 0 0 0 0 0 0 0 0 0 0 0 0 0 0 1 0 
13 0 0 0 0 0 0 0 0 0 0 0 0 0 0 1 0 
14 0 0 1 0 0 0 0 0 0 0 0 0 0 0 0 0 
15 0 0 1 0 0 0 0 0 0 0 0 0 0 0 0 0 
16 0 0 1 0 0 0 0 0 0 0 0 0 0 0 0 0 
17 0 0 1 0 0 0 0 0 0 0 0 0 0 0 0 0 
18 0 0 0 0 0 1 0 0 0 0 0 0 0 0 0 0 
19 0 0 0 0 0 0 0 0 1 0 0 0 0 0 0 0 
20 0 0 0 0 0 1 0 0 0 0 0 0 0 0 0 0 
;
