seed100_p8_C40_nR3_oR210
0.08782982948246207 674 0.08584441221262079 1227 0.08557714450321909 1230 0.08485170357770015 1230 0.08259901859845717 1232 0.08184082060496921 1253 0.08084811197004857 1409 0.07858351867904328 1409 0.07759081004412265 1410 0.07532621675311736 1410 0.07433350811819672 1411 0.07334079948327608 1411 0.07307353177387438 1412 0.07280626406447267 1412 0.07036267357851417 1412 0.06956087045030904 1413 0.06956087045030901 2510 END
seed101_p8_C40_nR3_oR210
2.4017214523793493 1412 2.1614798176101186 1594 2.1171125770312402 1595 1.1837736916864565 1597 1.076928069350753 1696 1.0489962480730477 1697 1.021823660850101 1746 0.9547713059087712 1747 0.8747949009933433 1816 0.8654842939007749 1817 0.8338282297860421 1817 0.7740319117045124 1833 0.7594466259157249 1910 0.7315148046380195 1911 0.7207838851640751 1949 0.6659027279165939 1964 0.6379709066388886 1965 0.6100390853611832 1995 0.6068448433700723 2715 END
seed102_p8_C40_nR3_oR210
3.5526226814803183 1125 3.551442817300981 1404 2.974856956185138 1405 2.9746137996237345 1406 2.9579341981568934 1406 2.956754333977556 1408 2.8028540509894833 1409 2.652032208849057 1416 2.6465919484046125 1417 2.6451689276638715 1491 2.077121190992473 1492 2.074023326992473 1492 2.0685830665480287 1493 2.0671600458072876 1493 2.056950474095419 1496 2.0567073175340154 1497 1.9545607490573382 1500 1.9543175924959348 1501 1.9420511049469165 1516 1.941970052759782 1517 1.933512980502472 1517 1.843632183165962 1534 1.8290981883841464 1536 1.829017136197012 1536 1.8260003243841463 1537 1.820560063939702 1537 1.8177140224582204 1537 1.7869615622084127 1541 1.6408666805720837 1556 1.6407856283849493 1556 1.6216951257968577 1592 1.5817221188085917 1592 1.5585097654743 1609 1.537807377950838 1615 1.5292692535063936 1616 1.527846232765653 1616 1.5250001912841715 1617 END
seed103_p8_C40_nR3_oR210
1.3285465406597177 431 0.4439855668222559 1117 0.43808487348892255 1124 0.4328513608222559 1125 0.43218418015558924 1127 0.4269506674889226 1135 0.42520616326670035 1138 0.424309883711145 1139 0.41982401571114497 1143 0.4144217521555894 1143 0.40282599571114497 1144 0.39834012771114496 1145 0.3929378641555894 1146 0.38850340371114495 1147 0.38401753571114494 1191 0.3786152721555894 1192 0.3741294041555894 1238 END
seed104_p8_C40_nR3_oR210
3.1480609164748237 932 3.1429638363879047 935 3.1330245302184134 935 2.790026560090643 936 2.0816292192510075 936 2.0255613382949016 937 2.0204642582079826 937 2.0105249520384914 938 1.6675269819107206 938 1.6114591009546144 940 1.6063620208676959 940 1.5964227146982042 940 1.4943017383644364 941 1.4382338574083302 947 1.4331367773214116 947 1.42319747115192 947 1.3903665922366657 948 1.3342987112805595 949 1.329201631193641 949 1.3192623250241493 949 1.2064961169046655 970 1.2052425920898509 1007 1.2039890672750357 1008 1.201399036817747 1009 1.140488929779068 1009 1.1392354049642532 1028 1.1379818801494381 1028 1.1251976895183118 1029 1.1216492693044917 1058 1.120395744489677 1059 1.119142219674862 1059 1.1063580290437356 1060 1.0933897785926272 1062 1.0921362537778125 1099 1.0908827289629974 1099 1.078098538331871 1100 1.0768450135170564 1102 1.0755914887022413 1102 1.0747767161985375 1144 1.074686185920348 1183 1.0739619436948338 1183 END
seed105_p8_C40_nR3_oR210
1.6871944439421185 1404 1.671707845211132 1450 1.5908649582576335 1452 1.5869933085748869 1453 1.5715067098439004 1453 1.570230886070567 1456 1.5679681042839004 1513 1.566692280510567 1515 1.464399229068393 1572 1.4489126303374065 1651 1.3892483775429691 1653 1.3737617788119827 1654 1.3140975260175454 1656 1.298610927286559 1656 1.2389466744921216 1771 1.2234600757611351 1771 1.2222564684278017 1835 1.2198492537611352 1835 1.2186456464278017 1862 1.2175142555344685 1862 1.216310648201135 1918 1.2037969157074382 2002 1.2013897010407715 2004 END
seed106_p8_C40_nR3_oR210
1.1262013369864061 916 1.095140968207035 933 1.091660035464749 934 1.0787900562441204 1031 1.044248754722463 1032 1.040767821980177 1033 1.0278978427595484 1034 1.0244169100172624 1035 1.0201330667595483 1061 1.0166521340172623 1061 1.0150231850394844 1078 1.0095933551135585 1116 1.0041635251876326 1119 0.9770507803505477 1382 0.9735698476082617 3524 0.9700889148659758 3524 0.9692860043505478 3524 0.9658050716082618 3524 0.9623241388659759 3524 0.9587462927045574 3529 0.9552653599622714 3529 0.9552653599622712 3694 END
seed107_p8_C40_nR3_oR210
0.1508629009523448 1382 0.10762020628567812 1395 0.10684611280419663 1397 0.07782021487827073 1635 0.07704612139678925 1956 0.03831462598938184 1957 0.0366382926560485 2120 0.027834935026418872 2123 0.020707910730122576 2239 0.019933817248641093 2252 0.019933817248641066 2546 END
seed108_p8_C40_nR3_oR210
4.053824017845781 1503 3.8944653843708674 1719 3.6844639088037225 1721 3.246500410310893 1721 3.2435694346071893 1722 3.0842108011322753 1722 2.8742093255651304 1724 2.71679140627276 1854 2.71002761618729 1970 2.5545017970941424 1970 2.547738007008672 1972 2.5391346334279103 1974 2.48004358014499 1974 2.47327979005952 1975 2.464676416478758 1976 2.457912626393288 1981 2.455705613821859 1983 2.4446705509647164 1986 END
seed109_p8_C40_nR3_oR210
1.7796689895359723 1021 1.6490247885555291 1603 1.587582773681996 1603 1.5747823539166765 1683 1.572071102570885 1711 1.5592706828055654 1749 1.5565594314597737 2105 1.5437590116944542 2106 1.5309585919291346 2137 1.5248144762603677 2191 1.5233365516077053 2226 1.521651589262468 2258 1.5175623812833285 2259 1.5143800277809865 2260 1.510290819801847 2261 1.5082359121122195 2336 1.5062016118227075 2337 1.5042933147657758 2337 1.500964350630738 2338 1.4942066017505649 2339 1.4927522894542684 2359 1.4916573479640722 2361 1.4916573479640711 2503 1.4894800867876008 2550 1.4894758795196263 181118 1.488385145297404 181122 END
seed110_p8_C40_nR3_oR210
2.8300339858331944 1713 2.8179129895275628 1975 2.81470289466446 1975 2.6879418872763674 1976 2.6869783060417993 1977 2.673141885344575 2002 2.5336315177913376 2048 2.467014279442793 2049 2.4660506982082255 2116 2.4435394523086402 2130 2.4400772651975293 2133 2.439595474580245 2188 2.439231033831707 2555 END
seed111_p8_C40_nR3_oR210
1.6807247793673616 1042 1.6717581442466571 1806 1.6532852538466216 1827 1.6217253894126076 1902 1.614066449386532 1903 1.6108122362053063 1958 1.609523536296571 1959 1.6094430102101513 2324 END
seed112_p8_C40_nR3_oR210
1.4932736393766186 969 1.4886137478662609 1730 1.4674508015843546 1731 1.3245638404717945 1732 1.3185166078251191 1732 1.135530513446134 1739 1.1248233892891009 1818 1.1141162651320675 1818 1.1036604430071946 1819 1.0902021634275851 1819 0.6986379345673857 1820 0.6879308104103524 1826 0.6772236862533193 1826 0.666767864128446 1827 0.6560607399714128 1833 0.6453536158143797 1833 0.6346464916573464 1836 0.6269407704810463 1845 0.6162336463240131 1846 0.608527925147713 1848 0.5978208009906798 1865 0.5969401175437662 1868 0.5965774831832724 1868 0.5941153857790652 1914 0.5886740603877861 1916 0.5879777706679541 2013 0.582536445276675 2014 0.581840155556843 2015 0.5763988301655639 2016 0.5712076622159381 2128 0.5656917060085307 2190 0.5641893636579134 2221 0.562946045850506 2224 END
seed113_p8_C40_nR3_oR210
2.297339107950184 1443 1.0446295573895583 1607 0.6997135222813445 1837 0.6676392134417096 1938 0.6627108520336261 1938 0.6626071854516157 2040 0.6586781155595521 2040 0.6585744489775416 2043 0.6570514016928856 2043 0.656947735110875 2045 0.65650916373733 2046 0.6564054971553195 2084 0.6554246878262189 2085 0.6553210212442083 2086 0.6546990217521449 2202 0.6539733556780708 2203 0.6539733556780707 2214 0.6532476896039965 2231 0.6530723078854782 2399 0.6523466418114041 2399 0.65162097573733 2436 0.6516209757373298 2443 END
seed114_p8_C40_nR3_oR210
2.3844947278471897 994 2.362188808257639 1109 2.297965238479767 1112 2.2756593188902166 1113 2.2724462298871746 1116 2.2475262310723596 1117 2.2460361569982856 1117 2.223730237408735 1118 2.1999412823045748 1120 2.194589181654466 1270 2.176262569332906 1314 2.174772495258832 1315 2.1524665756692816 1315 2.145923116971242 1474 2.144433042897168 1474 2.129858730764665 1475 2.1177829905939207 1483 2.1010571747600584 1605 2.095447801551592 1705 2.0907739079272543 1720 2.074048092093392 1720 2.071439327669282 1744 2.069949253595208 1746 2.0665362652239656 1769 2.0630323048457724 1770 2.061542230771698 1771 2.055000111742484 1771 2.05351003766841 1865 2.038327578097999 1891 2.036837504023925 1959 2.0368375040239233 2014 2.0345815318757756 2016 2.033091457801701 2016 2.032021797484241 2018 2.0310867321770516 2021 2.031086732177051 2244 END
seed115_p8_C40_nR3_oR210
0.9287308849974804 530 0.928439007253633 1863 0.8945048768987149 1864 0.894041960553036 1865 0.8937500828091887 1866 0.8818541480098261 1867 0.8628780546764927 1867 0.8624151383308137 1868 0.8621232605869664 1868 0.8603088532729839 1870 0.8598459369273049 1870 0.8595540591834576 1871 0.8590911428377787 1873 0.8587992650939313 1873 0.8583363487482524 1899 0.8572896769148788 1900 0.8568267605691998 1902 0.8403441350039782 1949 0.8398812186582992 1981 0.8395893409144519 1982 0.839126424568773 1992 0.8388345468249256 1992 0.8385616603530484 2035 0.8380987440073694 2036 0.8378068662635221 2037 0.8373439499178431 2038 0.8373249586458731 2051 0.8368620423001941 2052 0.8365701645563468 2053 0.8361072482106678 2053 0.8360753155476147 2146 0.8357834378037674 2147 0.8350286437142411 2147 0.8345657273685622 2148 END
seed116_p8_C40_nR3_oR210
1.7861266037209902 1256 1.7639989269934806 1645 1.2885959771226996 1664 1.26646830039519 1748 1.257372857556038 1944 1.2399150883221786 2023 1.2310640176311747 2023 1.2138014328071862 2051 1.1916737560796764 2186 1.1872482207341744 2226 1.1783971500431705 2269 1.177541847524652 2271 1.1766865450061335 2336 1.1764421728579852 2338 1.1764421728579841 2654 END
seed118_p8_C40_nR3_oR210
4.236734540663667 721 2.2528055598259886 996 2.2064039715772275 1116 2.1957524949844416 1116 2.125520414542199 1118 2.1019312170551347 1131 2.055529628806373 1133 1.9852975483641306 1143 1.9501815081430094 1167 1.9150654679218881 1170 1.8975491936022117 1211 1.8624331533810905 1211 1.8273171131599693 1216 1.8264709894977469 1236 1.8258526683599692 1236 1.825351891715525 1238 1.7953626833816119 1238 1.7945165597193895 1240 1.7938982385816118 1240 1.7933974619371675 1242 1.76937579152976 1243 1.7685296678675377 1245 1.76791134672976 1245 1.7674105700853158 1246 1.7433888996779083 1247 1.742542776015686 1249 1.7419244548779083 1249 1.741423678233464 1266 1.7339585188779083 1267 1.733112395215686 1268 1.7324940740779082 1268 1.731993297433464 1270 1.7245281380779083 1310 1.703047826255686 1310 1.7022017025934637 1311 1.701583381455686 1311 1.6905326719912768 1601 1.6902723262490547 1615 1.6900445237246102 1615 1.6880919306579434 1668 1.6876037823912768 1668 1.6870389449789311 1668 1.6811022911912767 1669 1.6808419454490546 1669 1.6806141429246102 1669 1.6786615498579434 1670 1.6781734015912768 1670 1.6776085641789311 1670 1.6716719103912767 1671 1.6501915985690545 1671 1.6499312528268324 1671 1.649703450302388 1671 1.6477508572357211 1671 1.6472627089690546 1671 1.6466978715567089 1758 1.6464375258144868 1759 1.6462097232900423 1759 1.6442571302233755 1759 1.643768981956709 1759 1.6422069075033756 1761 1.6415885863655977 1761 1.6409702652278197 1783 1.6396233649211533 1783 1.6390050437833754 2053 1.6386560187228292 2079 END
seed119_p8_C40_nR3_oR210
1.5431145551901497 1512 1.5140258942438942 1835 1.4780794917249895 1835 1.4406512575369554 1841 1.4115625965907 1843 1.3810454899611637 1867 1.3758808954938306 1898 1.3750176647759784 1899 1.3327074869982007 1899 1.3275428925308677 1910 1.28523271475309 1915 1.2754688275736028 1919 1.2705868839838592 1919 1.2429225369753123 1919 1.2380405933855687 1931 1.2336918492569289 1963 1.2268098693209912 1965 1.2219279257312476 1966 1.2175791816026078 1967 1.2126972380128642 2005 1.2079751187684198 2036 1.2059331212573088 2039 1.2038911237461978 2041 1.1623349716978124 2173 1.1476891409285817 2208 1.1200247939200347 2208 1.0956150759713168 2209 1.0899024349855622 2419 1.0806717472671787 2419 1.0613365460819937 2444 1.0511265585264382 2445 1.051126558526438 2490 END
seed120_p8_C40_nR3_oR210
1.0959016556413157 1579 0.8409919952279964 1970 0.8018097295214424 1971 0.8014799548420772 1973 0.606263592509046 1974 0.6053146281915858 1975 0.6043656638741254 1975 0.5571398171765819 1977 0.5561908528591216 1977 0.5552418885416612 1977 0.548984030916367 2025 0.5478651342941449 2029 0.5469161699766846 2030 0.5469060800465257 2051 0.5467462376719227 2054 0.5457972733544624 2056 0.5457871834243035 2057 0.5448382191068433 2103 0.5443586919830337 2148 0.5443586919830333 3206 END
seed121_p8_C40_nR3_oR210
1.2468478576101873 446 1.2273688319324627 1714 1.2254228275361132 1715 1.2244185176101874 1716 1.2049394919324627 2027 1.203935182006537 2054 1.1987050220065367 2056 1.194686079361034 2056 1.1936817694351083 2069 1.188451609435108 2071 1.1874472995091823 2124 1.1868929919536266 2126 1.1839657414351081 2126 1.1829614315091823 2126 1.1824071239536267 2128 1.1814028140277009 2292 1.1730554190647378 2293 1.172051109138812 2294 1.1706692970852794 2498 1.1699853724368916 2615 1.1697897257109646 2742 1.1686081846216398 2744 1.16779952142164 2775 END
seed122_p8_C40_nR3_oR210
4.114016821434603 843 4.086364026767937 1933 4.069772349967937 1935 4.05871123210127 1935 4.04211955530127 1937 4.036588996367937 1938 4.03148386504486 1939 3.6266720084955337 1939 3.6211414495622005 1940 3.6160363182391233 1940 3.61050575930579 1941 3.339098727731691 2011 3.3114459330650243 2028 3.283793138398358 2039 3.2561403437316914 2041 3.245504653475281 2169 3.1660674595143945 180332 END
seed123_p8_C40_nR3_oR210
2.9765866466808397 855 2.973566266532692 1368 2.935669957643803 1368 2.8576273481441645 1368 2.8553169882923126 1369 2.8522966081441647 1373 2.8144002992552757 1373 2.7902553157060943 1373 1.432287034678692 1382 1.300033916224107 1389 1.2970634535574403 1390 1.2833855802965624 1590 1.2805148035854512 1590 1.274927919852118 1591 1.2401585314076735 1592 1.2372877546965624 1592 1.231700870963229 1703 1.2293905111113772 1938 END
seed124_p8_C40_nR3_oR210
1.1758604158544075 827 1.1742325829713285 1076 1.1379289048800487 1077 1.1334005697689375 1093 1.129051639576345 1094 1.1066471298344163 1094 1.102118794723305 1096 0.9191167623055156 1216 0.791877661784197 1255 0.7845098415175304 1255 0.5323091752960185 1350 0.5321907874499764 1351 0.5234319099923148 1489 0.5233135221462727 1491 0.5149206068812038 1491 0.5148022190351617 1529 0.5114502243626853 1530 0.5113318365166432 1532 0.5099407793256483 1562 0.5084313342886112 1578 0.5081233752327271 1627 0.508004987386685 1657 END
seed125_p8_C40_nR3_oR210
0.20519839911203266 886 0.20497277052723734 982 0.1647105245697983 982 0.1608581793862434 1095 0.15860189353829018 1097 0.15365218116402118 1100 0.1436310604973545 1100 0.1413747746494013 1102 0.1364250622751323 1104 0.1264039416084656 1105 0.1241476557605124 1106 0.11919794338624339 1108 0.11774065094179893 1109 0.11548436509384571 1110 0.11053465271957671 1163 0.10907736027513226 1164 0.10682107442717906 1165 0.09423523322261212 1222 0.09412241893021446 1224 0.09389679034541915 1225 0.09362609094113064 1226 0.09078980944483435 1227 0.08389896188927878 1227 0.08378614759688112 1228 0.0835605190120858 1229 0.0832898196077973 1234 0.08045353811150101 1235 0.08034072381910334 1236 0.08011509523430803 1236 0.07984439583001952 1237 0.07973158153762186 1425 0.07950595295282654 1425 0.07923525354853804 1425 0.07912243925614038 1427 0.07889681067134506 1428 0.0787839963789474 1430 0.07629402770370369 1485 0.07403774185575047 1486 0.0736992989785575 1526 0.07052696264483432 1552 0.06838349108927877 1552 0.06692396353372321 1555 0.06478049197816765 1556 0.06332096442261209 1613 0.06117749286705654 1614 0.05029473686705654 1648 0.04815126531150098 1649 0.047812822434308 1652 0.04770000814191033 1683 0.04763474289746589 1685 END
seed126_p8_C40_nR3_oR210
1.6900022928122433 186 1.6891702727011322 198 1.67609543147891 199 1.65650244747891 199 1.6563549301455767 200 1.6555229100344655 203 1.6424480688122434 203 1.64230055147891 204 1.6414685313677988 206 1.6283936901455767 207 1.6282461728122433 207 1.627414152701132 210 1.6115284357455766 211 1.6113809184122432 211 1.6111067113397533 212 1.6098740475619755 214 1.6015968723397533 215 1.60144935500642 215 1.5998909237841976 215 1.5986582600064199 216 1.5985107426730865 217 1.5969523114508641 218 1.5968047941175307 220 1.5961715126360492 220 1.5959763129323457 221 1.5959727740064196 222 1.5958252566730862 222 1.5951919751916046 223 1.594996775487901 224 1.594993236561975 224 1.5948457192286416 225 1.59421243774716 226 1.5940172380434565 226 1.5938697207101231 228 1.5927484399693823 229 1.592600922636049 230 1.5919397767693824 233 1.591792259436049 234 1.5910685304582715 292 1.590921013124938 354 1.5902598672582715 356 1.590112349924938 357 1.5896645826656797 433 1.5888837838508647 459 END
seed127_p8_C40_nR3_oR210
3.2167164943045363 142 3.2147387402727903 170 2.9848616617183565 170 2.9669952416227456 171 2.9650174875909996 171 2.898297629083436 171 2.641947721132359 171 2.599654581830772 172 2.487658564624505 173 2.2316613834300765 173 2.2296836293983304 174 2.1873904900967434 175 2.1685449434684863 177 2.1468823530990813 179 2.144904599067335 179 2.142926845035589 192 2.102611459765748 192 2.100633705734002 194 2.098655951702256 195 2.058340566432415 195 2.056362812400669 197 2.054385058368923 198 2.041153461017378 198 2.0401125396496913 203 2.040112539649691 209 2.0366735360977777 211 2.0346957820660316 211 2.0249031882664 213 2.022925434234654 224 2.020947680202908 225 2.0194864306827407 225 2.008652915515422 226 2.0066751614836758 227 2.0046974074519297 227 2.0032361579317626 244 2.0012584039000165 245 1.9992806498682707 245 1.9978194003481033 246 1.9958416463163573 247 1.9938638922846115 247 1.9924026427644441 248 1.990424888732698 249 1.9884471347009522 249 1.988447134700952 324 END
seed128_p8_C40_nR3_oR210
2.8984026561166867 80 2.89721264803752 129 2.8971679108916866 135 2.8966400125708534 136 2.6962515222523455 142 2.6962067851065123 144 2.696027836523179 144 2.6927017700489557 145 2.6926570329031225 146 2.6924780843197893 147 2.6924333471739557 149 2.6923886100281225 149 2.6919054488531224 149 2.6918607117072892 152 2.69182053907113 341 END
seed129_p8_C40_nR3_oR210
1.105947113452331 88 1.1004486483462064 270 0.6784554626147853 271 0.678087845655721 271 0.6725893805495963 273 0.672221763590532 283 0.6696563395170018 284 0.6692887225579375 286 0.6667232984844073 287 0.6545343486603334 299 0.6528967822063196 393 0.6457352255625499 395 0.6440976591085361 397 0.6428277096135866 600 0.6424019819044957 602 0.6409175451585096 619 0.6405499281994452 620 0.6396475956635601 620 0.6392799787044958 628 0.6390859379472942 629 0.6390859379472941 663 END
seed131_p8_C40_nR3_oR210
1.6242390684288956 105 1.5941822797909122 164 1.4402913088461056 165 1.4402091194971776 168 1.4371681135868462 169 1.3019419922011686 170 1.3018598028522406 171 1.2988187969419092 171 1.238450365661596 230 1.2107805023326086 254 1.1831106390036212 256 0.9866546093678107 257 0.9589847460388233 258 0.8851624558256799 452 0.885080266476752 453 0.8820392605664206 453 0.8820392605664203 664 END
seed132_p8_C40_nR3_oR210
1.6636261864469306 196 1.662990137685026 233 1.6472058539742676 233 1.6371875892829095 236 1.6365515405210047 237 1.6359154917591001 238 1.6201312080483417 238 1.4388711006682975 238 1.2376596663678232 245 1.2207516965110332 246 1.2199401028320211 298 1.2197916914542435 300 1.1834271345025134 462 END
seed133_p8_C40_nR3_oR210
1.084402574344666 172 1.007048815876705 268 0.9040823656052662 273 0.8945698890516725 323 0.8938398986096991 377 0.8835974316141318 377 0.8733549646185648 377 0.8545614001627836 386 0.85363731977788 398 0.8504252619192942 398 0.8358953464310785 512 0.8314975790607082 513 0.8256528794355115 514 0.8092230205051526 515 0.8048252531347823 516 0.7989805535095855 516 0.7945827861392152 518 0.794582786139215 625 0.7945827861392148 658 0.7945827861392147 671 0.7917056886685498 699 0.7917056886685494 989 END
seed134_p8_C40_nR3_oR210
1.336053387135098 129 1.0482901929168376 273 1.0451468651011997 274 0.8834158218281771 314 0.8832309201919631 319 0.8812279791779714 320 0.8808825303384652 320 0.8768712012619219 338 0.8753919881722099 344 0.87354297181007 344 0.873173168537642 349 0.8702147423582182 349 0.8679117500948437 355 0.867796600481675 355 0.8654936082183005 359 0.8653784586051317 359 0.8650905845722099 363 0.8649754349590412 366 0.8645724113129506 366 0.8644572616997819 370 0.8632481907615103 371 0.86192397021007 375 0.8616936709837325 375 END
seed135_p8_C40_nR3_oR210
0.8057349135820076 164 0.6648818646964298 203 0.5661017445301937 205 0.5510158738971355 208 0.5506385008264899 208 0.5457052913026804 210 0.5344015479712095 212 0.534024174900564 229 0.5303360864986825 229 0.5290909653767545 231 0.5200437404203752 232 0.5177872220452836 232 0.517409848974638 234 0.5124766394508286 235 0.5011728961193578 237 0.5007955230487121 238 0.49586231352490256 239 0.4845585701934318 240 0.47962536066962225 242 0.46913346498091546 243 0.46822234872090424 255 0.4642002554571059 261 0.454548179192128 262 0.44961496966831843 265 0.4445795836365724 266 0.43964637411276286 272 0.43461098808101684 274 0.4296777785572073 285 0.428526696334985 288 0.42474456903339775 289 0.4235934868111755 291 0.4224424045889532 294 END
seed136_p8_C40_nR3_oR210
1.1839258068031937 69 1.1220410410271544 186 1.1204138801382655 189 1.0851248711384425 189 1.0585291143622262 196 1.0519438043241107 199 1.0474288798796663 236 1.0431017047685551 238 1.0178598499537403 238 1.0158840117315182 240 1.0113690872870738 241 1.0070419121759626 242 0.9950840677315181 253 0.9931082295092959 254 0.9885933050648514 255 0.9756915960273315 273 0.9753429186939981 274 0.971136439582887 276 0.9707877622495537 277 0.9606888120525052 282 0.9590616511636164 304 0.9587129738302831 331 0.9580493941759621 333 0.9577007168426288 360 0.9264305640702751 445 0.9225280600702752 448 0.9199398014036084 449 0.9156126262924974 450 0.8903707714776825 451 0.8864682674776826 452 0.885815615033238 454 0.8819131110332381 455 END
seed137_p8_C40_nR3_oR210
0.5506945067926221 132 0.5486754564222517 163 0.5446150045703998 165 0.5440308955333628 167 0.5420118451629924 169 0.5379513933111405 171 0.5373672842741035 172 0.5353482339037331 173 0.5314761274148443 176 0.5308920183778073 180 0.5288729680074369 181 0.5282888589703999 205 0.5267905894889184 210 0.5262064804518815 211 0.5259874395629925 216 0.5257439614592888 289 0.5255249205703999 290 0.5241445359975663 343 0.5239254951086774 361 0.5215413765901589 361 0.5174809247383071 363 0.5172618838494182 364 0.5148777653308997 364 0.5110056588420109 365 0.510786617953122 366 0.5084024994346035 366 0.5081834585457146 368 0.5079399804420108 370 0.5077209395531219 371 0.4991794624420109 546 0.498960421553122 653 0.4982032776642331 654 0.49251585118275165 655 0.49229681029386274 656 0.4915396664049739 665 0.49132062551608496 667 0.49110158462719605 675 0.49102857099756647 676 0.49095555736793683 679 0.490736516479048 679 END
seed138_p8_C40_nR3_oR210
1.6482689064247804 117 1.560777171535602 128 1.5152031484065276 129 1.5134019468657869 216 1.5114976321991203 243 1.5096964306583796 246 1.5080453292460338 249 1.5062441277052931 251 1.5060940275768981 261 1.5053124837250456 285 1.503408169058379 286 1.5017100806435641 287 1.4998057659768975 288 END
seed139_p8_C40_nR3_oR210
1.6274189972841087 195 1.6266089135468247 227 1.6224652902152104 228 1.617483649224337 228 1.6009087119468246 229 1.6008807780248493 230 1.6000706942875653 231 1.595927070955951 231 1.5909454299650776 231 1.5743704926875652 267 1.5548399715690278 328 1.4430404146379263 366 1.442649339730272 367 1.442401882616929 463 1.4423739486949536 464 1.441954939865324 464 1.437873249491003 466 1.4366812950487904 478 1.436653361126815 479 1.4362622862191607 480 1.4362343522971854 481 1.4358153434675558 481 1.4357874095455805 483 1.4357315417016299 483 1.4349773258082965 483 1.432090728965571 490 1.4320069271996452 491 1.4308337024766822 491 1.4307499007107563 494 1.4304146936470525 570 1.4303029579591513 572 1.4303029579591506 884 1.430023618739398 1025 1.4299677508954474 1051 1.429939816973472 1051 1.4287386583285338 1051 1.4286269226406325 1053 1.4285151869527313 1092 END
seed140_p8_C40_nR3_oR210
2.0712003773021723 140 2.065653592165275 166 2.060106807028378 166 2.054560021891481 169 2.0545369101394892 171 2.048990125002592 171 2.0489901250025917 179 2.0434433398656946 192 2.038881214459427 195 END
seed141_p8_C40_nR3_oR210
1.8333434189349378 181 1.8312788351018217 376 1.8202677213252028 377 0.44213770509461514 380 0.4386967320394217 385 0.4366321482063057 386 0.431814785929035 386 0.41805089370826143 389 0.4152981152641067 389 0.40979255837579726 389 0.3168862858855756 392 0.22398001339535398 396 0.19645222895380685 399 0.1957545549855529 403 0.1875117845093624 403 0.18681411054110844 405 0.18668323236826892 475 0.18550532881271337 485 0.1853571373982515 529 0.18522625922541197 532 0.18494718963810955 704 0.1835518417016016 705 0.18299370252699843 706 END
seed142_p8_C40_nR3_oR210
3.3889150359865234 173 3.3877691690235605 318 3.096712306278243 320 3.0946396132412057 322 1.0282555385246275 432 1.0271096715616643 437 1.0259638045987016 437 1.0248179376357385 437 0.8726347571252359 439 0.8714888901622729 468 0.8703430231993099 468 0.869197156236347 468 0.7170139757258442 490 0.7158681087628813 536 0.7147222417999183 536 0.7135763748369554 536 0.7038321844369554 537 0.7005367366147331 537 0.6993908696517702 541 0.6982450026888072 541 0.6970991357258443 541 0.6873549453258443 543 0.684059497503622 543 0.6829136305406591 547 0.6817677635776961 547 0.6806218966147332 547 0.6708777062147332 549 0.667582258392511 549 0.666436391429548 552 0.665290524466585 552 0.6641446575036221 552 0.6544004671036221 554 0.6532546001406592 557 0.6521087331776961 557 0.6509628662147332 557 0.6412186758147332 560 0.6400728088517703 562 0.6389269418888073 562 0.6377810749258443 562 0.6280368845258444 565 0.6268910175628815 567 0.6257451505999184 567 0.6245992836369555 567 0.6148550932369555 569 0.6137092262739926 571 0.6125633593110296 571 0.6114174923480666 571 0.6102716253851037 574 0.6091257584221408 578 END
seed143_p8_C40_nR3_oR210
0.4879346422830098 269 0.48490147886780516 602 0.4812716584233607 602 0.4338306800529903 603 0.4332340230237505 605 0.43020085960854587 606 0.42657103916410144 606 0.379130060793731 607 0.37853340376449124 609 0.3755002403492866 610 0.37187041990484215 610 0.20820051636756431 611 0.20692205409878126 670 0.205397687034231 673 0.20299079166915165 677 0.1988730797173767 699 0.19607025038404335 770 0.1940082007332497 810 0.19023531057285525 944 0.18871094350830497 945 0.18743248123952191 946 0.17710716195063306 947 0.1755827948860828 948 0.17430433261729972 949 0.17277996555274944 980 0.1703730701876701 1055 END
seed144_p8_C40_nR3_oR210
1.2977349971056067 242 1.2972628298833844 456 0.5467781398380899 459 0.5466207507640158 459 0.5461485835417936 459 0.4735433000752802 461 0.4503736956753588 464 0.4428788996428112 467 0.43776738966888684 516 0.43729522244666463 521 0.43713783337259055 521 0.43587872077999795 521 0.4354065535577757 525 0.43524916448370166 525 0.43399005189110906 526 0.43351788466888685 529 0.43336049559481277 529 0.4329104932244424 530 0.4324383260022202 533 0.4322809369281461 533 0.43180876970592386 537 0.43036552618219026 552 0.42910641358959767 553 0.42847685729330137 553 0.4281620791451532 557 0.4278473009970051 557 0.4272177447007088 557 0.4265881884044125 558 0.42627341025626436 561 0.4261160211821903 622 0.42595863210811624 622 0.42580124303404215 626 0.4256438539599681 626 0.42548646488589403 626 0.42532907581181995 631 0.4069562065599497 791 0.4067988174858756 792 END
seed145_p8_C40_nR3_oR210
1.5431711743020664 162 1.5417198421539182 228 1.4669804907314448 229 1.091954318951529 231 0.9467447273517414 236 0.9446362725369266 236 0.8082657637220152 238 0.8061573089072004 239 0.7654748098454719 255 0.7633663550306571 257 0.7612035125121386 259 0.7604916296232497 259 0.7583831748084349 260 0.7580667824133731 264 0.7570385071294227 405 0.7570385071294224 777 END
seed146_p8_C40_nR3_oR210
1.188006190470704 158 0.9855510611068621 290 0.9776454624634757 294 0.9754409085142695 296 0.9617149523995273 297 0.9463428661685905 301 0.9432285967452063 365 0.9334467819748359 365 0.9331184441526136 399 0.9328840204401955 400 0.9328840204401954 401 0.9314440975847124 401 0.9312096738722941 403 0.9309752501598759 420 0.9309752501598756 477 0.9309752501598754 659 0.9307899799007614 662 0.9304616420785392 663 0.9291156333328602 664 0.928787295510638 665 END
seed147_p8_C40_nR3_oR210
2.8788656906646235 133 2.8191216294951316 135 2.651248299021424 137 2.61024433210617 138 2.6018741306685342 143 2.5608701637532802 146 2.5138858596675204 148 2.4728818927522664 150 2.425897588666506 151 2.384893621751252 153 2.374379784080674 157 2.357541215936389 158 2.347027378265811 160 2.3456776288351286 161 2.3397458352844986 161 2.3292319976139204 163 2.3234965775067207 165 2.3129827398361424 166 2.3070509462855124 169 2.2965371086149338 225 2.2965371086149333 535 END
seed148_p8_C40_nR3_oR210
2.489385327927146 188 2.299251788321757 292 2.2759819688244374 297 2.2359521302811953 297 2.08039846668898 300 2.076161813577869 301 2.0747495958741653 301 1.9915547623865029 305 1.9873181092753918 306 1.985905891571688 306 1.981720273497614 311 1.9668254293905199 339 1.9627599935283728 340 1.9204082568637924 341 1.8935002915687034 342 1.8860162861727885 357 1.8591083208776995 359 1.7612245284130705 361 1.7569878753019594 362 1.7562817664501076 363 1.7062115831962084 364 1.6936882172613974 365 1.6894515641502863 410 1.6887454552984345 410 1.6386752720445352 411 1.6344386189334241 432 1.6337325100815723 432 1.6288407831556464 437 1.6246041300445353 437 1.6238980211926834 437 1.6231919123408316 442 1.6196001348476161 443 1.6188940259957643 447 1.600778374133279 479 1.596541721022168 544 1.5964804877882117 546 1.5834118941228488 546 1.5784691321598858 557 1.5777630233080338 583 1.5741712458148185 588 1.5139015676085794 611 1.5096649144974683 611 1.509603681263512 654 1.4965350875981491 654 1.4915923256351862 674 1.490886216783334 678 1.4872944392901188 678 1.4865883304382668 729 END
seed149_p8_C40_nR3_oR210
0.8203910450794775 148 0.8197338230745391 172 0.8132449478253883 172 0.8000862228658056 173 0.799921917364571 176 0.7992646953596326 177 0.798703966294377 178 0.785465417355158 178 0.7853011118539234 204 0.7848081953502196 204 0.784643889848985 204 0.7840831607837294 205 0.7833380705297611 208 0.7831737650285265 209 0.7826808485248228 210 0.7825165430235882 210 0.7819558139583326 210 0.774840211716988 236 0.7712393999134244 286 0.7710750944121898 287 0.7704178724072515 288 0.7698571433419958 288 0.7566185944027768 289 0.7564542889015422 291 0.7559613723978384 292 0.7557970668966039 292 0.7552363378313482 292 0.7550720323301137 295 0.7545791158264099 296 0.7544148103251753 296 0.7537477538313483 297 0.7406155323207007 297 0.7404512268194661 299 0.7399583103157623 299 0.7397940048145277 299 0.7391269483207007 300 0.7389626428194661 303 0.7384697263157624 303 0.7383054208145278 303 0.7381411153132932 434 0.7376246698304012 654 0.7374603643291666 654 0.7374603643291655 774 0.7371317533266964 786 0.7369190984695536 788 END
seed150_p8_C40_nR3_oR210
1.7971307715819411 235 1.0053201126024827 386 1.0030170541135937 392 0.9777688841421416 392 0.9756666876384378 394 0.974535125386586 394 0.9673487961421415 395 0.4678621274159641 395 0.4584457533122604 397 0.45767806714929743 398 0.4565813726307789 400 0.45490733747288625 550 0.4493141954284418 551 0.4478533268062196 552 0.4453374857395529 552 0.43974434369510845 553 0.43828347507288623 555 0.43576763400621954 555 0.4277927575617751 555 0.42219961551733065 555 0.42073874689510843 671 0.415145604850664 672 0.41368473622844176 673 0.4080915941839973 673 0.4061401931765894 728 0.4055918459173301 728 0.4048241597543672 728 0.40054705113214495 728 0.39868267045066347 730 0.3973571005543672 731 0.3954927198728857 731 0.3953317918728857 733 0.3907594525335854 762 0.38746936897802986 763 0.3843795513780298 764 0.38108946782247427 764 0.38092853982247427 786 0.38076761182247426 788 END
seed151_p8_C40_nR3_oR210
0.9184310138088655 159 0.9153908156755322 239 0.875615225364421 240 0.8736137578681248 242 0.6740239979273843 243 0.6719971991718288 257 0.6715224615718287 363 0.6708103551718287 363 0.6705753967857715 368 0.6702785477347912 395 0.669137300001458 431 0.667950456001458 434 0.667238349601458 434 0.6672383496014578 550 0.6672383496014576 180442 END
seed152_p8_C40_nR3_oR210
1.7059124658562745 102 1.1132413903984755 216 0.9733931591093896 180302 END
seed153_p8_C40_nR3_oR210
2.41908590746976 161 2.404857190136427 189 2.4036994025808713 190 2.4028590008030934 190 2.38863028346976 194 2.3874724959142046 195 2.3866320941364267 195 2.3724033768030934 198 2.371245589247538 200 2.37040518746976 200 2.3561764701364267 293 2.355018682580871 294 2.3541782808030933 307 2.33994956346976 308 2.3387917759142045 309 2.3379513741364266 347 2.3237226568030933 347 2.322564869247538 349 2.3083361519142045 351 2.307655784091982 354 2.2986000079142044 411 2.297919640091982 413 2.2972392722697594 437 END
seed154_p8_C40_nR3_oR210
4.013590230728551 231 3.923956212614687 487 2.5412305816530187 490 2.130924259299376 498 2.1169281901506967 498 2.110997695335882 502 2.106463902492113 524 2.099600426637093 524 2.0900678212828994 554 2.0841373264680847 559 2.0703280368480166 652 2.0655617341709194 652 2.0555629324673124 656 2.0493038332246543 901 2.032145143587105 903 2.0254723198391695 903 2.0083136302016205 906 2.0048818922741107 974 1.9983148284980132 974 1.9948830905705033 975 END
seed155_p8_C40_nR3_oR210
1.2383623205578518 60 1.2084453583356296 129 1.198979662780074 131 1.1690627005578518 131 1.1595970050022961 133 1.1521844186530898 134 1.1427187230975342 135 1.1332530275419785 137 1.131534125418145 190 1.1213897011218488 260 1.1079045307514783 262 1.097116394455182 265 1.0952232553440708 268 1.0876506988996264 268 1.0838753746928242 459 1.0806568146928244 460 1.0744096791372686 462 1.0711911191372687 463 1.0607483209104107 465 1.0510681540264604 871 1.047921614273374 873 1.0452245801992999 874 END
seed156_p8_C40_nR3_oR210
3.529101292214271 107 3.5104489982725062 591 2.917364658465466 591 2.4546279299613367 594 2.4203780381577733 615 2.404474082694931 615 2.348810238574983 615 2.2976831509296116 615 2.2683172208818063 615 2.1822100856822333 619 2.1767972053488998 621 2.176496489774826 621 2.102690308368022 623 2.0012903823880133 624 1.99587750205468 628 1.995576786480606 628 1.9699827232520275 648 1.8820122121119436 652 1.8804083957168818 688 1.8772809537465116 688 1.8766795225983635 689 1.5241732141979933 690 1.5225693978029315 691 1.5194419558325614 716 1.5188405246844132 716 1.4764613478094666 717 1.4748575314144048 719 1.4717300894440346 719 1.4711286582958865 719 1.4682417887847754 793 1.468081407145269 793 1.4673195943576147 796 1.4665577815699604 891 END
seed157_p8_C40_nR3_oR210
2.1858303781805386 61 2.185205217602761 137 2.1846157194644893 138 2.1833137672422667 138 2.1201863608181037 138 2.1187971150897087 139 2.118171954511931 139 2.1175824563736594 140 2.101577473625663 143 2.08374420367478 147 2.0692210773992477 148 2.0678318316708526 151 2.067206671093075 151 2.065414442549081 152 2.064025196820686 153 2.0634000362429084 154 END
seed158_p8_C40_nR3_oR210
1.7919626788609786 212 1.7799987485454636 325 1.7050979448308883 344 1.6918561925214575 366 1.6852353163667422 366 1.641658981594614 367 1.598593248445742 376 1.5721097438268805 376 1.5654888676721652 577 1.5404553694445624 636 1.5338344932898471 651 1.5333339899605285 661 1.5272136171351318 696 1.5272136171351316 823 1.5268683387027868 918 END
seed159_p8_C40_nR3_oR210
1.8321898316971135 134 1.7746696381134541 259 1.7678143317944623 261 1.764227199002343 263 1.7590059794467874 263 1.7521506731277956 264 1.6133649651665785 270 1.6014756520698339 277 1.5883377949468438 277 1.5516096110394284 280 1.5004314495991762 352 1.479546571376954 355 1.4783863003646085 358 1.4731650808090528 360 1.4600272236860627 371 END
seed160_p8_C40_nR3_oR210
0.6781277135913255 361 0.6763825388357699 540 0.6755099514579922 540 0.6688133960155679 541 0.6682134921933457 542 0.6663530798143983 698 0.6658077127032872 698 0.664482644726679 725 0.6639372776155679 726 0.663500983926679 737 0.6617558091711234 739 0.6608832217933456 742 0.659574340726679 743 0.659083510326679 764 0.6582654596600124 767 0.6581563862377903 913 0.6576110191266792 914 0.6572837988600125 929 0.6572837988600123 1086 END
seed161_p8_C40_nR3_oR210
2.6808791876818767 137 2.6417158401917997 345 1.5494936237716206 347 1.3101750577742282 489 0.6894273117386643 493 0.6861752250719977 494 0.6057853648651311 552 END
seed162_p8_C40_nR3_oR210
1.0262860343172606 170 0.8820152802985001 229 0.8663244431668182 231 0.8605510612762778 232 0.8604818473355371 233 0.8604126333947963 233 0.7430736212762777 234 0.7430044073355371 236 0.7429351933947963 236 0.7273827841445959 237 0.7273135702038552 239 0.7272443562631145 239 0.7264021068238659 240 0.711691947012914 241 0.7116227330721734 298 0.7115535191314326 299 0.710711269692184 299 0.7097305923714539 300 0.7038465284470732 300 0.7027485224203215 301 0.7026793084795808 302 0.70261009453884 302 0.7017678450995914 303 0.7007871677788613 303 0.6987206782042189 304 0.6986514642634781 314 0.690875259638378 315 0.6908060456976373 317 0.6889455397491995 329 0.6869525503554575 331 0.6868833364147168 332 0.6722423905445059 333 0.6721731766037651 335 0.6693003585823155 337 0.6692311446415747 339 0.6663583266201252 341 0.6662891126793844 342 0.6634162946579348 344 0.6633470807171941 345 0.6632778667764533 348 0.6630277675946612 364 0.6629585536539205 364 0.6628893397131798 364 0.6600857356324709 403 0.6576617128391057 405 0.657592498898365 405 0.6575232849576242 405 0.6547196808769153 406 0.6546504669361747 408 0.6545812529954339 408 0.651777648914725 432 0.6517084349739843 433 0.6516392210332436 434 END
seed163_p8_C40_nR3_oR210
3.071307309273763 123 3.0650200907256147 407 3.0222336928297433 408 3.0098728296224424 409 2.9774901651974095 409 2.78948183541123 409 2.770913900808883 409 2.7705440644236976 410 2.764256845875549 410 2.009813927525409 416 2.0083345819846685 418 1.9981927370884782 418 1.9796514422775267 419 1.916366619834241 419 1.7283582900480612 420 1.7276186172776908 420 1.7261392717369501 420 1.7159974268407598 421 1.6974561320298083 422 1.6341713095865227 422 1.6334316368161523 423 1.463084784477607 437 1.459386420625755 437 1.4136413316484022 439 1.4099429677965503 440 1.3765587420264986 442 1.3728603781746467 443 1.3724905417894615 453 1.3691620143227947 453 1.3684223415524244 484 1.367682668782054 486 1.3662033232413133 486 1.363244632159832 502 1.3628500605450171 547 1.3628414993921552 548 1.3624469277773403 550 END
seed164_p8_C40_nR3_oR210
3.0282668601119784 292 3.0161510829855116 302 3.014724522156307 302 3.0086666335930734 305 2.9965508564666066 305 2.9844350793401397 308 2.935971970834273 309 2.923856193707806 312 2.91804935987131 324 2.9090880543898283 324 0.7530226064217713 326 0.44338831103715587 329 0.41309886822098896 330 0.40906027584550003 334 0.39694449871903326 337 0.38482872159256654 340 0.3823924504814554 343 0.3647595146445976 180587 0.35028805727091916 180587 0.3331913618414688 180591 END
seed165_p8_C40_nR3_oR210
1.5589763601983946 290 1.5385431437590327 466 1.5137803003123247 752 1.507741030090102 766 1.499821552904183 768 1.439105561145469 768 1.4336100710456037 847 1.429650332452644 858 1.4177711166737652 858 1.4030678107478392 861 1.4009778642215234 863 1.3986557014145053 894 1.3980364579993008 895 1.3977725841799378 1183 1.3948311779577156 1184 1.3946434286243823 1184 1.3917020224021601 1185 1.3910827789869555 1187 1.3910827789869553 1449 END
seed166_p8_C40_nR3_oR210
1.5271213699527215 211 1.509692350553883 268 1.471156887901914 271 1.4045847119453732 273 1.4021909079453732 275 1.3072885262560412 340 1.3065300108216977 342 1.3057714953873543 342 1.2973400441584024 343 1.2873915620607639 343 1.2866330466264204 346 1.285874531192077 346 1.2775392792098295 347 1.2769610435422454 348 1.276202528107902 349 1.2754440126735584 349 1.267108760691311 350 1.2663502452569675 374 1.265591729822624 374 1.2641286125431628 376 1.2621989666172369 377 1.2582711313579777 377 1.2575126159236343 377 1.2567541004892908 377 1.2552909832098296 379 1.2523793784690889 379 1.2516208630347454 380 1.250862347600402 380 1.2493992303209407 382 1.2464876255802 382 1.2457291101458565 383 1.244970594711513 383 1.2435074774320518 405 1.2420688109135334 406 1.24131029547919 406 1.2405517800448465 406 1.2390886627653852 407 1.2383301473310417 408 1.2375716318966983 408 1.236108514617237 410 1.2353499991828936 412 1.23459148374855 412 1.2340780854993922 555 1.2321141678697627 558 1.2302692755510187 740 1.2302178679954634 910 1.226486474168303 911 1.2257990533287968 935 END
