seed9004_p34_R10000_Cob4791_Cf1610
-102991.8538883304
-106321.1959720755 5815462
11813100 66
seed9026_p34_R10000_Cob4993_Cf1500
-100858.16904073564
-104513.29131290979 4642064
12271832 47
seed9040_p34_R10000_Cob4647_Cf1604
-89137.60338955233
-91115.4372167271 813784
11423218 51
seed9053_p34_R10000_Cob4872_Cf1470
-120195.93556219069
-122946.5747970736 1164993
11966976 50
seed9077_p34_R10000_Cob4780_Cf1653
-77479.05694308356
-80926.3693309519 1122592
11978878 50
seed9082_p34_R10000_Cob5089_Cf1465
-118996.51541348109
-121755.94156984007 1033040
11816604 50
seed9087_p34_R10000_Cob5118_Cf1561
-122715.9599042582
-125174.5585819325 4373725
12069848 40
seed9096_p34_R10000_Cob5076_Cf1620
-103808.69989407071
-106642.89071616583 3504150
12613340 48
seed9141_p34_R10000_Cob4433_Cf1472
-75852.4705348075
-78157.90221832138 1609681
11962817 64
seed9205_p34_R10000_Cob4902_Cf1657
-102379.77392946859
-104807.49445573398 10248921
11068459 214
seed9211_p34_R10000_Cob4898_Cf1711
-102130.44457195971
-105096.18041937969 1060616
11064253 243
seed9219_p34_R10000_Cob4885_Cf1644
-112296.96519540096
-115304.54186716239 5298070
10909405 548
seed9240_p34_R10000_Cob4968_Cf1533
-95023.13571377783
-98689.66686602593 1921219
11172160 235
seed9255_p34_R10000_Cob4782_Cf1511
-118786.7273112871
-121388.76295724751 3788016
12981754 50
seed9258_p34_R10000_Cob4757_Cf1556
-107221.63462550743
-109383.43677827108 10154470
12819846 50
seed9260_p34_R10000_Cob4521_Cf1637
-97825.80165536643
-101132.93046097082 887537
12132150 50
seed9274_p34_R10000_Cob4908_Cf1530
-98166.31599108528
-100353.116357364 7146049
12845492 48
seed9287_p34_R10000_Cob4508_Cf1378
-83661.3974456662
-87213.15083045916 9221745
11986660 60


