seed102_p8_C40_nR3_oR210
2.003426440852534
1.5250001912841724 1437
180207 36
seed103_p8_C40_nR3_oR210
0.43871696291114487
0.3741294041555893 1665
180012 20014
seed104_p8_C40_nR3_oR210
1.8117923905648048
1.0780797060879959 1000
180094 36
seed106_p8_C40_nR3_oR210
1.021220047945274
0.9552653599622714 1142
180179 36
seed108_p8_C40_nR3_oR210
2.725392517922105
2.458090501939076 2146
180070 79
seed110_p8_C40_nR3_oR210
2.4938626404246538
2.4392310338317076 1882
180029 37
seed111_p8_C40_nR3_oR210
1.636553480000275
1.6083366302101514 1747
180006 36
seed114_p8_C40_nR3_oR210
2.2631660393465913
2.031086732177053 2490
180031 55
seed121_p8_C40_nR3_oR210
1.2273688319324627
1.1694877559959542 1622
180008 36
seed123_p8_C40_nR3_oR210
1.3887790003929779
1.2293905111113776 1382
180034 19175
seed126_p8_C40_nR3_oR210
1.6039611356212353
1.5862938861027165 180566
180003 39
seed127_p8_C40_nR3_oR210
2.0598018159525817
1.9884471347009522 1051
180027 36
seed128_p8_C40_nR3_oR210
2.6939441833201414
2.69128807624062 1859
180004 36
seed131_p8_C40_nR3_oR210
1.3181389853693557
0.88203926056642 1269
180016 36
seed132_p8_C40_nR3_oR210
1.2034411981530362
1.1834271345025136 1908
180068 20815
seed134_p8_C40_nR3_oR210
1.0454413616855625
0.8619239702100698 2468
180002 36
seed137_p8_C40_nR3_oR210
0.5341966204429672
0.48316664216793703 180725
180001 36
seed138_p8_C40_nR3_oR210
1.5215962473610247
1.499805765976898 1972
180004 36
seed139_p8_C40_nR3_oR210
1.4304146936470525
1.4285151869527304 1794
180001 57
seed140_p8_C40_nR3_oR210
2.0874583984879376
2.0388812144594293 2786
180001 91
seed141_p8_C40_nR3_oR210
0.436704848909731
0.1829937025269986 1564
180004 36
seed142_p8_C40_nR3_oR210
1.3375436984718765
0.48519639258583924 1705
180002 92
seed143_p8_C40_nR3_oR210
0.2529374360289399
0.1659970206469293 1644
180004 36
seed145_p8_C40_nR3_oR210
0.956933153496039
0.7580667824133732 1280
180002 36
seed146_p8_C40_nR3_oR210
0.9328840204401952
0.9309752501598753 1780
180005 36
seed147_p8_C40_nR3_oR210
2.501951550138909
2.2965371086149324 1254
180001 20839
seed148_p8_C40_nR3_oR210
1.5986935208399764
1.5596035841727884 1257
180002 36
seed149_p8_C40_nR3_oR210
0.9369218736166534
0.7379049314769611 2315
180003 37
seed150_p8_C40_nR3_oR210
0.4686298135789271
0.3886392261335846 3071
180004 75
seed153_p8_C40_nR3_oR210
2.6490632792354365
2.297324318247537 2036
180001 36
seed154_p8_C40_nR3_oR210
2.1157341267709486
1.976806693398985 180870
180030 36
seed155_p8_C40_nR3_oR210
1.1682046268409727
1.0418169297992992 1010
180002 36
seed156_p8_C40_nR3_oR210
2.1034441514062
1.4761614263678742 1162
180014 36
seed157_p8_C40_nR3_oR210
2.079506619428094
2.063400036242908 1212
180002 36
seed158_p8_C40_nR3_oR210
1.6282399466706958
1.5268683387027868 180896
180001 37
seed159_p8_C40_nR3_oR210
1.5979610462778506
1.460027223686063 1001
180002 36
seed160_p8_C40_nR3_oR210
0.7158368014458707
0.6572837988600122 3657
180001 239
seed161_p8_C40_nR3_oR210
1.1214251671076343
0.6782433901642035 1487
180001 36
seed162_p8_C40_nR3_oR210
0.9131200553406459
0.6516392210332432 1241
180049 38
seed163_p8_C40_nR3_oR210
1.7325512996946046
1.3624469277773403 1140
180002 112
seed165_p8_C40_nR3_oR210
1.4099156737781802
1.3910827789869558 1756
180001 7463
seed166_p8_C40_nR3_oR210
1.2719300133265434
1.2257990533287968 1153
180001 36
