data;
set C_bar :=  1 2 3 4 5 6 7 8 9 10 11 12 13 14 15 16 17 18 19 20 21 22 23 24 25 26 27 28 29 30 31 32 33 34 35 36 37 38 39 40 41 42 43 44 45 46 47 48 49 50 51 52 53 54 55 56 57 58 59 60 61 62 63 64 65 66 67 68 69 70 71 72 73 74 75 76 77 78 79 80 81 82 83 84 85 ;
set C :=  86 87 88 89 90 91 92 93 94 95 96 97 104 105 113 114 115 98 99 100 101 102 112 109 110 111 106 107 108 103 ;
set R := 0 1 2 3 4 5 6 7 8 9 10 11 12 13 14 15 16 17 18 19 20 21 ;
set C_bar_r[0] :=  
1 2 3 ;
set C_bar_r[1] :=  
4 5 6 ;
set C_bar_r[2] :=  
7 8 9 10 ;
set C_bar_r[3] :=  
11 12 13 14 15 16 17 18 ;
set C_bar_r[4] :=  
19 20 21 22 23 24 25 ;
set C_bar_r[5] :=  
26 27 28 29 ;
set C_bar_r[6] :=  
30 31 32 ;
set C_bar_r[7] :=  
33 34 35 ;
set C_bar_r[8] :=  
36 37 38 ;
set C_bar_r[9] :=  
39 40 41 42 ;
set C_bar_r[10] :=  
43 44 45 46 ;
set C_bar_r[11] :=  
47 48 49 50 ;
set C_bar_r[12] :=  
51 52 53 54 ;
set C_bar_r[13] :=  
55 56 57 ;
set C_bar_r[14] :=  
58 59 60 ;
set C_bar_r[15] :=  
61 62 63 64 ;
set C_bar_r[16] :=  
65 66 67 68 ;
set C_bar_r[17] :=  
69 70 71 72 73 74 75 ;
set C_bar_r[18] :=  
76 77 78 79 ;
set C_bar_r[19] :=  
80 81 82 83 84 85 ;
set C_r[0] :=  
;
set C_r[1] :=  
;
set C_r[2] :=  
104 105 ;
set C_r[3] :=  
;
set C_r[4] :=  
;
set C_r[5] :=  
;
set C_r[6] :=  
113 114 ;
set C_r[7] :=  
115 ;
set C_r[8] :=  
98 99 100 101 102 ;
set C_r[9] :=  
;
set C_r[10] :=  
112 ;
set C_r[11] :=  
109 110 111 ;
set C_r[12] :=  
;
set C_r[13] :=  
106 107 ;
set C_r[14] :=  
;
set C_r[15] :=  
;
set C_r[16] :=  
;
set C_r[17] :=  
108 ;
set C_r[18] :=  
;
set C_r[19] :=  
103 ;
set C_r[20] :=  
86 87 88 89 90 91 92 ;
set C_r[21] :=  
93 94 95 96 97 ;
set S :=  0 1 2 3 4 5 6 7 8 9 10 11 12 13 14 15 16 17 18 19 20 21 22 23 24 25 26 27 28 29 30 31 32 33 34 35 36 37 38 39 40 41 42 43 44 45 46 47 48 49 50 51 52 53 ;
set S_u :=  0 1 2 4 5 6 7 8 9 10 11 12 13 14 15 16 17 18 19 20 21 22 23 24 25 26 27 28 29 30 31 32 33 34 35 36 37 38 40 41 42 43 44 45 46 47 48 49 50 51 52 53 ;
set S_r[0] := 
36 42 ;
set S_r[1] := 
30 45 ;
set S_r[2] := 
3 4 5 9 ;
set S_r[3] := 
12 13 14 ;
set S_r[4] := 
6 7 8 51 ;
set S_r[5] := 
48 49 50 ;
set S_r[6] := 
6 7 8 ;
set S_r[7] := 
39 40 ;
set S_r[8] := 
12 13 ;
set S_r[9] := 
3 31 32 ;
set S_r[10] := 
24 25 45 ;
set S_r[11] := 
42 43 ;
set S_r[12] := 
9 48 49 ;
set S_r[13] := 
43 44 ;
set S_r[14] := 
3 21 ;
set S_r[15] := 
0 1 ;
set S_r[16] := 
21 22 ;
set S_r[17] := 
21 22 23 ;
set S_r[18] := 
15 16 ;
set S_r[19] := 
27 28 29 ;
set Rack :=  0 1 2 3 4 5 6 7 8 9 10 11 12 13 14 15 16 17 ;
param COST : 0 1 2 3 4 5 6 7 8 9 10 11 12 13 14 15 16 17 18 19 20 21 22 23 24 25 26 27 28 29 30 31 32 33 34 35 36 37 38 39 40 41 42 43 44 45 46 47 48 49 50 51 52 53 :=
0 0 1 1 3 3 3 3 3 3 5 5 5 5 5 5 5 5 5 5 5 5 5 5 5 5 5 5 5 5 5 5 5 5 5 5 5 5 5 5 5 5 5 5 5 5 5 5 5 5 5 5 5 5 5 
1 1 0 1 3 3 3 3 3 3 5 5 5 5 5 5 5 5 5 5 5 5 5 5 5 5 5 5 5 5 5 5 5 5 5 5 5 5 5 5 5 5 5 5 5 5 5 5 5 5 5 5 5 5 5 
2 1 1 0 3 3 3 3 3 3 5 5 5 5 5 5 5 5 5 5 5 5 5 5 5 5 5 5 5 5 5 5 5 5 5 5 5 5 5 5 5 5 5 5 5 5 5 5 5 5 5 5 5 5 5 
3 3 3 3 0 1 1 3 3 3 5 5 5 5 5 5 5 5 5 5 5 5 5 5 5 5 5 5 5 5 5 5 5 5 5 5 5 5 5 5 5 5 5 5 5 5 5 5 5 5 5 5 5 5 5 
4 3 3 3 1 0 1 3 3 3 5 5 5 5 5 5 5 5 5 5 5 5 5 5 5 5 5 5 5 5 5 5 5 5 5 5 5 5 5 5 5 5 5 5 5 5 5 5 5 5 5 5 5 5 5 
5 3 3 3 1 1 0 3 3 3 5 5 5 5 5 5 5 5 5 5 5 5 5 5 5 5 5 5 5 5 5 5 5 5 5 5 5 5 5 5 5 5 5 5 5 5 5 5 5 5 5 5 5 5 5 
6 3 3 3 3 3 3 0 1 1 5 5 5 5 5 5 5 5 5 5 5 5 5 5 5 5 5 5 5 5 5 5 5 5 5 5 5 5 5 5 5 5 5 5 5 5 5 5 5 5 5 5 5 5 5 
7 3 3 3 3 3 3 1 0 1 5 5 5 5 5 5 5 5 5 5 5 5 5 5 5 5 5 5 5 5 5 5 5 5 5 5 5 5 5 5 5 5 5 5 5 5 5 5 5 5 5 5 5 5 5 
8 3 3 3 3 3 3 1 1 0 5 5 5 5 5 5 5 5 5 5 5 5 5 5 5 5 5 5 5 5 5 5 5 5 5 5 5 5 5 5 5 5 5 5 5 5 5 5 5 5 5 5 5 5 5 
9 5 5 5 5 5 5 5 5 5 0 1 1 3 3 3 3 3 3 5 5 5 5 5 5 5 5 5 5 5 5 5 5 5 5 5 5 5 5 5 5 5 5 5 5 5 5 5 5 5 5 5 5 5 5 
10 5 5 5 5 5 5 5 5 5 1 0 1 3 3 3 3 3 3 5 5 5 5 5 5 5 5 5 5 5 5 5 5 5 5 5 5 5 5 5 5 5 5 5 5 5 5 5 5 5 5 5 5 5 5 
11 5 5 5 5 5 5 5 5 5 1 1 0 3 3 3 3 3 3 5 5 5 5 5 5 5 5 5 5 5 5 5 5 5 5 5 5 5 5 5 5 5 5 5 5 5 5 5 5 5 5 5 5 5 5 
12 5 5 5 5 5 5 5 5 5 3 3 3 0 1 1 3 3 3 5 5 5 5 5 5 5 5 5 5 5 5 5 5 5 5 5 5 5 5 5 5 5 5 5 5 5 5 5 5 5 5 5 5 5 5 
13 5 5 5 5 5 5 5 5 5 3 3 3 1 0 1 3 3 3 5 5 5 5 5 5 5 5 5 5 5 5 5 5 5 5 5 5 5 5 5 5 5 5 5 5 5 5 5 5 5 5 5 5 5 5 
14 5 5 5 5 5 5 5 5 5 3 3 3 1 1 0 3 3 3 5 5 5 5 5 5 5 5 5 5 5 5 5 5 5 5 5 5 5 5 5 5 5 5 5 5 5 5 5 5 5 5 5 5 5 5 
15 5 5 5 5 5 5 5 5 5 3 3 3 3 3 3 0 1 1 5 5 5 5 5 5 5 5 5 5 5 5 5 5 5 5 5 5 5 5 5 5 5 5 5 5 5 5 5 5 5 5 5 5 5 5 
16 5 5 5 5 5 5 5 5 5 3 3 3 3 3 3 1 0 1 5 5 5 5 5 5 5 5 5 5 5 5 5 5 5 5 5 5 5 5 5 5 5 5 5 5 5 5 5 5 5 5 5 5 5 5 
17 5 5 5 5 5 5 5 5 5 3 3 3 3 3 3 1 1 0 5 5 5 5 5 5 5 5 5 5 5 5 5 5 5 5 5 5 5 5 5 5 5 5 5 5 5 5 5 5 5 5 5 5 5 5 
18 5 5 5 5 5 5 5 5 5 5 5 5 5 5 5 5 5 5 0 1 1 3 3 3 3 3 3 5 5 5 5 5 5 5 5 5 5 5 5 5 5 5 5 5 5 5 5 5 5 5 5 5 5 5 
19 5 5 5 5 5 5 5 5 5 5 5 5 5 5 5 5 5 5 1 0 1 3 3 3 3 3 3 5 5 5 5 5 5 5 5 5 5 5 5 5 5 5 5 5 5 5 5 5 5 5 5 5 5 5 
20 5 5 5 5 5 5 5 5 5 5 5 5 5 5 5 5 5 5 1 1 0 3 3 3 3 3 3 5 5 5 5 5 5 5 5 5 5 5 5 5 5 5 5 5 5 5 5 5 5 5 5 5 5 5 
21 5 5 5 5 5 5 5 5 5 5 5 5 5 5 5 5 5 5 3 3 3 0 1 1 3 3 3 5 5 5 5 5 5 5 5 5 5 5 5 5 5 5 5 5 5 5 5 5 5 5 5 5 5 5 
22 5 5 5 5 5 5 5 5 5 5 5 5 5 5 5 5 5 5 3 3 3 1 0 1 3 3 3 5 5 5 5 5 5 5 5 5 5 5 5 5 5 5 5 5 5 5 5 5 5 5 5 5 5 5 
23 5 5 5 5 5 5 5 5 5 5 5 5 5 5 5 5 5 5 3 3 3 1 1 0 3 3 3 5 5 5 5 5 5 5 5 5 5 5 5 5 5 5 5 5 5 5 5 5 5 5 5 5 5 5 
24 5 5 5 5 5 5 5 5 5 5 5 5 5 5 5 5 5 5 3 3 3 3 3 3 0 1 1 5 5 5 5 5 5 5 5 5 5 5 5 5 5 5 5 5 5 5 5 5 5 5 5 5 5 5 
25 5 5 5 5 5 5 5 5 5 5 5 5 5 5 5 5 5 5 3 3 3 3 3 3 1 0 1 5 5 5 5 5 5 5 5 5 5 5 5 5 5 5 5 5 5 5 5 5 5 5 5 5 5 5 
26 5 5 5 5 5 5 5 5 5 5 5 5 5 5 5 5 5 5 3 3 3 3 3 3 1 1 0 5 5 5 5 5 5 5 5 5 5 5 5 5 5 5 5 5 5 5 5 5 5 5 5 5 5 5 
27 5 5 5 5 5 5 5 5 5 5 5 5 5 5 5 5 5 5 5 5 5 5 5 5 5 5 5 0 1 1 3 3 3 3 3 3 5 5 5 5 5 5 5 5 5 5 5 5 5 5 5 5 5 5 
28 5 5 5 5 5 5 5 5 5 5 5 5 5 5 5 5 5 5 5 5 5 5 5 5 5 5 5 1 0 1 3 3 3 3 3 3 5 5 5 5 5 5 5 5 5 5 5 5 5 5 5 5 5 5 
29 5 5 5 5 5 5 5 5 5 5 5 5 5 5 5 5 5 5 5 5 5 5 5 5 5 5 5 1 1 0 3 3 3 3 3 3 5 5 5 5 5 5 5 5 5 5 5 5 5 5 5 5 5 5 
30 5 5 5 5 5 5 5 5 5 5 5 5 5 5 5 5 5 5 5 5 5 5 5 5 5 5 5 3 3 3 0 1 1 3 3 3 5 5 5 5 5 5 5 5 5 5 5 5 5 5 5 5 5 5 
31 5 5 5 5 5 5 5 5 5 5 5 5 5 5 5 5 5 5 5 5 5 5 5 5 5 5 5 3 3 3 1 0 1 3 3 3 5 5 5 5 5 5 5 5 5 5 5 5 5 5 5 5 5 5 
32 5 5 5 5 5 5 5 5 5 5 5 5 5 5 5 5 5 5 5 5 5 5 5 5 5 5 5 3 3 3 1 1 0 3 3 3 5 5 5 5 5 5 5 5 5 5 5 5 5 5 5 5 5 5 
33 5 5 5 5 5 5 5 5 5 5 5 5 5 5 5 5 5 5 5 5 5 5 5 5 5 5 5 3 3 3 3 3 3 0 1 1 5 5 5 5 5 5 5 5 5 5 5 5 5 5 5 5 5 5 
34 5 5 5 5 5 5 5 5 5 5 5 5 5 5 5 5 5 5 5 5 5 5 5 5 5 5 5 3 3 3 3 3 3 1 0 1 5 5 5 5 5 5 5 5 5 5 5 5 5 5 5 5 5 5 
35 5 5 5 5 5 5 5 5 5 5 5 5 5 5 5 5 5 5 5 5 5 5 5 5 5 5 5 3 3 3 3 3 3 1 1 0 5 5 5 5 5 5 5 5 5 5 5 5 5 5 5 5 5 5 
36 5 5 5 5 5 5 5 5 5 5 5 5 5 5 5 5 5 5 5 5 5 5 5 5 5 5 5 5 5 5 5 5 5 5 5 5 0 1 1 3 3 3 3 3 3 5 5 5 5 5 5 5 5 5 
37 5 5 5 5 5 5 5 5 5 5 5 5 5 5 5 5 5 5 5 5 5 5 5 5 5 5 5 5 5 5 5 5 5 5 5 5 1 0 1 3 3 3 3 3 3 5 5 5 5 5 5 5 5 5 
38 5 5 5 5 5 5 5 5 5 5 5 5 5 5 5 5 5 5 5 5 5 5 5 5 5 5 5 5 5 5 5 5 5 5 5 5 1 1 0 3 3 3 3 3 3 5 5 5 5 5 5 5 5 5 
39 5 5 5 5 5 5 5 5 5 5 5 5 5 5 5 5 5 5 5 5 5 5 5 5 5 5 5 5 5 5 5 5 5 5 5 5 3 3 3 0 1 1 3 3 3 5 5 5 5 5 5 5 5 5 
40 5 5 5 5 5 5 5 5 5 5 5 5 5 5 5 5 5 5 5 5 5 5 5 5 5 5 5 5 5 5 5 5 5 5 5 5 3 3 3 1 0 1 3 3 3 5 5 5 5 5 5 5 5 5 
41 5 5 5 5 5 5 5 5 5 5 5 5 5 5 5 5 5 5 5 5 5 5 5 5 5 5 5 5 5 5 5 5 5 5 5 5 3 3 3 1 1 0 3 3 3 5 5 5 5 5 5 5 5 5 
42 5 5 5 5 5 5 5 5 5 5 5 5 5 5 5 5 5 5 5 5 5 5 5 5 5 5 5 5 5 5 5 5 5 5 5 5 3 3 3 3 3 3 0 1 1 5 5 5 5 5 5 5 5 5 
43 5 5 5 5 5 5 5 5 5 5 5 5 5 5 5 5 5 5 5 5 5 5 5 5 5 5 5 5 5 5 5 5 5 5 5 5 3 3 3 3 3 3 1 0 1 5 5 5 5 5 5 5 5 5 
44 5 5 5 5 5 5 5 5 5 5 5 5 5 5 5 5 5 5 5 5 5 5 5 5 5 5 5 5 5 5 5 5 5 5 5 5 3 3 3 3 3 3 1 1 0 5 5 5 5 5 5 5 5 5 
45 5 5 5 5 5 5 5 5 5 5 5 5 5 5 5 5 5 5 5 5 5 5 5 5 5 5 5 5 5 5 5 5 5 5 5 5 5 5 5 5 5 5 5 5 5 0 1 1 3 3 3 3 3 3 
46 5 5 5 5 5 5 5 5 5 5 5 5 5 5 5 5 5 5 5 5 5 5 5 5 5 5 5 5 5 5 5 5 5 5 5 5 5 5 5 5 5 5 5 5 5 1 0 1 3 3 3 3 3 3 
47 5 5 5 5 5 5 5 5 5 5 5 5 5 5 5 5 5 5 5 5 5 5 5 5 5 5 5 5 5 5 5 5 5 5 5 5 5 5 5 5 5 5 5 5 5 1 1 0 3 3 3 3 3 3 
48 5 5 5 5 5 5 5 5 5 5 5 5 5 5 5 5 5 5 5 5 5 5 5 5 5 5 5 5 5 5 5 5 5 5 5 5 5 5 5 5 5 5 5 5 5 3 3 3 0 1 1 3 3 3 
49 5 5 5 5 5 5 5 5 5 5 5 5 5 5 5 5 5 5 5 5 5 5 5 5 5 5 5 5 5 5 5 5 5 5 5 5 5 5 5 5 5 5 5 5 5 3 3 3 1 0 1 3 3 3 
50 5 5 5 5 5 5 5 5 5 5 5 5 5 5 5 5 5 5 5 5 5 5 5 5 5 5 5 5 5 5 5 5 5 5 5 5 5 5 5 5 5 5 5 5 5 3 3 3 1 1 0 3 3 3 
51 5 5 5 5 5 5 5 5 5 5 5 5 5 5 5 5 5 5 5 5 5 5 5 5 5 5 5 5 5 5 5 5 5 5 5 5 5 5 5 5 5 5 5 5 5 3 3 3 3 3 3 0 1 1 
52 5 5 5 5 5 5 5 5 5 5 5 5 5 5 5 5 5 5 5 5 5 5 5 5 5 5 5 5 5 5 5 5 5 5 5 5 5 5 5 5 5 5 5 5 5 3 3 3 3 3 3 1 0 1 
53 5 5 5 5 5 5 5 5 5 5 5 5 5 5 5 5 5 5 5 5 5 5 5 5 5 5 5 5 5 5 5 5 5 5 5 5 5 5 5 5 5 5 5 5 5 3 3 3 3 3 3 1 1 0 
;
set S_rack[0] :=  
0 1 2 ;
set S_rack[1] :=  
3 4 5 ;
set S_rack[2] :=  
6 7 8 ;
set S_rack[3] :=  
9 10 11 ;
set S_rack[4] :=  
12 13 14 ;
set S_rack[5] :=  
15 16 17 ;
set S_rack[6] :=  
18 19 20 ;
set S_rack[7] :=  
21 22 23 ;
set S_rack[8] :=  
24 25 26 ;
set S_rack[9] :=  
27 28 29 ;
set S_rack[10] :=  
30 31 32 ;
set S_rack[11] :=  
33 34 35 ;
set S_rack[12] :=  
36 37 38 ;
set S_rack[13] :=  
39 40 41 ;
set S_rack[14] :=  
42 43 44 ;
set S_rack[15] :=  
45 46 47 ;
set S_rack[16] :=  
48 49 50 ;
set S_rack[17] :=  
51 52 53 ;
param CPU := 
0 38.0
1 40.0
2 56.0
3 9.0
4 12.0
5 12.0
6 19.666666746139526
7 23.2380952835083
8 17.285714387893677
9 50.0
10 56.0
11 56.0
12 32.63636374473572
13 32.63636374473572
14 42.86363637447357
15 29.227272868156433
16 34.909090995788574
17 44.0
18 44.0
19 44.0
20 44.0
21 39.0
22 38.0
23 54.0
24 34.909090995788574
25 25.81818199157715
26 44.0
27 38.0
28 40.0
29 48.0
30 24.0
31 40.0
32 48.0
33 44.0
34 44.0
35 44.0
36 26.0
37 28.0
38 28.0
39 8.952381134033203
40 20.85714292526245
41 28.0
42 38.0
43 36.0
44 44.0
45 25.0
46 28.0
47 28.0
48 22.409091114997864
49 23.545454740524292
50 30.36363649368286
51 40.0
52 56.0
53 56.0
;
param MEM := 
0 120.0
1 128.0
2 192.0
3 118.0
4 128.0
5 128.0
6 77.0
7 86.0
8 63.0
9 168.0
10 192.0
11 192.0
12 104.0
13 94.0
14 127.0
15 78.0
16 96.0
17 128.0
18 128.0
19 128.0
20 128.0
21 127.0
22 130.0
23 190.0
24 96.0
25 64.0
26 128.0
27 120.0
28 128.0
29 160.0
30 64.0
31 128.0
32 160.0
33 128.0
34 128.0
35 128.0
36 40.0
37 48.0
38 48.0
39 32.0
40 72.0
41 96.0
42 132.0
43 112.0
44 144.0
45 38.0
46 48.0
47 48.0
48 58.0
49 60.0
50 80.0
51 128.0
52 192.0
53 192.0
;
param DISK := 
0 68.0
1 128.0
2 192.0
3 96.0
4 128.0
5 128.0
6 48.0
7 64.0
8 42.0
9 132.0
10 192.0
11 192.0
12 60.0
13 48.0
14 124.0
15 40.8
16 84.8
17 128.0
18 128.0
19 128.0
20 128.0
21 60.8
22 58.0
23 184.0
24 56.0
25 64.0
26 128.0
27 68.0
28 92.0
29 142.0
30 64.0
31 92.0
32 142.0
33 128.0
34 128.0
35 128.0
36 24.0
37 48.0
38 48.0
39 32.0
40 36.0
41 96.0
42 64.8
43 92.0
44 106.0
45 16.0
46 48.0
47 48.0
48 40.0
49 48.0
50 48.8
51 128.0
52 192.0
53 192.0
;
param BDW_out := 
0 8.3821872
1 9.92726704
2 10.0
3 7.618046679999999
4 8.4631234
5 9.99159464
6 8.568815264
7 8.18653856
8 9.36120336
9 9.938475586
10 10.0
11 10.0
12 7.80657976
13 8.753644872
14 9.3769808
15 8.39310148
16 8.3995876
17 10.0
18 10.0
19 10.0
20 10.0
21 5.38669496
22 8.58346688
23 8.6096656
24 8.5646792
25 9.994264128
26 10.0
27 9.11253355
28 8.237449
29 9.118724499999999
30 9.0315192
31 9.1717276
32 9.2301384
33 10.0
34 10.0
35 10.0
36 9.99716248
37 10.0
38 10.0
39 8.035954
40 9.9950922
41 10.0
42 8.298692682666667
43 9.469281386666667
44 9.99912656
45 9.96554564
46 10.0
47 10.0
48 7.17258408
49 7.17774
50 9.98047904
51 9.98108992
52 10.0
53 10.0
;
param BDW_in := 
0 9.92574224
1 9.9984752
2 10.0
3 9.97999418
4 9.99471042
5 9.98126909
6 9.988925568
7 9.990578848
8 9.991379296
9 9.9976386
10 10.0
11 10.0
12 9.995861272
13 9.99254152
14 9.99630064
15 9.9969832
16 9.99049708
17 10.0
18 10.0
19 10.0
20 10.0
21 9.9722272
22 9.9934992
23 9.99174448
24 9.99147736
25 9.9993236
26 10.0
27 9.9979225
28 9.9939337
29 9.99696685
30 9.97247908
31 9.15634488
32 9.9415892
33 10.0
34 10.0
35 10.0
36 9.979020368
37 10.0
38 10.0
39 9.9932402
40 9.999074
41 10.0
42 9.989103333333333
43 9.981797808
44 9.9998352
45 9.991998528
46 10.0
47 10.0
48 9.942518416
49 9.983242
50 9.9963168
51 9.844276992
52 10.0
53 10.0
;
param mem := 
1 16.0
2 8.0
3 32.0
4 64.0
5 64.0
6 8.0
7 64.0
8 64.0
9 64.0
10 16.0
104 16.0
105 64.0
11 1.0
12 1.0
13 1.0
14 1.0
15 1.0
16 1.0
17 4.0
18 16.0
19 1.0
20 1.0
21 1.0
22 1.0
23 1.0
24 64.0
25 16.0
26 64.0
27 64.0
28 16.0
29 32.0
30 8.0
31 32.0
32 1.0
113 8.0
114 32.0
33 64.0
34 16.0
35 8.0
115 16.0
36 1.0
37 16.0
38 16.0
98 16.0
99 1.0
100 16.0
101 16.0
102 16.0
39 32.0
40 32.0
41 32.0
42 2.0
43 16.0
44 16.0
45 2.0
46 64.0
112 64.0
47 4.0
48 4.0
49 64.0
50 4.0
109 4.0
110 4.0
111 4.0
51 4.0
52 4.0
53 2.0
54 8.0
55 16.0
56 32.0
57 16.0
106 32.0
107 32.0
58 16.0
59 8.0
60 32.0
61 32.0
62 32.0
63 8.0
64 64.0
65 8.0
66 8.0
67 16.0
68 32.0
69 1.0
70 1.0
71 1.0
72 1.0
73 1.0
74 8.0
75 4.0
108 4.0
76 32.0
77 32.0
78 16.0
79 2.0
80 32.0
81 32.0
82 32.0
83 32.0
84 8.0
85 32.0
103 8.0
86 16.0
87 16.0
88 16.0
89 16.0
90 16.0
91 2.0
92 4.0
93 8.0
94 8.0
95 16.0
96 32.0
97 16.0
;
param disk := 
1 36.0
2 24.0
3 43.2
4 64.0
5 64.0
6 24.0
7 64.0
8 64.0
9 64.0
10 36.0
104 36.0
105 64.0
11 4.0
12 4.0
13 4.0
14 4.0
15 4.0
16 4.0
17 16.0
18 36.0
19 4.0
20 4.0
21 4.0
22 4.0
23 4.0
24 64.0
25 36.0
26 64.0
27 64.0
28 36.0
29 43.2
30 24.0
31 50.0
32 4.0
113 24.0
114 50.0
33 64.0
34 36.0
35 24.0
115 36.0
36 4.0
37 36.0
38 36.0
98 36.0
99 4.0
100 36.0
101 36.0
102 36.0
39 50.0
40 50.0
41 50.0
42 8.0
43 36.0
44 36.0
45 8.0
46 64.0
112 64.0
47 16.0
48 16.0
49 64.0
50 16.0
109 16.0
110 16.0
111 16.0
51 16.0
52 16.0
53 8.0
54 24.0
55 36.0
56 50.0
57 36.0
106 50.0
107 50.0
58 36.0
59 24.0
60 43.2
61 50.0
62 50.0
63 24.0
64 64.0
65 24.0
66 24.0
67 36.0
68 50.0
69 4.0
70 4.0
71 4.0
72 4.0
73 4.0
74 24.0
75 16.0
108 16.0
76 43.2
77 43.2
78 36.0
79 8.0
80 50.0
81 50.0
82 50.0
83 50.0
84 24.0
85 50.0
103 24.0
86 36.0
87 36.0
88 36.0
89 36.0
90 36.0
91 8.0
92 16.0
93 24.0
94 24.0
95 36.0
96 43.2
97 36.0
;
param cpu : 
0 1 2 3 4 5 6 7 8 9 10 11 12 13 14 15 16 17 18 19 20 21 22 23 24 25 26 27 28 29 30 31 32 33 34 35 36 37 38 39 40 41 42 43 44 45 46 47 48 49 50 51 52 53 := 
1 4.0 4.0 4.0 4.0 4.0 4.0 4.761904761904762 4.761904761904762 4.761904761904762 4.0 4.0 4.0 4.545454545454546 4.545454545454546 4.545454545454546 4.545454545454546 4.545454545454546 4.545454545454546 4.545454545454546 4.545454545454546 4.545454545454546 4.0 4.0 4.0 4.545454545454546 4.545454545454546 4.545454545454546 4.0 4.0 4.0 4.0 4.0 4.0 4.545454545454546 4.545454545454546 4.545454545454546 4.0 4.0 4.0 4.761904761904762 4.761904761904762 4.761904761904762 4.0 4.0 4.0 4.0 4.0 4.0 4.545454545454546 4.545454545454546 4.545454545454546 4.0 4.0 4.0 
2 2.0 2.0 2.0 2.0 2.0 2.0 2.380952380952381 2.380952380952381 2.380952380952381 2.0 2.0 2.0 2.272727272727273 2.272727272727273 2.272727272727273 2.272727272727273 2.272727272727273 2.272727272727273 2.272727272727273 2.272727272727273 2.272727272727273 2.0 2.0 2.0 2.272727272727273 2.272727272727273 2.272727272727273 2.0 2.0 2.0 2.0 2.0 2.0 2.272727272727273 2.272727272727273 2.272727272727273 2.0 2.0 2.0 2.380952380952381 2.380952380952381 2.380952380952381 2.0 2.0 2.0 2.0 2.0 2.0 2.272727272727273 2.272727272727273 2.272727272727273 2.0 2.0 2.0 
3 8.0 8.0 8.0 8.0 8.0 8.0 9.523809523809524 9.523809523809524 9.523809523809524 8.0 8.0 8.0 9.090909090909092 9.090909090909092 9.090909090909092 9.090909090909092 9.090909090909092 9.090909090909092 9.090909090909092 9.090909090909092 9.090909090909092 8.0 8.0 8.0 9.090909090909092 9.090909090909092 9.090909090909092 8.0 8.0 8.0 8.0 8.0 8.0 9.090909090909092 9.090909090909092 9.090909090909092 8.0 8.0 8.0 9.523809523809524 9.523809523809524 9.523809523809524 8.0 8.0 8.0 8.0 8.0 8.0 9.090909090909092 9.090909090909092 9.090909090909092 8.0 8.0 8.0 
4 16.0 16.0 16.0 16.0 16.0 16.0 19.047619047619047 19.047619047619047 19.047619047619047 16.0 16.0 16.0 18.181818181818183 18.181818181818183 18.181818181818183 18.181818181818183 18.181818181818183 18.181818181818183 18.181818181818183 18.181818181818183 18.181818181818183 16.0 16.0 16.0 18.181818181818183 18.181818181818183 18.181818181818183 16.0 16.0 16.0 16.0 16.0 16.0 18.181818181818183 18.181818181818183 18.181818181818183 16.0 16.0 16.0 19.047619047619047 19.047619047619047 19.047619047619047 16.0 16.0 16.0 16.0 16.0 16.0 18.181818181818183 18.181818181818183 18.181818181818183 16.0 16.0 16.0 
5 16.0 16.0 16.0 16.0 16.0 16.0 19.047619047619047 19.047619047619047 19.047619047619047 16.0 16.0 16.0 18.181818181818183 18.181818181818183 18.181818181818183 18.181818181818183 18.181818181818183 18.181818181818183 18.181818181818183 18.181818181818183 18.181818181818183 16.0 16.0 16.0 18.181818181818183 18.181818181818183 18.181818181818183 16.0 16.0 16.0 16.0 16.0 16.0 18.181818181818183 18.181818181818183 18.181818181818183 16.0 16.0 16.0 19.047619047619047 19.047619047619047 19.047619047619047 16.0 16.0 16.0 16.0 16.0 16.0 18.181818181818183 18.181818181818183 18.181818181818183 16.0 16.0 16.0 
6 2.0 2.0 2.0 2.0 2.0 2.0 2.380952380952381 2.380952380952381 2.380952380952381 2.0 2.0 2.0 2.272727272727273 2.272727272727273 2.272727272727273 2.272727272727273 2.272727272727273 2.272727272727273 2.272727272727273 2.272727272727273 2.272727272727273 2.0 2.0 2.0 2.272727272727273 2.272727272727273 2.272727272727273 2.0 2.0 2.0 2.0 2.0 2.0 2.272727272727273 2.272727272727273 2.272727272727273 2.0 2.0 2.0 2.380952380952381 2.380952380952381 2.380952380952381 2.0 2.0 2.0 2.0 2.0 2.0 2.272727272727273 2.272727272727273 2.272727272727273 2.0 2.0 2.0 
7 16.0 16.0 16.0 16.0 16.0 16.0 19.047619047619047 19.047619047619047 19.047619047619047 16.0 16.0 16.0 18.181818181818183 18.181818181818183 18.181818181818183 18.181818181818183 18.181818181818183 18.181818181818183 18.181818181818183 18.181818181818183 18.181818181818183 16.0 16.0 16.0 18.181818181818183 18.181818181818183 18.181818181818183 16.0 16.0 16.0 16.0 16.0 16.0 18.181818181818183 18.181818181818183 18.181818181818183 16.0 16.0 16.0 19.047619047619047 19.047619047619047 19.047619047619047 16.0 16.0 16.0 16.0 16.0 16.0 18.181818181818183 18.181818181818183 18.181818181818183 16.0 16.0 16.0 
8 16.0 16.0 16.0 16.0 16.0 16.0 19.047619047619047 19.047619047619047 19.047619047619047 16.0 16.0 16.0 18.181818181818183 18.181818181818183 18.181818181818183 18.181818181818183 18.181818181818183 18.181818181818183 18.181818181818183 18.181818181818183 18.181818181818183 16.0 16.0 16.0 18.181818181818183 18.181818181818183 18.181818181818183 16.0 16.0 16.0 16.0 16.0 16.0 18.181818181818183 18.181818181818183 18.181818181818183 16.0 16.0 16.0 19.047619047619047 19.047619047619047 19.047619047619047 16.0 16.0 16.0 16.0 16.0 16.0 18.181818181818183 18.181818181818183 18.181818181818183 16.0 16.0 16.0 
9 16.0 16.0 16.0 16.0 16.0 16.0 19.047619047619047 19.047619047619047 19.047619047619047 16.0 16.0 16.0 18.181818181818183 18.181818181818183 18.181818181818183 18.181818181818183 18.181818181818183 18.181818181818183 18.181818181818183 18.181818181818183 18.181818181818183 16.0 16.0 16.0 18.181818181818183 18.181818181818183 18.181818181818183 16.0 16.0 16.0 16.0 16.0 16.0 18.181818181818183 18.181818181818183 18.181818181818183 16.0 16.0 16.0 19.047619047619047 19.047619047619047 19.047619047619047 16.0 16.0 16.0 16.0 16.0 16.0 18.181818181818183 18.181818181818183 18.181818181818183 16.0 16.0 16.0 
10 4.0 4.0 4.0 4.0 4.0 4.0 4.761904761904762 4.761904761904762 4.761904761904762 4.0 4.0 4.0 4.545454545454546 4.545454545454546 4.545454545454546 4.545454545454546 4.545454545454546 4.545454545454546 4.545454545454546 4.545454545454546 4.545454545454546 4.0 4.0 4.0 4.545454545454546 4.545454545454546 4.545454545454546 4.0 4.0 4.0 4.0 4.0 4.0 4.545454545454546 4.545454545454546 4.545454545454546 4.0 4.0 4.0 4.761904761904762 4.761904761904762 4.761904761904762 4.0 4.0 4.0 4.0 4.0 4.0 4.545454545454546 4.545454545454546 4.545454545454546 4.0 4.0 4.0 
104 4.0 4.0 4.0 4.0 4.0 4.0 4.761904761904762 4.761904761904762 4.761904761904762 4.0 4.0 4.0 4.545454545454546 4.545454545454546 4.545454545454546 4.545454545454546 4.545454545454546 4.545454545454546 4.545454545454546 4.545454545454546 4.545454545454546 4.0 4.0 4.0 4.545454545454546 4.545454545454546 4.545454545454546 4.0 4.0 4.0 4.0 4.0 4.0 4.545454545454546 4.545454545454546 4.545454545454546 4.0 4.0 4.0 4.761904761904762 4.761904761904762 4.761904761904762 4.0 4.0 4.0 4.0 4.0 4.0 4.545454545454546 4.545454545454546 4.545454545454546 4.0 4.0 4.0 
105 16.0 16.0 16.0 16.0 16.0 16.0 19.047619047619047 19.047619047619047 19.047619047619047 16.0 16.0 16.0 18.181818181818183 18.181818181818183 18.181818181818183 18.181818181818183 18.181818181818183 18.181818181818183 18.181818181818183 18.181818181818183 18.181818181818183 16.0 16.0 16.0 18.181818181818183 18.181818181818183 18.181818181818183 16.0 16.0 16.0 16.0 16.0 16.0 18.181818181818183 18.181818181818183 18.181818181818183 16.0 16.0 16.0 19.047619047619047 19.047619047619047 19.047619047619047 16.0 16.0 16.0 16.0 16.0 16.0 18.181818181818183 18.181818181818183 18.181818181818183 16.0 16.0 16.0 
11 1.0 1.0 1.0 1.0 1.0 1.0 1.1904761904761905 1.1904761904761905 1.1904761904761905 1.0 1.0 1.0 1.1363636363636365 1.1363636363636365 1.1363636363636365 1.1363636363636365 1.1363636363636365 1.1363636363636365 1.1363636363636365 1.1363636363636365 1.1363636363636365 1.0 1.0 1.0 1.1363636363636365 1.1363636363636365 1.1363636363636365 1.0 1.0 1.0 1.0 1.0 1.0 1.1363636363636365 1.1363636363636365 1.1363636363636365 1.0 1.0 1.0 1.1904761904761905 1.1904761904761905 1.1904761904761905 1.0 1.0 1.0 1.0 1.0 1.0 1.1363636363636365 1.1363636363636365 1.1363636363636365 1.0 1.0 1.0 
12 1.0 1.0 1.0 1.0 1.0 1.0 1.1904761904761905 1.1904761904761905 1.1904761904761905 1.0 1.0 1.0 1.1363636363636365 1.1363636363636365 1.1363636363636365 1.1363636363636365 1.1363636363636365 1.1363636363636365 1.1363636363636365 1.1363636363636365 1.1363636363636365 1.0 1.0 1.0 1.1363636363636365 1.1363636363636365 1.1363636363636365 1.0 1.0 1.0 1.0 1.0 1.0 1.1363636363636365 1.1363636363636365 1.1363636363636365 1.0 1.0 1.0 1.1904761904761905 1.1904761904761905 1.1904761904761905 1.0 1.0 1.0 1.0 1.0 1.0 1.1363636363636365 1.1363636363636365 1.1363636363636365 1.0 1.0 1.0 
13 1.0 1.0 1.0 1.0 1.0 1.0 1.1904761904761905 1.1904761904761905 1.1904761904761905 1.0 1.0 1.0 1.1363636363636365 1.1363636363636365 1.1363636363636365 1.1363636363636365 1.1363636363636365 1.1363636363636365 1.1363636363636365 1.1363636363636365 1.1363636363636365 1.0 1.0 1.0 1.1363636363636365 1.1363636363636365 1.1363636363636365 1.0 1.0 1.0 1.0 1.0 1.0 1.1363636363636365 1.1363636363636365 1.1363636363636365 1.0 1.0 1.0 1.1904761904761905 1.1904761904761905 1.1904761904761905 1.0 1.0 1.0 1.0 1.0 1.0 1.1363636363636365 1.1363636363636365 1.1363636363636365 1.0 1.0 1.0 
14 1.0 1.0 1.0 1.0 1.0 1.0 1.1904761904761905 1.1904761904761905 1.1904761904761905 1.0 1.0 1.0 1.1363636363636365 1.1363636363636365 1.1363636363636365 1.1363636363636365 1.1363636363636365 1.1363636363636365 1.1363636363636365 1.1363636363636365 1.1363636363636365 1.0 1.0 1.0 1.1363636363636365 1.1363636363636365 1.1363636363636365 1.0 1.0 1.0 1.0 1.0 1.0 1.1363636363636365 1.1363636363636365 1.1363636363636365 1.0 1.0 1.0 1.1904761904761905 1.1904761904761905 1.1904761904761905 1.0 1.0 1.0 1.0 1.0 1.0 1.1363636363636365 1.1363636363636365 1.1363636363636365 1.0 1.0 1.0 
15 1.0 1.0 1.0 1.0 1.0 1.0 1.1904761904761905 1.1904761904761905 1.1904761904761905 1.0 1.0 1.0 1.1363636363636365 1.1363636363636365 1.1363636363636365 1.1363636363636365 1.1363636363636365 1.1363636363636365 1.1363636363636365 1.1363636363636365 1.1363636363636365 1.0 1.0 1.0 1.1363636363636365 1.1363636363636365 1.1363636363636365 1.0 1.0 1.0 1.0 1.0 1.0 1.1363636363636365 1.1363636363636365 1.1363636363636365 1.0 1.0 1.0 1.1904761904761905 1.1904761904761905 1.1904761904761905 1.0 1.0 1.0 1.0 1.0 1.0 1.1363636363636365 1.1363636363636365 1.1363636363636365 1.0 1.0 1.0 
16 1.0 1.0 1.0 1.0 1.0 1.0 1.1904761904761905 1.1904761904761905 1.1904761904761905 1.0 1.0 1.0 1.1363636363636365 1.1363636363636365 1.1363636363636365 1.1363636363636365 1.1363636363636365 1.1363636363636365 1.1363636363636365 1.1363636363636365 1.1363636363636365 1.0 1.0 1.0 1.1363636363636365 1.1363636363636365 1.1363636363636365 1.0 1.0 1.0 1.0 1.0 1.0 1.1363636363636365 1.1363636363636365 1.1363636363636365 1.0 1.0 1.0 1.1904761904761905 1.1904761904761905 1.1904761904761905 1.0 1.0 1.0 1.0 1.0 1.0 1.1363636363636365 1.1363636363636365 1.1363636363636365 1.0 1.0 1.0 
17 2.0 2.0 2.0 2.0 2.0 2.0 2.380952380952381 2.380952380952381 2.380952380952381 2.0 2.0 2.0 2.272727272727273 2.272727272727273 2.272727272727273 2.272727272727273 2.272727272727273 2.272727272727273 2.272727272727273 2.272727272727273 2.272727272727273 2.0 2.0 2.0 2.272727272727273 2.272727272727273 2.272727272727273 2.0 2.0 2.0 2.0 2.0 2.0 2.272727272727273 2.272727272727273 2.272727272727273 2.0 2.0 2.0 2.380952380952381 2.380952380952381 2.380952380952381 2.0 2.0 2.0 2.0 2.0 2.0 2.272727272727273 2.272727272727273 2.272727272727273 2.0 2.0 2.0 
18 4.0 4.0 4.0 4.0 4.0 4.0 4.761904761904762 4.761904761904762 4.761904761904762 4.0 4.0 4.0 4.545454545454546 4.545454545454546 4.545454545454546 4.545454545454546 4.545454545454546 4.545454545454546 4.545454545454546 4.545454545454546 4.545454545454546 4.0 4.0 4.0 4.545454545454546 4.545454545454546 4.545454545454546 4.0 4.0 4.0 4.0 4.0 4.0 4.545454545454546 4.545454545454546 4.545454545454546 4.0 4.0 4.0 4.761904761904762 4.761904761904762 4.761904761904762 4.0 4.0 4.0 4.0 4.0 4.0 4.545454545454546 4.545454545454546 4.545454545454546 4.0 4.0 4.0 
19 1.0 1.0 1.0 1.0 1.0 1.0 1.1904761904761905 1.1904761904761905 1.1904761904761905 1.0 1.0 1.0 1.1363636363636365 1.1363636363636365 1.1363636363636365 1.1363636363636365 1.1363636363636365 1.1363636363636365 1.1363636363636365 1.1363636363636365 1.1363636363636365 1.0 1.0 1.0 1.1363636363636365 1.1363636363636365 1.1363636363636365 1.0 1.0 1.0 1.0 1.0 1.0 1.1363636363636365 1.1363636363636365 1.1363636363636365 1.0 1.0 1.0 1.1904761904761905 1.1904761904761905 1.1904761904761905 1.0 1.0 1.0 1.0 1.0 1.0 1.1363636363636365 1.1363636363636365 1.1363636363636365 1.0 1.0 1.0 
20 1.0 1.0 1.0 1.0 1.0 1.0 1.1904761904761905 1.1904761904761905 1.1904761904761905 1.0 1.0 1.0 1.1363636363636365 1.1363636363636365 1.1363636363636365 1.1363636363636365 1.1363636363636365 1.1363636363636365 1.1363636363636365 1.1363636363636365 1.1363636363636365 1.0 1.0 1.0 1.1363636363636365 1.1363636363636365 1.1363636363636365 1.0 1.0 1.0 1.0 1.0 1.0 1.1363636363636365 1.1363636363636365 1.1363636363636365 1.0 1.0 1.0 1.1904761904761905 1.1904761904761905 1.1904761904761905 1.0 1.0 1.0 1.0 1.0 1.0 1.1363636363636365 1.1363636363636365 1.1363636363636365 1.0 1.0 1.0 
21 1.0 1.0 1.0 1.0 1.0 1.0 1.1904761904761905 1.1904761904761905 1.1904761904761905 1.0 1.0 1.0 1.1363636363636365 1.1363636363636365 1.1363636363636365 1.1363636363636365 1.1363636363636365 1.1363636363636365 1.1363636363636365 1.1363636363636365 1.1363636363636365 1.0 1.0 1.0 1.1363636363636365 1.1363636363636365 1.1363636363636365 1.0 1.0 1.0 1.0 1.0 1.0 1.1363636363636365 1.1363636363636365 1.1363636363636365 1.0 1.0 1.0 1.1904761904761905 1.1904761904761905 1.1904761904761905 1.0 1.0 1.0 1.0 1.0 1.0 1.1363636363636365 1.1363636363636365 1.1363636363636365 1.0 1.0 1.0 
22 1.0 1.0 1.0 1.0 1.0 1.0 1.1904761904761905 1.1904761904761905 1.1904761904761905 1.0 1.0 1.0 1.1363636363636365 1.1363636363636365 1.1363636363636365 1.1363636363636365 1.1363636363636365 1.1363636363636365 1.1363636363636365 1.1363636363636365 1.1363636363636365 1.0 1.0 1.0 1.1363636363636365 1.1363636363636365 1.1363636363636365 1.0 1.0 1.0 1.0 1.0 1.0 1.1363636363636365 1.1363636363636365 1.1363636363636365 1.0 1.0 1.0 1.1904761904761905 1.1904761904761905 1.1904761904761905 1.0 1.0 1.0 1.0 1.0 1.0 1.1363636363636365 1.1363636363636365 1.1363636363636365 1.0 1.0 1.0 
23 1.0 1.0 1.0 1.0 1.0 1.0 1.1904761904761905 1.1904761904761905 1.1904761904761905 1.0 1.0 1.0 1.1363636363636365 1.1363636363636365 1.1363636363636365 1.1363636363636365 1.1363636363636365 1.1363636363636365 1.1363636363636365 1.1363636363636365 1.1363636363636365 1.0 1.0 1.0 1.1363636363636365 1.1363636363636365 1.1363636363636365 1.0 1.0 1.0 1.0 1.0 1.0 1.1363636363636365 1.1363636363636365 1.1363636363636365 1.0 1.0 1.0 1.1904761904761905 1.1904761904761905 1.1904761904761905 1.0 1.0 1.0 1.0 1.0 1.0 1.1363636363636365 1.1363636363636365 1.1363636363636365 1.0 1.0 1.0 
24 16.0 16.0 16.0 16.0 16.0 16.0 19.047619047619047 19.047619047619047 19.047619047619047 16.0 16.0 16.0 18.181818181818183 18.181818181818183 18.181818181818183 18.181818181818183 18.181818181818183 18.181818181818183 18.181818181818183 18.181818181818183 18.181818181818183 16.0 16.0 16.0 18.181818181818183 18.181818181818183 18.181818181818183 16.0 16.0 16.0 16.0 16.0 16.0 18.181818181818183 18.181818181818183 18.181818181818183 16.0 16.0 16.0 19.047619047619047 19.047619047619047 19.047619047619047 16.0 16.0 16.0 16.0 16.0 16.0 18.181818181818183 18.181818181818183 18.181818181818183 16.0 16.0 16.0 
25 4.0 4.0 4.0 4.0 4.0 4.0 4.761904761904762 4.761904761904762 4.761904761904762 4.0 4.0 4.0 4.545454545454546 4.545454545454546 4.545454545454546 4.545454545454546 4.545454545454546 4.545454545454546 4.545454545454546 4.545454545454546 4.545454545454546 4.0 4.0 4.0 4.545454545454546 4.545454545454546 4.545454545454546 4.0 4.0 4.0 4.0 4.0 4.0 4.545454545454546 4.545454545454546 4.545454545454546 4.0 4.0 4.0 4.761904761904762 4.761904761904762 4.761904761904762 4.0 4.0 4.0 4.0 4.0 4.0 4.545454545454546 4.545454545454546 4.545454545454546 4.0 4.0 4.0 
26 16.0 16.0 16.0 16.0 16.0 16.0 19.047619047619047 19.047619047619047 19.047619047619047 16.0 16.0 16.0 18.181818181818183 18.181818181818183 18.181818181818183 18.181818181818183 18.181818181818183 18.181818181818183 18.181818181818183 18.181818181818183 18.181818181818183 16.0 16.0 16.0 18.181818181818183 18.181818181818183 18.181818181818183 16.0 16.0 16.0 16.0 16.0 16.0 18.181818181818183 18.181818181818183 18.181818181818183 16.0 16.0 16.0 19.047619047619047 19.047619047619047 19.047619047619047 16.0 16.0 16.0 16.0 16.0 16.0 18.181818181818183 18.181818181818183 18.181818181818183 16.0 16.0 16.0 
27 16.0 16.0 16.0 16.0 16.0 16.0 19.047619047619047 19.047619047619047 19.047619047619047 16.0 16.0 16.0 18.181818181818183 18.181818181818183 18.181818181818183 18.181818181818183 18.181818181818183 18.181818181818183 18.181818181818183 18.181818181818183 18.181818181818183 16.0 16.0 16.0 18.181818181818183 18.181818181818183 18.181818181818183 16.0 16.0 16.0 16.0 16.0 16.0 18.181818181818183 18.181818181818183 18.181818181818183 16.0 16.0 16.0 19.047619047619047 19.047619047619047 19.047619047619047 16.0 16.0 16.0 16.0 16.0 16.0 18.181818181818183 18.181818181818183 18.181818181818183 16.0 16.0 16.0 
28 4.0 4.0 4.0 4.0 4.0 4.0 4.761904761904762 4.761904761904762 4.761904761904762 4.0 4.0 4.0 4.545454545454546 4.545454545454546 4.545454545454546 4.545454545454546 4.545454545454546 4.545454545454546 4.545454545454546 4.545454545454546 4.545454545454546 4.0 4.0 4.0 4.545454545454546 4.545454545454546 4.545454545454546 4.0 4.0 4.0 4.0 4.0 4.0 4.545454545454546 4.545454545454546 4.545454545454546 4.0 4.0 4.0 4.761904761904762 4.761904761904762 4.761904761904762 4.0 4.0 4.0 4.0 4.0 4.0 4.545454545454546 4.545454545454546 4.545454545454546 4.0 4.0 4.0 
29 8.0 8.0 8.0 8.0 8.0 8.0 9.523809523809524 9.523809523809524 9.523809523809524 8.0 8.0 8.0 9.090909090909092 9.090909090909092 9.090909090909092 9.090909090909092 9.090909090909092 9.090909090909092 9.090909090909092 9.090909090909092 9.090909090909092 8.0 8.0 8.0 9.090909090909092 9.090909090909092 9.090909090909092 8.0 8.0 8.0 8.0 8.0 8.0 9.090909090909092 9.090909090909092 9.090909090909092 8.0 8.0 8.0 9.523809523809524 9.523809523809524 9.523809523809524 8.0 8.0 8.0 8.0 8.0 8.0 9.090909090909092 9.090909090909092 9.090909090909092 8.0 8.0 8.0 
30 2.0 2.0 2.0 2.0 2.0 2.0 2.380952380952381 2.380952380952381 2.380952380952381 2.0 2.0 2.0 2.272727272727273 2.272727272727273 2.272727272727273 2.272727272727273 2.272727272727273 2.272727272727273 2.272727272727273 2.272727272727273 2.272727272727273 2.0 2.0 2.0 2.272727272727273 2.272727272727273 2.272727272727273 2.0 2.0 2.0 2.0 2.0 2.0 2.272727272727273 2.272727272727273 2.272727272727273 2.0 2.0 2.0 2.380952380952381 2.380952380952381 2.380952380952381 2.0 2.0 2.0 2.0 2.0 2.0 2.272727272727273 2.272727272727273 2.272727272727273 2.0 2.0 2.0 
31 8.0 8.0 8.0 8.0 8.0 8.0 9.523809523809524 9.523809523809524 9.523809523809524 8.0 8.0 8.0 9.090909090909092 9.090909090909092 9.090909090909092 9.090909090909092 9.090909090909092 9.090909090909092 9.090909090909092 9.090909090909092 9.090909090909092 8.0 8.0 8.0 9.090909090909092 9.090909090909092 9.090909090909092 8.0 8.0 8.0 8.0 8.0 8.0 9.090909090909092 9.090909090909092 9.090909090909092 8.0 8.0 8.0 9.523809523809524 9.523809523809524 9.523809523809524 8.0 8.0 8.0 8.0 8.0 8.0 9.090909090909092 9.090909090909092 9.090909090909092 8.0 8.0 8.0 
32 1.0 1.0 1.0 1.0 1.0 1.0 1.1904761904761905 1.1904761904761905 1.1904761904761905 1.0 1.0 1.0 1.1363636363636365 1.1363636363636365 1.1363636363636365 1.1363636363636365 1.1363636363636365 1.1363636363636365 1.1363636363636365 1.1363636363636365 1.1363636363636365 1.0 1.0 1.0 1.1363636363636365 1.1363636363636365 1.1363636363636365 1.0 1.0 1.0 1.0 1.0 1.0 1.1363636363636365 1.1363636363636365 1.1363636363636365 1.0 1.0 1.0 1.1904761904761905 1.1904761904761905 1.1904761904761905 1.0 1.0 1.0 1.0 1.0 1.0 1.1363636363636365 1.1363636363636365 1.1363636363636365 1.0 1.0 1.0 
113 2.0 2.0 2.0 2.0 2.0 2.0 2.380952380952381 2.380952380952381 2.380952380952381 2.0 2.0 2.0 2.272727272727273 2.272727272727273 2.272727272727273 2.272727272727273 2.272727272727273 2.272727272727273 2.272727272727273 2.272727272727273 2.272727272727273 2.0 2.0 2.0 2.272727272727273 2.272727272727273 2.272727272727273 2.0 2.0 2.0 2.0 2.0 2.0 2.272727272727273 2.272727272727273 2.272727272727273 2.0 2.0 2.0 2.380952380952381 2.380952380952381 2.380952380952381 2.0 2.0 2.0 2.0 2.0 2.0 2.272727272727273 2.272727272727273 2.272727272727273 2.0 2.0 2.0 
114 8.0 8.0 8.0 8.0 8.0 8.0 9.523809523809524 9.523809523809524 9.523809523809524 8.0 8.0 8.0 9.090909090909092 9.090909090909092 9.090909090909092 9.090909090909092 9.090909090909092 9.090909090909092 9.090909090909092 9.090909090909092 9.090909090909092 8.0 8.0 8.0 9.090909090909092 9.090909090909092 9.090909090909092 8.0 8.0 8.0 8.0 8.0 8.0 9.090909090909092 9.090909090909092 9.090909090909092 8.0 8.0 8.0 9.523809523809524 9.523809523809524 9.523809523809524 8.0 8.0 8.0 8.0 8.0 8.0 9.090909090909092 9.090909090909092 9.090909090909092 8.0 8.0 8.0 
33 16.0 16.0 16.0 16.0 16.0 16.0 19.047619047619047 19.047619047619047 19.047619047619047 16.0 16.0 16.0 18.181818181818183 18.181818181818183 18.181818181818183 18.181818181818183 18.181818181818183 18.181818181818183 18.181818181818183 18.181818181818183 18.181818181818183 16.0 16.0 16.0 18.181818181818183 18.181818181818183 18.181818181818183 16.0 16.0 16.0 16.0 16.0 16.0 18.181818181818183 18.181818181818183 18.181818181818183 16.0 16.0 16.0 19.047619047619047 19.047619047619047 19.047619047619047 16.0 16.0 16.0 16.0 16.0 16.0 18.181818181818183 18.181818181818183 18.181818181818183 16.0 16.0 16.0 
34 4.0 4.0 4.0 4.0 4.0 4.0 4.761904761904762 4.761904761904762 4.761904761904762 4.0 4.0 4.0 4.545454545454546 4.545454545454546 4.545454545454546 4.545454545454546 4.545454545454546 4.545454545454546 4.545454545454546 4.545454545454546 4.545454545454546 4.0 4.0 4.0 4.545454545454546 4.545454545454546 4.545454545454546 4.0 4.0 4.0 4.0 4.0 4.0 4.545454545454546 4.545454545454546 4.545454545454546 4.0 4.0 4.0 4.761904761904762 4.761904761904762 4.761904761904762 4.0 4.0 4.0 4.0 4.0 4.0 4.545454545454546 4.545454545454546 4.545454545454546 4.0 4.0 4.0 
35 2.0 2.0 2.0 2.0 2.0 2.0 2.380952380952381 2.380952380952381 2.380952380952381 2.0 2.0 2.0 2.272727272727273 2.272727272727273 2.272727272727273 2.272727272727273 2.272727272727273 2.272727272727273 2.272727272727273 2.272727272727273 2.272727272727273 2.0 2.0 2.0 2.272727272727273 2.272727272727273 2.272727272727273 2.0 2.0 2.0 2.0 2.0 2.0 2.272727272727273 2.272727272727273 2.272727272727273 2.0 2.0 2.0 2.380952380952381 2.380952380952381 2.380952380952381 2.0 2.0 2.0 2.0 2.0 2.0 2.272727272727273 2.272727272727273 2.272727272727273 2.0 2.0 2.0 
115 4.0 4.0 4.0 4.0 4.0 4.0 4.761904761904762 4.761904761904762 4.761904761904762 4.0 4.0 4.0 4.545454545454546 4.545454545454546 4.545454545454546 4.545454545454546 4.545454545454546 4.545454545454546 4.545454545454546 4.545454545454546 4.545454545454546 4.0 4.0 4.0 4.545454545454546 4.545454545454546 4.545454545454546 4.0 4.0 4.0 4.0 4.0 4.0 4.545454545454546 4.545454545454546 4.545454545454546 4.0 4.0 4.0 4.761904761904762 4.761904761904762 4.761904761904762 4.0 4.0 4.0 4.0 4.0 4.0 4.545454545454546 4.545454545454546 4.545454545454546 4.0 4.0 4.0 
36 1.0 1.0 1.0 1.0 1.0 1.0 1.1904761904761905 1.1904761904761905 1.1904761904761905 1.0 1.0 1.0 1.1363636363636365 1.1363636363636365 1.1363636363636365 1.1363636363636365 1.1363636363636365 1.1363636363636365 1.1363636363636365 1.1363636363636365 1.1363636363636365 1.0 1.0 1.0 1.1363636363636365 1.1363636363636365 1.1363636363636365 1.0 1.0 1.0 1.0 1.0 1.0 1.1363636363636365 1.1363636363636365 1.1363636363636365 1.0 1.0 1.0 1.1904761904761905 1.1904761904761905 1.1904761904761905 1.0 1.0 1.0 1.0 1.0 1.0 1.1363636363636365 1.1363636363636365 1.1363636363636365 1.0 1.0 1.0 
37 4.0 4.0 4.0 4.0 4.0 4.0 4.761904761904762 4.761904761904762 4.761904761904762 4.0 4.0 4.0 4.545454545454546 4.545454545454546 4.545454545454546 4.545454545454546 4.545454545454546 4.545454545454546 4.545454545454546 4.545454545454546 4.545454545454546 4.0 4.0 4.0 4.545454545454546 4.545454545454546 4.545454545454546 4.0 4.0 4.0 4.0 4.0 4.0 4.545454545454546 4.545454545454546 4.545454545454546 4.0 4.0 4.0 4.761904761904762 4.761904761904762 4.761904761904762 4.0 4.0 4.0 4.0 4.0 4.0 4.545454545454546 4.545454545454546 4.545454545454546 4.0 4.0 4.0 
38 4.0 4.0 4.0 4.0 4.0 4.0 4.761904761904762 4.761904761904762 4.761904761904762 4.0 4.0 4.0 4.545454545454546 4.545454545454546 4.545454545454546 4.545454545454546 4.545454545454546 4.545454545454546 4.545454545454546 4.545454545454546 4.545454545454546 4.0 4.0 4.0 4.545454545454546 4.545454545454546 4.545454545454546 4.0 4.0 4.0 4.0 4.0 4.0 4.545454545454546 4.545454545454546 4.545454545454546 4.0 4.0 4.0 4.761904761904762 4.761904761904762 4.761904761904762 4.0 4.0 4.0 4.0 4.0 4.0 4.545454545454546 4.545454545454546 4.545454545454546 4.0 4.0 4.0 
98 4.0 4.0 4.0 4.0 4.0 4.0 4.761904761904762 4.761904761904762 4.761904761904762 4.0 4.0 4.0 4.545454545454546 4.545454545454546 4.545454545454546 4.545454545454546 4.545454545454546 4.545454545454546 4.545454545454546 4.545454545454546 4.545454545454546 4.0 4.0 4.0 4.545454545454546 4.545454545454546 4.545454545454546 4.0 4.0 4.0 4.0 4.0 4.0 4.545454545454546 4.545454545454546 4.545454545454546 4.0 4.0 4.0 4.761904761904762 4.761904761904762 4.761904761904762 4.0 4.0 4.0 4.0 4.0 4.0 4.545454545454546 4.545454545454546 4.545454545454546 4.0 4.0 4.0 
99 1.0 1.0 1.0 1.0 1.0 1.0 1.1904761904761905 1.1904761904761905 1.1904761904761905 1.0 1.0 1.0 1.1363636363636365 1.1363636363636365 1.1363636363636365 1.1363636363636365 1.1363636363636365 1.1363636363636365 1.1363636363636365 1.1363636363636365 1.1363636363636365 1.0 1.0 1.0 1.1363636363636365 1.1363636363636365 1.1363636363636365 1.0 1.0 1.0 1.0 1.0 1.0 1.1363636363636365 1.1363636363636365 1.1363636363636365 1.0 1.0 1.0 1.1904761904761905 1.1904761904761905 1.1904761904761905 1.0 1.0 1.0 1.0 1.0 1.0 1.1363636363636365 1.1363636363636365 1.1363636363636365 1.0 1.0 1.0 
100 4.0 4.0 4.0 4.0 4.0 4.0 4.761904761904762 4.761904761904762 4.761904761904762 4.0 4.0 4.0 4.545454545454546 4.545454545454546 4.545454545454546 4.545454545454546 4.545454545454546 4.545454545454546 4.545454545454546 4.545454545454546 4.545454545454546 4.0 4.0 4.0 4.545454545454546 4.545454545454546 4.545454545454546 4.0 4.0 4.0 4.0 4.0 4.0 4.545454545454546 4.545454545454546 4.545454545454546 4.0 4.0 4.0 4.761904761904762 4.761904761904762 4.761904761904762 4.0 4.0 4.0 4.0 4.0 4.0 4.545454545454546 4.545454545454546 4.545454545454546 4.0 4.0 4.0 
101 4.0 4.0 4.0 4.0 4.0 4.0 4.761904761904762 4.761904761904762 4.761904761904762 4.0 4.0 4.0 4.545454545454546 4.545454545454546 4.545454545454546 4.545454545454546 4.545454545454546 4.545454545454546 4.545454545454546 4.545454545454546 4.545454545454546 4.0 4.0 4.0 4.545454545454546 4.545454545454546 4.545454545454546 4.0 4.0 4.0 4.0 4.0 4.0 4.545454545454546 4.545454545454546 4.545454545454546 4.0 4.0 4.0 4.761904761904762 4.761904761904762 4.761904761904762 4.0 4.0 4.0 4.0 4.0 4.0 4.545454545454546 4.545454545454546 4.545454545454546 4.0 4.0 4.0 
102 4.0 4.0 4.0 4.0 4.0 4.0 4.761904761904762 4.761904761904762 4.761904761904762 4.0 4.0 4.0 4.545454545454546 4.545454545454546 4.545454545454546 4.545454545454546 4.545454545454546 4.545454545454546 4.545454545454546 4.545454545454546 4.545454545454546 4.0 4.0 4.0 4.545454545454546 4.545454545454546 4.545454545454546 4.0 4.0 4.0 4.0 4.0 4.0 4.545454545454546 4.545454545454546 4.545454545454546 4.0 4.0 4.0 4.761904761904762 4.761904761904762 4.761904761904762 4.0 4.0 4.0 4.0 4.0 4.0 4.545454545454546 4.545454545454546 4.545454545454546 4.0 4.0 4.0 
39 8.0 8.0 8.0 8.0 8.0 8.0 9.523809523809524 9.523809523809524 9.523809523809524 8.0 8.0 8.0 9.090909090909092 9.090909090909092 9.090909090909092 9.090909090909092 9.090909090909092 9.090909090909092 9.090909090909092 9.090909090909092 9.090909090909092 8.0 8.0 8.0 9.090909090909092 9.090909090909092 9.090909090909092 8.0 8.0 8.0 8.0 8.0 8.0 9.090909090909092 9.090909090909092 9.090909090909092 8.0 8.0 8.0 9.523809523809524 9.523809523809524 9.523809523809524 8.0 8.0 8.0 8.0 8.0 8.0 9.090909090909092 9.090909090909092 9.090909090909092 8.0 8.0 8.0 
40 8.0 8.0 8.0 8.0 8.0 8.0 9.523809523809524 9.523809523809524 9.523809523809524 8.0 8.0 8.0 9.090909090909092 9.090909090909092 9.090909090909092 9.090909090909092 9.090909090909092 9.090909090909092 9.090909090909092 9.090909090909092 9.090909090909092 8.0 8.0 8.0 9.090909090909092 9.090909090909092 9.090909090909092 8.0 8.0 8.0 8.0 8.0 8.0 9.090909090909092 9.090909090909092 9.090909090909092 8.0 8.0 8.0 9.523809523809524 9.523809523809524 9.523809523809524 8.0 8.0 8.0 8.0 8.0 8.0 9.090909090909092 9.090909090909092 9.090909090909092 8.0 8.0 8.0 
41 8.0 8.0 8.0 8.0 8.0 8.0 9.523809523809524 9.523809523809524 9.523809523809524 8.0 8.0 8.0 9.090909090909092 9.090909090909092 9.090909090909092 9.090909090909092 9.090909090909092 9.090909090909092 9.090909090909092 9.090909090909092 9.090909090909092 8.0 8.0 8.0 9.090909090909092 9.090909090909092 9.090909090909092 8.0 8.0 8.0 8.0 8.0 8.0 9.090909090909092 9.090909090909092 9.090909090909092 8.0 8.0 8.0 9.523809523809524 9.523809523809524 9.523809523809524 8.0 8.0 8.0 8.0 8.0 8.0 9.090909090909092 9.090909090909092 9.090909090909092 8.0 8.0 8.0 
42 1.0 1.0 1.0 1.0 1.0 1.0 1.1904761904761905 1.1904761904761905 1.1904761904761905 1.0 1.0 1.0 1.1363636363636365 1.1363636363636365 1.1363636363636365 1.1363636363636365 1.1363636363636365 1.1363636363636365 1.1363636363636365 1.1363636363636365 1.1363636363636365 1.0 1.0 1.0 1.1363636363636365 1.1363636363636365 1.1363636363636365 1.0 1.0 1.0 1.0 1.0 1.0 1.1363636363636365 1.1363636363636365 1.1363636363636365 1.0 1.0 1.0 1.1904761904761905 1.1904761904761905 1.1904761904761905 1.0 1.0 1.0 1.0 1.0 1.0 1.1363636363636365 1.1363636363636365 1.1363636363636365 1.0 1.0 1.0 
43 4.0 4.0 4.0 4.0 4.0 4.0 4.761904761904762 4.761904761904762 4.761904761904762 4.0 4.0 4.0 4.545454545454546 4.545454545454546 4.545454545454546 4.545454545454546 4.545454545454546 4.545454545454546 4.545454545454546 4.545454545454546 4.545454545454546 4.0 4.0 4.0 4.545454545454546 4.545454545454546 4.545454545454546 4.0 4.0 4.0 4.0 4.0 4.0 4.545454545454546 4.545454545454546 4.545454545454546 4.0 4.0 4.0 4.761904761904762 4.761904761904762 4.761904761904762 4.0 4.0 4.0 4.0 4.0 4.0 4.545454545454546 4.545454545454546 4.545454545454546 4.0 4.0 4.0 
44 4.0 4.0 4.0 4.0 4.0 4.0 4.761904761904762 4.761904761904762 4.761904761904762 4.0 4.0 4.0 4.545454545454546 4.545454545454546 4.545454545454546 4.545454545454546 4.545454545454546 4.545454545454546 4.545454545454546 4.545454545454546 4.545454545454546 4.0 4.0 4.0 4.545454545454546 4.545454545454546 4.545454545454546 4.0 4.0 4.0 4.0 4.0 4.0 4.545454545454546 4.545454545454546 4.545454545454546 4.0 4.0 4.0 4.761904761904762 4.761904761904762 4.761904761904762 4.0 4.0 4.0 4.0 4.0 4.0 4.545454545454546 4.545454545454546 4.545454545454546 4.0 4.0 4.0 
45 1.0 1.0 1.0 1.0 1.0 1.0 1.1904761904761905 1.1904761904761905 1.1904761904761905 1.0 1.0 1.0 1.1363636363636365 1.1363636363636365 1.1363636363636365 1.1363636363636365 1.1363636363636365 1.1363636363636365 1.1363636363636365 1.1363636363636365 1.1363636363636365 1.0 1.0 1.0 1.1363636363636365 1.1363636363636365 1.1363636363636365 1.0 1.0 1.0 1.0 1.0 1.0 1.1363636363636365 1.1363636363636365 1.1363636363636365 1.0 1.0 1.0 1.1904761904761905 1.1904761904761905 1.1904761904761905 1.0 1.0 1.0 1.0 1.0 1.0 1.1363636363636365 1.1363636363636365 1.1363636363636365 1.0 1.0 1.0 
46 16.0 16.0 16.0 16.0 16.0 16.0 19.047619047619047 19.047619047619047 19.047619047619047 16.0 16.0 16.0 18.181818181818183 18.181818181818183 18.181818181818183 18.181818181818183 18.181818181818183 18.181818181818183 18.181818181818183 18.181818181818183 18.181818181818183 16.0 16.0 16.0 18.181818181818183 18.181818181818183 18.181818181818183 16.0 16.0 16.0 16.0 16.0 16.0 18.181818181818183 18.181818181818183 18.181818181818183 16.0 16.0 16.0 19.047619047619047 19.047619047619047 19.047619047619047 16.0 16.0 16.0 16.0 16.0 16.0 18.181818181818183 18.181818181818183 18.181818181818183 16.0 16.0 16.0 
112 16.0 16.0 16.0 16.0 16.0 16.0 19.047619047619047 19.047619047619047 19.047619047619047 16.0 16.0 16.0 18.181818181818183 18.181818181818183 18.181818181818183 18.181818181818183 18.181818181818183 18.181818181818183 18.181818181818183 18.181818181818183 18.181818181818183 16.0 16.0 16.0 18.181818181818183 18.181818181818183 18.181818181818183 16.0 16.0 16.0 16.0 16.0 16.0 18.181818181818183 18.181818181818183 18.181818181818183 16.0 16.0 16.0 19.047619047619047 19.047619047619047 19.047619047619047 16.0 16.0 16.0 16.0 16.0 16.0 18.181818181818183 18.181818181818183 18.181818181818183 16.0 16.0 16.0 
47 2.0 2.0 2.0 2.0 2.0 2.0 2.380952380952381 2.380952380952381 2.380952380952381 2.0 2.0 2.0 2.272727272727273 2.272727272727273 2.272727272727273 2.272727272727273 2.272727272727273 2.272727272727273 2.272727272727273 2.272727272727273 2.272727272727273 2.0 2.0 2.0 2.272727272727273 2.272727272727273 2.272727272727273 2.0 2.0 2.0 2.0 2.0 2.0 2.272727272727273 2.272727272727273 2.272727272727273 2.0 2.0 2.0 2.380952380952381 2.380952380952381 2.380952380952381 2.0 2.0 2.0 2.0 2.0 2.0 2.272727272727273 2.272727272727273 2.272727272727273 2.0 2.0 2.0 
48 2.0 2.0 2.0 2.0 2.0 2.0 2.380952380952381 2.380952380952381 2.380952380952381 2.0 2.0 2.0 2.272727272727273 2.272727272727273 2.272727272727273 2.272727272727273 2.272727272727273 2.272727272727273 2.272727272727273 2.272727272727273 2.272727272727273 2.0 2.0 2.0 2.272727272727273 2.272727272727273 2.272727272727273 2.0 2.0 2.0 2.0 2.0 2.0 2.272727272727273 2.272727272727273 2.272727272727273 2.0 2.0 2.0 2.380952380952381 2.380952380952381 2.380952380952381 2.0 2.0 2.0 2.0 2.0 2.0 2.272727272727273 2.272727272727273 2.272727272727273 2.0 2.0 2.0 
49 16.0 16.0 16.0 16.0 16.0 16.0 19.047619047619047 19.047619047619047 19.047619047619047 16.0 16.0 16.0 18.181818181818183 18.181818181818183 18.181818181818183 18.181818181818183 18.181818181818183 18.181818181818183 18.181818181818183 18.181818181818183 18.181818181818183 16.0 16.0 16.0 18.181818181818183 18.181818181818183 18.181818181818183 16.0 16.0 16.0 16.0 16.0 16.0 18.181818181818183 18.181818181818183 18.181818181818183 16.0 16.0 16.0 19.047619047619047 19.047619047619047 19.047619047619047 16.0 16.0 16.0 16.0 16.0 16.0 18.181818181818183 18.181818181818183 18.181818181818183 16.0 16.0 16.0 
50 2.0 2.0 2.0 2.0 2.0 2.0 2.380952380952381 2.380952380952381 2.380952380952381 2.0 2.0 2.0 2.272727272727273 2.272727272727273 2.272727272727273 2.272727272727273 2.272727272727273 2.272727272727273 2.272727272727273 2.272727272727273 2.272727272727273 2.0 2.0 2.0 2.272727272727273 2.272727272727273 2.272727272727273 2.0 2.0 2.0 2.0 2.0 2.0 2.272727272727273 2.272727272727273 2.272727272727273 2.0 2.0 2.0 2.380952380952381 2.380952380952381 2.380952380952381 2.0 2.0 2.0 2.0 2.0 2.0 2.272727272727273 2.272727272727273 2.272727272727273 2.0 2.0 2.0 
109 2.0 2.0 2.0 2.0 2.0 2.0 2.380952380952381 2.380952380952381 2.380952380952381 2.0 2.0 2.0 2.272727272727273 2.272727272727273 2.272727272727273 2.272727272727273 2.272727272727273 2.272727272727273 2.272727272727273 2.272727272727273 2.272727272727273 2.0 2.0 2.0 2.272727272727273 2.272727272727273 2.272727272727273 2.0 2.0 2.0 2.0 2.0 2.0 2.272727272727273 2.272727272727273 2.272727272727273 2.0 2.0 2.0 2.380952380952381 2.380952380952381 2.380952380952381 2.0 2.0 2.0 2.0 2.0 2.0 2.272727272727273 2.272727272727273 2.272727272727273 2.0 2.0 2.0 
110 2.0 2.0 2.0 2.0 2.0 2.0 2.380952380952381 2.380952380952381 2.380952380952381 2.0 2.0 2.0 2.272727272727273 2.272727272727273 2.272727272727273 2.272727272727273 2.272727272727273 2.272727272727273 2.272727272727273 2.272727272727273 2.272727272727273 2.0 2.0 2.0 2.272727272727273 2.272727272727273 2.272727272727273 2.0 2.0 2.0 2.0 2.0 2.0 2.272727272727273 2.272727272727273 2.272727272727273 2.0 2.0 2.0 2.380952380952381 2.380952380952381 2.380952380952381 2.0 2.0 2.0 2.0 2.0 2.0 2.272727272727273 2.272727272727273 2.272727272727273 2.0 2.0 2.0 
111 2.0 2.0 2.0 2.0 2.0 2.0 2.380952380952381 2.380952380952381 2.380952380952381 2.0 2.0 2.0 2.272727272727273 2.272727272727273 2.272727272727273 2.272727272727273 2.272727272727273 2.272727272727273 2.272727272727273 2.272727272727273 2.272727272727273 2.0 2.0 2.0 2.272727272727273 2.272727272727273 2.272727272727273 2.0 2.0 2.0 2.0 2.0 2.0 2.272727272727273 2.272727272727273 2.272727272727273 2.0 2.0 2.0 2.380952380952381 2.380952380952381 2.380952380952381 2.0 2.0 2.0 2.0 2.0 2.0 2.272727272727273 2.272727272727273 2.272727272727273 2.0 2.0 2.0 
51 2.0 2.0 2.0 2.0 2.0 2.0 2.380952380952381 2.380952380952381 2.380952380952381 2.0 2.0 2.0 2.272727272727273 2.272727272727273 2.272727272727273 2.272727272727273 2.272727272727273 2.272727272727273 2.272727272727273 2.272727272727273 2.272727272727273 2.0 2.0 2.0 2.272727272727273 2.272727272727273 2.272727272727273 2.0 2.0 2.0 2.0 2.0 2.0 2.272727272727273 2.272727272727273 2.272727272727273 2.0 2.0 2.0 2.380952380952381 2.380952380952381 2.380952380952381 2.0 2.0 2.0 2.0 2.0 2.0 2.272727272727273 2.272727272727273 2.272727272727273 2.0 2.0 2.0 
52 2.0 2.0 2.0 2.0 2.0 2.0 2.380952380952381 2.380952380952381 2.380952380952381 2.0 2.0 2.0 2.272727272727273 2.272727272727273 2.272727272727273 2.272727272727273 2.272727272727273 2.272727272727273 2.272727272727273 2.272727272727273 2.272727272727273 2.0 2.0 2.0 2.272727272727273 2.272727272727273 2.272727272727273 2.0 2.0 2.0 2.0 2.0 2.0 2.272727272727273 2.272727272727273 2.272727272727273 2.0 2.0 2.0 2.380952380952381 2.380952380952381 2.380952380952381 2.0 2.0 2.0 2.0 2.0 2.0 2.272727272727273 2.272727272727273 2.272727272727273 2.0 2.0 2.0 
53 1.0 1.0 1.0 1.0 1.0 1.0 1.1904761904761905 1.1904761904761905 1.1904761904761905 1.0 1.0 1.0 1.1363636363636365 1.1363636363636365 1.1363636363636365 1.1363636363636365 1.1363636363636365 1.1363636363636365 1.1363636363636365 1.1363636363636365 1.1363636363636365 1.0 1.0 1.0 1.1363636363636365 1.1363636363636365 1.1363636363636365 1.0 1.0 1.0 1.0 1.0 1.0 1.1363636363636365 1.1363636363636365 1.1363636363636365 1.0 1.0 1.0 1.1904761904761905 1.1904761904761905 1.1904761904761905 1.0 1.0 1.0 1.0 1.0 1.0 1.1363636363636365 1.1363636363636365 1.1363636363636365 1.0 1.0 1.0 
54 2.0 2.0 2.0 2.0 2.0 2.0 2.380952380952381 2.380952380952381 2.380952380952381 2.0 2.0 2.0 2.272727272727273 2.272727272727273 2.272727272727273 2.272727272727273 2.272727272727273 2.272727272727273 2.272727272727273 2.272727272727273 2.272727272727273 2.0 2.0 2.0 2.272727272727273 2.272727272727273 2.272727272727273 2.0 2.0 2.0 2.0 2.0 2.0 2.272727272727273 2.272727272727273 2.272727272727273 2.0 2.0 2.0 2.380952380952381 2.380952380952381 2.380952380952381 2.0 2.0 2.0 2.0 2.0 2.0 2.272727272727273 2.272727272727273 2.272727272727273 2.0 2.0 2.0 
55 4.0 4.0 4.0 4.0 4.0 4.0 4.761904761904762 4.761904761904762 4.761904761904762 4.0 4.0 4.0 4.545454545454546 4.545454545454546 4.545454545454546 4.545454545454546 4.545454545454546 4.545454545454546 4.545454545454546 4.545454545454546 4.545454545454546 4.0 4.0 4.0 4.545454545454546 4.545454545454546 4.545454545454546 4.0 4.0 4.0 4.0 4.0 4.0 4.545454545454546 4.545454545454546 4.545454545454546 4.0 4.0 4.0 4.761904761904762 4.761904761904762 4.761904761904762 4.0 4.0 4.0 4.0 4.0 4.0 4.545454545454546 4.545454545454546 4.545454545454546 4.0 4.0 4.0 
56 8.0 8.0 8.0 8.0 8.0 8.0 9.523809523809524 9.523809523809524 9.523809523809524 8.0 8.0 8.0 9.090909090909092 9.090909090909092 9.090909090909092 9.090909090909092 9.090909090909092 9.090909090909092 9.090909090909092 9.090909090909092 9.090909090909092 8.0 8.0 8.0 9.090909090909092 9.090909090909092 9.090909090909092 8.0 8.0 8.0 8.0 8.0 8.0 9.090909090909092 9.090909090909092 9.090909090909092 8.0 8.0 8.0 9.523809523809524 9.523809523809524 9.523809523809524 8.0 8.0 8.0 8.0 8.0 8.0 9.090909090909092 9.090909090909092 9.090909090909092 8.0 8.0 8.0 
57 4.0 4.0 4.0 4.0 4.0 4.0 4.761904761904762 4.761904761904762 4.761904761904762 4.0 4.0 4.0 4.545454545454546 4.545454545454546 4.545454545454546 4.545454545454546 4.545454545454546 4.545454545454546 4.545454545454546 4.545454545454546 4.545454545454546 4.0 4.0 4.0 4.545454545454546 4.545454545454546 4.545454545454546 4.0 4.0 4.0 4.0 4.0 4.0 4.545454545454546 4.545454545454546 4.545454545454546 4.0 4.0 4.0 4.761904761904762 4.761904761904762 4.761904761904762 4.0 4.0 4.0 4.0 4.0 4.0 4.545454545454546 4.545454545454546 4.545454545454546 4.0 4.0 4.0 
106 8.0 8.0 8.0 8.0 8.0 8.0 9.523809523809524 9.523809523809524 9.523809523809524 8.0 8.0 8.0 9.090909090909092 9.090909090909092 9.090909090909092 9.090909090909092 9.090909090909092 9.090909090909092 9.090909090909092 9.090909090909092 9.090909090909092 8.0 8.0 8.0 9.090909090909092 9.090909090909092 9.090909090909092 8.0 8.0 8.0 8.0 8.0 8.0 9.090909090909092 9.090909090909092 9.090909090909092 8.0 8.0 8.0 9.523809523809524 9.523809523809524 9.523809523809524 8.0 8.0 8.0 8.0 8.0 8.0 9.090909090909092 9.090909090909092 9.090909090909092 8.0 8.0 8.0 
107 8.0 8.0 8.0 8.0 8.0 8.0 9.523809523809524 9.523809523809524 9.523809523809524 8.0 8.0 8.0 9.090909090909092 9.090909090909092 9.090909090909092 9.090909090909092 9.090909090909092 9.090909090909092 9.090909090909092 9.090909090909092 9.090909090909092 8.0 8.0 8.0 9.090909090909092 9.090909090909092 9.090909090909092 8.0 8.0 8.0 8.0 8.0 8.0 9.090909090909092 9.090909090909092 9.090909090909092 8.0 8.0 8.0 9.523809523809524 9.523809523809524 9.523809523809524 8.0 8.0 8.0 8.0 8.0 8.0 9.090909090909092 9.090909090909092 9.090909090909092 8.0 8.0 8.0 
58 4.0 4.0 4.0 4.0 4.0 4.0 4.761904761904762 4.761904761904762 4.761904761904762 4.0 4.0 4.0 4.545454545454546 4.545454545454546 4.545454545454546 4.545454545454546 4.545454545454546 4.545454545454546 4.545454545454546 4.545454545454546 4.545454545454546 4.0 4.0 4.0 4.545454545454546 4.545454545454546 4.545454545454546 4.0 4.0 4.0 4.0 4.0 4.0 4.545454545454546 4.545454545454546 4.545454545454546 4.0 4.0 4.0 4.761904761904762 4.761904761904762 4.761904761904762 4.0 4.0 4.0 4.0 4.0 4.0 4.545454545454546 4.545454545454546 4.545454545454546 4.0 4.0 4.0 
59 2.0 2.0 2.0 2.0 2.0 2.0 2.380952380952381 2.380952380952381 2.380952380952381 2.0 2.0 2.0 2.272727272727273 2.272727272727273 2.272727272727273 2.272727272727273 2.272727272727273 2.272727272727273 2.272727272727273 2.272727272727273 2.272727272727273 2.0 2.0 2.0 2.272727272727273 2.272727272727273 2.272727272727273 2.0 2.0 2.0 2.0 2.0 2.0 2.272727272727273 2.272727272727273 2.272727272727273 2.0 2.0 2.0 2.380952380952381 2.380952380952381 2.380952380952381 2.0 2.0 2.0 2.0 2.0 2.0 2.272727272727273 2.272727272727273 2.272727272727273 2.0 2.0 2.0 
60 8.0 8.0 8.0 8.0 8.0 8.0 9.523809523809524 9.523809523809524 9.523809523809524 8.0 8.0 8.0 9.090909090909092 9.090909090909092 9.090909090909092 9.090909090909092 9.090909090909092 9.090909090909092 9.090909090909092 9.090909090909092 9.090909090909092 8.0 8.0 8.0 9.090909090909092 9.090909090909092 9.090909090909092 8.0 8.0 8.0 8.0 8.0 8.0 9.090909090909092 9.090909090909092 9.090909090909092 8.0 8.0 8.0 9.523809523809524 9.523809523809524 9.523809523809524 8.0 8.0 8.0 8.0 8.0 8.0 9.090909090909092 9.090909090909092 9.090909090909092 8.0 8.0 8.0 
61 8.0 8.0 8.0 8.0 8.0 8.0 9.523809523809524 9.523809523809524 9.523809523809524 8.0 8.0 8.0 9.090909090909092 9.090909090909092 9.090909090909092 9.090909090909092 9.090909090909092 9.090909090909092 9.090909090909092 9.090909090909092 9.090909090909092 8.0 8.0 8.0 9.090909090909092 9.090909090909092 9.090909090909092 8.0 8.0 8.0 8.0 8.0 8.0 9.090909090909092 9.090909090909092 9.090909090909092 8.0 8.0 8.0 9.523809523809524 9.523809523809524 9.523809523809524 8.0 8.0 8.0 8.0 8.0 8.0 9.090909090909092 9.090909090909092 9.090909090909092 8.0 8.0 8.0 
62 8.0 8.0 8.0 8.0 8.0 8.0 9.523809523809524 9.523809523809524 9.523809523809524 8.0 8.0 8.0 9.090909090909092 9.090909090909092 9.090909090909092 9.090909090909092 9.090909090909092 9.090909090909092 9.090909090909092 9.090909090909092 9.090909090909092 8.0 8.0 8.0 9.090909090909092 9.090909090909092 9.090909090909092 8.0 8.0 8.0 8.0 8.0 8.0 9.090909090909092 9.090909090909092 9.090909090909092 8.0 8.0 8.0 9.523809523809524 9.523809523809524 9.523809523809524 8.0 8.0 8.0 8.0 8.0 8.0 9.090909090909092 9.090909090909092 9.090909090909092 8.0 8.0 8.0 
63 2.0 2.0 2.0 2.0 2.0 2.0 2.380952380952381 2.380952380952381 2.380952380952381 2.0 2.0 2.0 2.272727272727273 2.272727272727273 2.272727272727273 2.272727272727273 2.272727272727273 2.272727272727273 2.272727272727273 2.272727272727273 2.272727272727273 2.0 2.0 2.0 2.272727272727273 2.272727272727273 2.272727272727273 2.0 2.0 2.0 2.0 2.0 2.0 2.272727272727273 2.272727272727273 2.272727272727273 2.0 2.0 2.0 2.380952380952381 2.380952380952381 2.380952380952381 2.0 2.0 2.0 2.0 2.0 2.0 2.272727272727273 2.272727272727273 2.272727272727273 2.0 2.0 2.0 
64 16.0 16.0 16.0 16.0 16.0 16.0 19.047619047619047 19.047619047619047 19.047619047619047 16.0 16.0 16.0 18.181818181818183 18.181818181818183 18.181818181818183 18.181818181818183 18.181818181818183 18.181818181818183 18.181818181818183 18.181818181818183 18.181818181818183 16.0 16.0 16.0 18.181818181818183 18.181818181818183 18.181818181818183 16.0 16.0 16.0 16.0 16.0 16.0 18.181818181818183 18.181818181818183 18.181818181818183 16.0 16.0 16.0 19.047619047619047 19.047619047619047 19.047619047619047 16.0 16.0 16.0 16.0 16.0 16.0 18.181818181818183 18.181818181818183 18.181818181818183 16.0 16.0 16.0 
65 2.0 2.0 2.0 2.0 2.0 2.0 2.380952380952381 2.380952380952381 2.380952380952381 2.0 2.0 2.0 2.272727272727273 2.272727272727273 2.272727272727273 2.272727272727273 2.272727272727273 2.272727272727273 2.272727272727273 2.272727272727273 2.272727272727273 2.0 2.0 2.0 2.272727272727273 2.272727272727273 2.272727272727273 2.0 2.0 2.0 2.0 2.0 2.0 2.272727272727273 2.272727272727273 2.272727272727273 2.0 2.0 2.0 2.380952380952381 2.380952380952381 2.380952380952381 2.0 2.0 2.0 2.0 2.0 2.0 2.272727272727273 2.272727272727273 2.272727272727273 2.0 2.0 2.0 
66 2.0 2.0 2.0 2.0 2.0 2.0 2.380952380952381 2.380952380952381 2.380952380952381 2.0 2.0 2.0 2.272727272727273 2.272727272727273 2.272727272727273 2.272727272727273 2.272727272727273 2.272727272727273 2.272727272727273 2.272727272727273 2.272727272727273 2.0 2.0 2.0 2.272727272727273 2.272727272727273 2.272727272727273 2.0 2.0 2.0 2.0 2.0 2.0 2.272727272727273 2.272727272727273 2.272727272727273 2.0 2.0 2.0 2.380952380952381 2.380952380952381 2.380952380952381 2.0 2.0 2.0 2.0 2.0 2.0 2.272727272727273 2.272727272727273 2.272727272727273 2.0 2.0 2.0 
67 4.0 4.0 4.0 4.0 4.0 4.0 4.761904761904762 4.761904761904762 4.761904761904762 4.0 4.0 4.0 4.545454545454546 4.545454545454546 4.545454545454546 4.545454545454546 4.545454545454546 4.545454545454546 4.545454545454546 4.545454545454546 4.545454545454546 4.0 4.0 4.0 4.545454545454546 4.545454545454546 4.545454545454546 4.0 4.0 4.0 4.0 4.0 4.0 4.545454545454546 4.545454545454546 4.545454545454546 4.0 4.0 4.0 4.761904761904762 4.761904761904762 4.761904761904762 4.0 4.0 4.0 4.0 4.0 4.0 4.545454545454546 4.545454545454546 4.545454545454546 4.0 4.0 4.0 
68 8.0 8.0 8.0 8.0 8.0 8.0 9.523809523809524 9.523809523809524 9.523809523809524 8.0 8.0 8.0 9.090909090909092 9.090909090909092 9.090909090909092 9.090909090909092 9.090909090909092 9.090909090909092 9.090909090909092 9.090909090909092 9.090909090909092 8.0 8.0 8.0 9.090909090909092 9.090909090909092 9.090909090909092 8.0 8.0 8.0 8.0 8.0 8.0 9.090909090909092 9.090909090909092 9.090909090909092 8.0 8.0 8.0 9.523809523809524 9.523809523809524 9.523809523809524 8.0 8.0 8.0 8.0 8.0 8.0 9.090909090909092 9.090909090909092 9.090909090909092 8.0 8.0 8.0 
69 1.0 1.0 1.0 1.0 1.0 1.0 1.1904761904761905 1.1904761904761905 1.1904761904761905 1.0 1.0 1.0 1.1363636363636365 1.1363636363636365 1.1363636363636365 1.1363636363636365 1.1363636363636365 1.1363636363636365 1.1363636363636365 1.1363636363636365 1.1363636363636365 1.0 1.0 1.0 1.1363636363636365 1.1363636363636365 1.1363636363636365 1.0 1.0 1.0 1.0 1.0 1.0 1.1363636363636365 1.1363636363636365 1.1363636363636365 1.0 1.0 1.0 1.1904761904761905 1.1904761904761905 1.1904761904761905 1.0 1.0 1.0 1.0 1.0 1.0 1.1363636363636365 1.1363636363636365 1.1363636363636365 1.0 1.0 1.0 
70 1.0 1.0 1.0 1.0 1.0 1.0 1.1904761904761905 1.1904761904761905 1.1904761904761905 1.0 1.0 1.0 1.1363636363636365 1.1363636363636365 1.1363636363636365 1.1363636363636365 1.1363636363636365 1.1363636363636365 1.1363636363636365 1.1363636363636365 1.1363636363636365 1.0 1.0 1.0 1.1363636363636365 1.1363636363636365 1.1363636363636365 1.0 1.0 1.0 1.0 1.0 1.0 1.1363636363636365 1.1363636363636365 1.1363636363636365 1.0 1.0 1.0 1.1904761904761905 1.1904761904761905 1.1904761904761905 1.0 1.0 1.0 1.0 1.0 1.0 1.1363636363636365 1.1363636363636365 1.1363636363636365 1.0 1.0 1.0 
71 1.0 1.0 1.0 1.0 1.0 1.0 1.1904761904761905 1.1904761904761905 1.1904761904761905 1.0 1.0 1.0 1.1363636363636365 1.1363636363636365 1.1363636363636365 1.1363636363636365 1.1363636363636365 1.1363636363636365 1.1363636363636365 1.1363636363636365 1.1363636363636365 1.0 1.0 1.0 1.1363636363636365 1.1363636363636365 1.1363636363636365 1.0 1.0 1.0 1.0 1.0 1.0 1.1363636363636365 1.1363636363636365 1.1363636363636365 1.0 1.0 1.0 1.1904761904761905 1.1904761904761905 1.1904761904761905 1.0 1.0 1.0 1.0 1.0 1.0 1.1363636363636365 1.1363636363636365 1.1363636363636365 1.0 1.0 1.0 
72 1.0 1.0 1.0 1.0 1.0 1.0 1.1904761904761905 1.1904761904761905 1.1904761904761905 1.0 1.0 1.0 1.1363636363636365 1.1363636363636365 1.1363636363636365 1.1363636363636365 1.1363636363636365 1.1363636363636365 1.1363636363636365 1.1363636363636365 1.1363636363636365 1.0 1.0 1.0 1.1363636363636365 1.1363636363636365 1.1363636363636365 1.0 1.0 1.0 1.0 1.0 1.0 1.1363636363636365 1.1363636363636365 1.1363636363636365 1.0 1.0 1.0 1.1904761904761905 1.1904761904761905 1.1904761904761905 1.0 1.0 1.0 1.0 1.0 1.0 1.1363636363636365 1.1363636363636365 1.1363636363636365 1.0 1.0 1.0 
73 1.0 1.0 1.0 1.0 1.0 1.0 1.1904761904761905 1.1904761904761905 1.1904761904761905 1.0 1.0 1.0 1.1363636363636365 1.1363636363636365 1.1363636363636365 1.1363636363636365 1.1363636363636365 1.1363636363636365 1.1363636363636365 1.1363636363636365 1.1363636363636365 1.0 1.0 1.0 1.1363636363636365 1.1363636363636365 1.1363636363636365 1.0 1.0 1.0 1.0 1.0 1.0 1.1363636363636365 1.1363636363636365 1.1363636363636365 1.0 1.0 1.0 1.1904761904761905 1.1904761904761905 1.1904761904761905 1.0 1.0 1.0 1.0 1.0 1.0 1.1363636363636365 1.1363636363636365 1.1363636363636365 1.0 1.0 1.0 
74 2.0 2.0 2.0 2.0 2.0 2.0 2.380952380952381 2.380952380952381 2.380952380952381 2.0 2.0 2.0 2.272727272727273 2.272727272727273 2.272727272727273 2.272727272727273 2.272727272727273 2.272727272727273 2.272727272727273 2.272727272727273 2.272727272727273 2.0 2.0 2.0 2.272727272727273 2.272727272727273 2.272727272727273 2.0 2.0 2.0 2.0 2.0 2.0 2.272727272727273 2.272727272727273 2.272727272727273 2.0 2.0 2.0 2.380952380952381 2.380952380952381 2.380952380952381 2.0 2.0 2.0 2.0 2.0 2.0 2.272727272727273 2.272727272727273 2.272727272727273 2.0 2.0 2.0 
75 2.0 2.0 2.0 2.0 2.0 2.0 2.380952380952381 2.380952380952381 2.380952380952381 2.0 2.0 2.0 2.272727272727273 2.272727272727273 2.272727272727273 2.272727272727273 2.272727272727273 2.272727272727273 2.272727272727273 2.272727272727273 2.272727272727273 2.0 2.0 2.0 2.272727272727273 2.272727272727273 2.272727272727273 2.0 2.0 2.0 2.0 2.0 2.0 2.272727272727273 2.272727272727273 2.272727272727273 2.0 2.0 2.0 2.380952380952381 2.380952380952381 2.380952380952381 2.0 2.0 2.0 2.0 2.0 2.0 2.272727272727273 2.272727272727273 2.272727272727273 2.0 2.0 2.0 
108 2.0 2.0 2.0 2.0 2.0 2.0 2.380952380952381 2.380952380952381 2.380952380952381 2.0 2.0 2.0 2.272727272727273 2.272727272727273 2.272727272727273 2.272727272727273 2.272727272727273 2.272727272727273 2.272727272727273 2.272727272727273 2.272727272727273 2.0 2.0 2.0 2.272727272727273 2.272727272727273 2.272727272727273 2.0 2.0 2.0 2.0 2.0 2.0 2.272727272727273 2.272727272727273 2.272727272727273 2.0 2.0 2.0 2.380952380952381 2.380952380952381 2.380952380952381 2.0 2.0 2.0 2.0 2.0 2.0 2.272727272727273 2.272727272727273 2.272727272727273 2.0 2.0 2.0 
76 8.0 8.0 8.0 8.0 8.0 8.0 9.523809523809524 9.523809523809524 9.523809523809524 8.0 8.0 8.0 9.090909090909092 9.090909090909092 9.090909090909092 9.090909090909092 9.090909090909092 9.090909090909092 9.090909090909092 9.090909090909092 9.090909090909092 8.0 8.0 8.0 9.090909090909092 9.090909090909092 9.090909090909092 8.0 8.0 8.0 8.0 8.0 8.0 9.090909090909092 9.090909090909092 9.090909090909092 8.0 8.0 8.0 9.523809523809524 9.523809523809524 9.523809523809524 8.0 8.0 8.0 8.0 8.0 8.0 9.090909090909092 9.090909090909092 9.090909090909092 8.0 8.0 8.0 
77 8.0 8.0 8.0 8.0 8.0 8.0 9.523809523809524 9.523809523809524 9.523809523809524 8.0 8.0 8.0 9.090909090909092 9.090909090909092 9.090909090909092 9.090909090909092 9.090909090909092 9.090909090909092 9.090909090909092 9.090909090909092 9.090909090909092 8.0 8.0 8.0 9.090909090909092 9.090909090909092 9.090909090909092 8.0 8.0 8.0 8.0 8.0 8.0 9.090909090909092 9.090909090909092 9.090909090909092 8.0 8.0 8.0 9.523809523809524 9.523809523809524 9.523809523809524 8.0 8.0 8.0 8.0 8.0 8.0 9.090909090909092 9.090909090909092 9.090909090909092 8.0 8.0 8.0 
78 4.0 4.0 4.0 4.0 4.0 4.0 4.761904761904762 4.761904761904762 4.761904761904762 4.0 4.0 4.0 4.545454545454546 4.545454545454546 4.545454545454546 4.545454545454546 4.545454545454546 4.545454545454546 4.545454545454546 4.545454545454546 4.545454545454546 4.0 4.0 4.0 4.545454545454546 4.545454545454546 4.545454545454546 4.0 4.0 4.0 4.0 4.0 4.0 4.545454545454546 4.545454545454546 4.545454545454546 4.0 4.0 4.0 4.761904761904762 4.761904761904762 4.761904761904762 4.0 4.0 4.0 4.0 4.0 4.0 4.545454545454546 4.545454545454546 4.545454545454546 4.0 4.0 4.0 
79 1.0 1.0 1.0 1.0 1.0 1.0 1.1904761904761905 1.1904761904761905 1.1904761904761905 1.0 1.0 1.0 1.1363636363636365 1.1363636363636365 1.1363636363636365 1.1363636363636365 1.1363636363636365 1.1363636363636365 1.1363636363636365 1.1363636363636365 1.1363636363636365 1.0 1.0 1.0 1.1363636363636365 1.1363636363636365 1.1363636363636365 1.0 1.0 1.0 1.0 1.0 1.0 1.1363636363636365 1.1363636363636365 1.1363636363636365 1.0 1.0 1.0 1.1904761904761905 1.1904761904761905 1.1904761904761905 1.0 1.0 1.0 1.0 1.0 1.0 1.1363636363636365 1.1363636363636365 1.1363636363636365 1.0 1.0 1.0 
80 8.0 8.0 8.0 8.0 8.0 8.0 9.523809523809524 9.523809523809524 9.523809523809524 8.0 8.0 8.0 9.090909090909092 9.090909090909092 9.090909090909092 9.090909090909092 9.090909090909092 9.090909090909092 9.090909090909092 9.090909090909092 9.090909090909092 8.0 8.0 8.0 9.090909090909092 9.090909090909092 9.090909090909092 8.0 8.0 8.0 8.0 8.0 8.0 9.090909090909092 9.090909090909092 9.090909090909092 8.0 8.0 8.0 9.523809523809524 9.523809523809524 9.523809523809524 8.0 8.0 8.0 8.0 8.0 8.0 9.090909090909092 9.090909090909092 9.090909090909092 8.0 8.0 8.0 
81 8.0 8.0 8.0 8.0 8.0 8.0 9.523809523809524 9.523809523809524 9.523809523809524 8.0 8.0 8.0 9.090909090909092 9.090909090909092 9.090909090909092 9.090909090909092 9.090909090909092 9.090909090909092 9.090909090909092 9.090909090909092 9.090909090909092 8.0 8.0 8.0 9.090909090909092 9.090909090909092 9.090909090909092 8.0 8.0 8.0 8.0 8.0 8.0 9.090909090909092 9.090909090909092 9.090909090909092 8.0 8.0 8.0 9.523809523809524 9.523809523809524 9.523809523809524 8.0 8.0 8.0 8.0 8.0 8.0 9.090909090909092 9.090909090909092 9.090909090909092 8.0 8.0 8.0 
82 8.0 8.0 8.0 8.0 8.0 8.0 9.523809523809524 9.523809523809524 9.523809523809524 8.0 8.0 8.0 9.090909090909092 9.090909090909092 9.090909090909092 9.090909090909092 9.090909090909092 9.090909090909092 9.090909090909092 9.090909090909092 9.090909090909092 8.0 8.0 8.0 9.090909090909092 9.090909090909092 9.090909090909092 8.0 8.0 8.0 8.0 8.0 8.0 9.090909090909092 9.090909090909092 9.090909090909092 8.0 8.0 8.0 9.523809523809524 9.523809523809524 9.523809523809524 8.0 8.0 8.0 8.0 8.0 8.0 9.090909090909092 9.090909090909092 9.090909090909092 8.0 8.0 8.0 
83 8.0 8.0 8.0 8.0 8.0 8.0 9.523809523809524 9.523809523809524 9.523809523809524 8.0 8.0 8.0 9.090909090909092 9.090909090909092 9.090909090909092 9.090909090909092 9.090909090909092 9.090909090909092 9.090909090909092 9.090909090909092 9.090909090909092 8.0 8.0 8.0 9.090909090909092 9.090909090909092 9.090909090909092 8.0 8.0 8.0 8.0 8.0 8.0 9.090909090909092 9.090909090909092 9.090909090909092 8.0 8.0 8.0 9.523809523809524 9.523809523809524 9.523809523809524 8.0 8.0 8.0 8.0 8.0 8.0 9.090909090909092 9.090909090909092 9.090909090909092 8.0 8.0 8.0 
84 2.0 2.0 2.0 2.0 2.0 2.0 2.380952380952381 2.380952380952381 2.380952380952381 2.0 2.0 2.0 2.272727272727273 2.272727272727273 2.272727272727273 2.272727272727273 2.272727272727273 2.272727272727273 2.272727272727273 2.272727272727273 2.272727272727273 2.0 2.0 2.0 2.272727272727273 2.272727272727273 2.272727272727273 2.0 2.0 2.0 2.0 2.0 2.0 2.272727272727273 2.272727272727273 2.272727272727273 2.0 2.0 2.0 2.380952380952381 2.380952380952381 2.380952380952381 2.0 2.0 2.0 2.0 2.0 2.0 2.272727272727273 2.272727272727273 2.272727272727273 2.0 2.0 2.0 
85 8.0 8.0 8.0 8.0 8.0 8.0 9.523809523809524 9.523809523809524 9.523809523809524 8.0 8.0 8.0 9.090909090909092 9.090909090909092 9.090909090909092 9.090909090909092 9.090909090909092 9.090909090909092 9.090909090909092 9.090909090909092 9.090909090909092 8.0 8.0 8.0 9.090909090909092 9.090909090909092 9.090909090909092 8.0 8.0 8.0 8.0 8.0 8.0 9.090909090909092 9.090909090909092 9.090909090909092 8.0 8.0 8.0 9.523809523809524 9.523809523809524 9.523809523809524 8.0 8.0 8.0 8.0 8.0 8.0 9.090909090909092 9.090909090909092 9.090909090909092 8.0 8.0 8.0 
103 2.0 2.0 2.0 2.0 2.0 2.0 2.380952380952381 2.380952380952381 2.380952380952381 2.0 2.0 2.0 2.272727272727273 2.272727272727273 2.272727272727273 2.272727272727273 2.272727272727273 2.272727272727273 2.272727272727273 2.272727272727273 2.272727272727273 2.0 2.0 2.0 2.272727272727273 2.272727272727273 2.272727272727273 2.0 2.0 2.0 2.0 2.0 2.0 2.272727272727273 2.272727272727273 2.272727272727273 2.0 2.0 2.0 2.380952380952381 2.380952380952381 2.380952380952381 2.0 2.0 2.0 2.0 2.0 2.0 2.272727272727273 2.272727272727273 2.272727272727273 2.0 2.0 2.0 
86 4.0 4.0 4.0 4.0 4.0 4.0 4.761904761904762 4.761904761904762 4.761904761904762 4.0 4.0 4.0 4.545454545454546 4.545454545454546 4.545454545454546 4.545454545454546 4.545454545454546 4.545454545454546 4.545454545454546 4.545454545454546 4.545454545454546 4.0 4.0 4.0 4.545454545454546 4.545454545454546 4.545454545454546 4.0 4.0 4.0 4.0 4.0 4.0 4.545454545454546 4.545454545454546 4.545454545454546 4.0 4.0 4.0 4.761904761904762 4.761904761904762 4.761904761904762 4.0 4.0 4.0 4.0 4.0 4.0 4.545454545454546 4.545454545454546 4.545454545454546 4.0 4.0 4.0 
87 4.0 4.0 4.0 4.0 4.0 4.0 4.761904761904762 4.761904761904762 4.761904761904762 4.0 4.0 4.0 4.545454545454546 4.545454545454546 4.545454545454546 4.545454545454546 4.545454545454546 4.545454545454546 4.545454545454546 4.545454545454546 4.545454545454546 4.0 4.0 4.0 4.545454545454546 4.545454545454546 4.545454545454546 4.0 4.0 4.0 4.0 4.0 4.0 4.545454545454546 4.545454545454546 4.545454545454546 4.0 4.0 4.0 4.761904761904762 4.761904761904762 4.761904761904762 4.0 4.0 4.0 4.0 4.0 4.0 4.545454545454546 4.545454545454546 4.545454545454546 4.0 4.0 4.0 
88 4.0 4.0 4.0 4.0 4.0 4.0 4.761904761904762 4.761904761904762 4.761904761904762 4.0 4.0 4.0 4.545454545454546 4.545454545454546 4.545454545454546 4.545454545454546 4.545454545454546 4.545454545454546 4.545454545454546 4.545454545454546 4.545454545454546 4.0 4.0 4.0 4.545454545454546 4.545454545454546 4.545454545454546 4.0 4.0 4.0 4.0 4.0 4.0 4.545454545454546 4.545454545454546 4.545454545454546 4.0 4.0 4.0 4.761904761904762 4.761904761904762 4.761904761904762 4.0 4.0 4.0 4.0 4.0 4.0 4.545454545454546 4.545454545454546 4.545454545454546 4.0 4.0 4.0 
89 4.0 4.0 4.0 4.0 4.0 4.0 4.761904761904762 4.761904761904762 4.761904761904762 4.0 4.0 4.0 4.545454545454546 4.545454545454546 4.545454545454546 4.545454545454546 4.545454545454546 4.545454545454546 4.545454545454546 4.545454545454546 4.545454545454546 4.0 4.0 4.0 4.545454545454546 4.545454545454546 4.545454545454546 4.0 4.0 4.0 4.0 4.0 4.0 4.545454545454546 4.545454545454546 4.545454545454546 4.0 4.0 4.0 4.761904761904762 4.761904761904762 4.761904761904762 4.0 4.0 4.0 4.0 4.0 4.0 4.545454545454546 4.545454545454546 4.545454545454546 4.0 4.0 4.0 
90 4.0 4.0 4.0 4.0 4.0 4.0 4.761904761904762 4.761904761904762 4.761904761904762 4.0 4.0 4.0 4.545454545454546 4.545454545454546 4.545454545454546 4.545454545454546 4.545454545454546 4.545454545454546 4.545454545454546 4.545454545454546 4.545454545454546 4.0 4.0 4.0 4.545454545454546 4.545454545454546 4.545454545454546 4.0 4.0 4.0 4.0 4.0 4.0 4.545454545454546 4.545454545454546 4.545454545454546 4.0 4.0 4.0 4.761904761904762 4.761904761904762 4.761904761904762 4.0 4.0 4.0 4.0 4.0 4.0 4.545454545454546 4.545454545454546 4.545454545454546 4.0 4.0 4.0 
91 1.0 1.0 1.0 1.0 1.0 1.0 1.1904761904761905 1.1904761904761905 1.1904761904761905 1.0 1.0 1.0 1.1363636363636365 1.1363636363636365 1.1363636363636365 1.1363636363636365 1.1363636363636365 1.1363636363636365 1.1363636363636365 1.1363636363636365 1.1363636363636365 1.0 1.0 1.0 1.1363636363636365 1.1363636363636365 1.1363636363636365 1.0 1.0 1.0 1.0 1.0 1.0 1.1363636363636365 1.1363636363636365 1.1363636363636365 1.0 1.0 1.0 1.1904761904761905 1.1904761904761905 1.1904761904761905 1.0 1.0 1.0 1.0 1.0 1.0 1.1363636363636365 1.1363636363636365 1.1363636363636365 1.0 1.0 1.0 
92 2.0 2.0 2.0 2.0 2.0 2.0 2.380952380952381 2.380952380952381 2.380952380952381 2.0 2.0 2.0 2.272727272727273 2.272727272727273 2.272727272727273 2.272727272727273 2.272727272727273 2.272727272727273 2.272727272727273 2.272727272727273 2.272727272727273 2.0 2.0 2.0 2.272727272727273 2.272727272727273 2.272727272727273 2.0 2.0 2.0 2.0 2.0 2.0 2.272727272727273 2.272727272727273 2.272727272727273 2.0 2.0 2.0 2.380952380952381 2.380952380952381 2.380952380952381 2.0 2.0 2.0 2.0 2.0 2.0 2.272727272727273 2.272727272727273 2.272727272727273 2.0 2.0 2.0 
93 2.0 2.0 2.0 2.0 2.0 2.0 2.380952380952381 2.380952380952381 2.380952380952381 2.0 2.0 2.0 2.272727272727273 2.272727272727273 2.272727272727273 2.272727272727273 2.272727272727273 2.272727272727273 2.272727272727273 2.272727272727273 2.272727272727273 2.0 2.0 2.0 2.272727272727273 2.272727272727273 2.272727272727273 2.0 2.0 2.0 2.0 2.0 2.0 2.272727272727273 2.272727272727273 2.272727272727273 2.0 2.0 2.0 2.380952380952381 2.380952380952381 2.380952380952381 2.0 2.0 2.0 2.0 2.0 2.0 2.272727272727273 2.272727272727273 2.272727272727273 2.0 2.0 2.0 
94 2.0 2.0 2.0 2.0 2.0 2.0 2.380952380952381 2.380952380952381 2.380952380952381 2.0 2.0 2.0 2.272727272727273 2.272727272727273 2.272727272727273 2.272727272727273 2.272727272727273 2.272727272727273 2.272727272727273 2.272727272727273 2.272727272727273 2.0 2.0 2.0 2.272727272727273 2.272727272727273 2.272727272727273 2.0 2.0 2.0 2.0 2.0 2.0 2.272727272727273 2.272727272727273 2.272727272727273 2.0 2.0 2.0 2.380952380952381 2.380952380952381 2.380952380952381 2.0 2.0 2.0 2.0 2.0 2.0 2.272727272727273 2.272727272727273 2.272727272727273 2.0 2.0 2.0 
95 4.0 4.0 4.0 4.0 4.0 4.0 4.761904761904762 4.761904761904762 4.761904761904762 4.0 4.0 4.0 4.545454545454546 4.545454545454546 4.545454545454546 4.545454545454546 4.545454545454546 4.545454545454546 4.545454545454546 4.545454545454546 4.545454545454546 4.0 4.0 4.0 4.545454545454546 4.545454545454546 4.545454545454546 4.0 4.0 4.0 4.0 4.0 4.0 4.545454545454546 4.545454545454546 4.545454545454546 4.0 4.0 4.0 4.761904761904762 4.761904761904762 4.761904761904762 4.0 4.0 4.0 4.0 4.0 4.0 4.545454545454546 4.545454545454546 4.545454545454546 4.0 4.0 4.0 
96 8.0 8.0 8.0 8.0 8.0 8.0 9.523809523809524 9.523809523809524 9.523809523809524 8.0 8.0 8.0 9.090909090909092 9.090909090909092 9.090909090909092 9.090909090909092 9.090909090909092 9.090909090909092 9.090909090909092 9.090909090909092 9.090909090909092 8.0 8.0 8.0 9.090909090909092 9.090909090909092 9.090909090909092 8.0 8.0 8.0 8.0 8.0 8.0 9.090909090909092 9.090909090909092 9.090909090909092 8.0 8.0 8.0 9.523809523809524 9.523809523809524 9.523809523809524 8.0 8.0 8.0 8.0 8.0 8.0 9.090909090909092 9.090909090909092 9.090909090909092 8.0 8.0 8.0 
97 4.0 4.0 4.0 4.0 4.0 4.0 4.761904761904762 4.761904761904762 4.761904761904762 4.0 4.0 4.0 4.545454545454546 4.545454545454546 4.545454545454546 4.545454545454546 4.545454545454546 4.545454545454546 4.545454545454546 4.545454545454546 4.545454545454546 4.0 4.0 4.0 4.545454545454546 4.545454545454546 4.545454545454546 4.0 4.0 4.0 4.0 4.0 4.0 4.545454545454546 4.545454545454546 4.545454545454546 4.0 4.0 4.0 4.761904761904762 4.761904761904762 4.761904761904762 4.0 4.0 4.0 4.0 4.0 4.0 4.545454545454546 4.545454545454546 4.545454545454546 4.0 4.0 4.0 
;
set c_0 := 0;
param d := 
[0,*,*] : 
0 1 2 3 := 
0 0 4.504E-4 0 0 
1 0.477424 0 4.504E-4 0 
2 0 0.00238712 0 4.504E-4 
3 0 0 0.020529231999999998 0 
[1,*,*] : 
0 4 5 6 := 
0 0 9.128E-4 0 0 
4 0.967568 0 9.128E-4 0 
5 0 0.00483784 0 9.128E-4 
6 0 0 0.026608120000000002 0 
[2,*,*] : 
0 7 8 9 10 104 105 := 
0 0 0.0014492 0.0014492 0 0 0 0 
7 1.5361520000000002 0 0 7.246E-4 0 0 7.246E-4 
8 1.5361520000000002 0 0 7.246E-4 0 0 7.246E-4 
9 0 0.0038403800000000004 0.0038403800000000004 0 7.246E-4 7.246E-4 0 
10 0 0 0 0.017281710000000002 0 0 0.017281710000000002 
104 0 0 0 0.017281710000000002 0 0 0.017281710000000002 
105 0 0.0038403800000000004 0.0038403800000000004 0 7.246E-4 7.246E-4 0 
[3,*,*] : 
0 11 12 13 14 15 16 17 18 := 
0 0 5.872000000000001E-4 5.872000000000001E-4 5.872000000000001E-4 5.872000000000001E-4 5.872000000000001E-4 5.872000000000001E-4 0 0 
11 0.622432 0 0 0 0 0 0 5.872000000000001E-4 0 
12 0.622432 0 0 0 0 0 0 5.872000000000001E-4 0 
13 0.622432 0 0 0 0 0 0 5.872000000000001E-4 0 
14 0.622432 0 0 0 0 0 0 5.872000000000001E-4 0 
15 0.622432 0 0 0 0 0 0 5.872000000000001E-4 0 
16 0.622432 0 0 0 0 0 0 5.872000000000001E-4 0 
17 0 0.0031121600000000005 0.0031121600000000005 0.0031121600000000005 0.0031121600000000005 0.0031121600000000005 0.0031121600000000005 0 0.0035232 
18 0 0 0 0 0 0 0 0.089630208 0 
[4,*,*] : 
0 19 20 21 22 23 24 25 := 
0 0 6.0032E-4 6.0032E-4 6.0032E-4 6.0032E-4 6.0032E-4 0 0 
19 0.6363392 0 0 0 0 0 6.0032E-4 0 
20 0.6363392 0 0 0 0 0 6.0032E-4 0 
21 0.6363392 0 0 0 0 0 6.0032E-4 0 
22 0.6363392 0 0 0 0 0 6.0032E-4 0 
23 0.6363392 0 0 0 0 0 6.0032E-4 0 
24 0 0.003181696 0.003181696 0.003181696 0.003181696 0.003181696 0 0.0030016 
25 0 0 0 0 0 0 0.15272140799999998 0 
[5,*,*] : 
0 26 27 28 29 := 
0 0 0.0018416 0.0018416 0 0 
26 1.952096 0 0 0.0018416 0 
27 1.952096 0 0 0.0018416 0 
28 0 0.00976048 0.00976048 0 0.0036832 
29 0 0 0 0.093700608 0 
[6,*,*] : 
0 30 31 32 113 114 := 
0 0 5.088E-4 0 0 5.088E-4 0 
30 0.539328 0 2.544E-4 0 0 2.544E-4 
31 0 0.00134832 0 5.088E-4 0.00134832 0 
32 0 0 0.004584288 0 0 0.004584288 
113 0.539328 0 2.544E-4 0 0 2.544E-4 
114 0 0.00134832 0 5.088E-4 0.00134832 0 
[7,*,*] : 
0 33 34 35 115 := 
0 0 0.001852 0 0 0 
33 1.96312 0 9.26E-4 0 9.26E-4 
34 0 0.0049078 0 9.26E-4 0 
35 0 0 0.011778720000000001 0 0.011778720000000001 
115 0 0.0049078 0 9.26E-4 0 
[8,*,*] : 
0 36 37 38 98 99 100 101 102 := 
0 0 2.988E-4 0 0 0 2.988E-4 0 0 0 
36 0.316728 0 5.976E-5 0 5.976E-5 0 5.976E-5 5.976E-5 5.976E-5 
37 0 3.16728E-4 0 1.1952E-4 0 3.16728E-4 0 0 0 
38 0 0 0.0013302576000000003 0 0.0013302576000000003 0 0.0013302576000000003 0.0013302576000000003 0.0013302576000000003 
98 0 3.16728E-4 0 1.1952E-4 0 3.16728E-4 0 0 0 
99 0.316728 0 5.976E-5 0 5.976E-5 0 5.976E-5 5.976E-5 5.976E-5 
100 0 3.16728E-4 0 1.1952E-4 0 3.16728E-4 0 0 0 
101 0 3.16728E-4 0 1.1952E-4 0 3.16728E-4 0 0 0 
102 0 3.16728E-4 0 1.1952E-4 0 3.16728E-4 0 0 0 
[9,*,*] : 
0 39 40 41 42 := 
0 0 7.256E-4 7.256E-4 0 0 
39 0.7691359999999999 0 0 7.256E-4 0 
40 0.7691359999999999 0 0 7.256E-4 0 
41 0 0.057685200000000006 0.057685200000000006 0 0.0014512 
42 0 0 0 0.8422039200000001 0 
[10,*,*] : 
0 43 44 45 46 112 := 
0 0 6.764E-4 6.764E-4 0 0 0 
43 0.716984 0 0 6.764E-4 0 0 
44 0.716984 0 0 6.764E-4 0 0 
45 0 0.0035849199999999997 0.0035849199999999997 0 6.764E-4 6.764E-4 
46 0 0 0 0.0057358719999999995 0 0 
112 0 0 0 0.0057358719999999995 0 0 
[11,*,*] : 
0 47 48 49 50 109 110 111 := 
0 0 5.594666666666666E-4 5.594666666666666E-4 0 0 0 5.594666666666666E-4 0 
47 0.5930346666666667 0 0 5.594666666666666E-4 0 0 0 0 
48 0.5930346666666667 0 0 5.594666666666666E-4 0 0 0 0 
49 0 0.0029651733333333334 0.0029651733333333334 0 5.594666666666666E-4 5.594666666666666E-4 0.0029651733333333334 5.594666666666666E-4 
50 0 0 0 0.015715418666666668 0 0 0 0 
109 0 0 0 0.015715418666666668 0 0 0 0 
110 0.5930346666666667 0 0 5.594666666666666E-4 0 0 0 0 
111 0 0 0 0.015715418666666668 0 0 0 0 
[12,*,*] : 
0 51 52 53 54 := 
0 0 8.184E-4 8.184E-4 0 0 
51 0.867504 0 0 8.184E-4 0 
52 0.867504 0 0 8.184E-4 0 
53 0 0.00433752 0.00433752 0 0.0016368 
54 0 0 0 0.044242704 0 
[13,*,*] : 
0 55 56 57 106 107 := 
0 0 4.944E-4 0 0 0 0 
55 0.524064 0 1.648E-4 0 1.648E-4 1.648E-4 
56 0 8.7344E-4 0 1.648E-4 0 0 
57 0 0 0.001048128 0 0.001048128 0.001048128 
106 0 8.7344E-4 0 1.648E-4 0 0 
107 0 8.7344E-4 0 1.648E-4 0 0 
[14,*,*] : 
0 58 59 60 := 
0 0 4.56E-4 0 0 
58 0.48336 0 4.56E-4 0 
59 0 0.0024168 0 4.56E-4 
60 0 0 0.01280904 0 
[15,*,*] : 
0 61 62 63 64 := 
0 0 7.624E-4 7.624E-4 0 0 
61 0.808144 0 0 7.624E-4 0 
62 0.808144 0 0 7.624E-4 0 
63 0 0.00404072 0.00404072 0 0.0015248 
64 0 0 0 0.07273296 0 
[16,*,*] : 
0 65 66 67 68 := 
0 0 0.0016124 0.0016124 0 0 
65 1.709144 0 0 0.0016124 0 
66 1.709144 0 0 0.0016124 0 
67 0 0.00854572 0.00854572 0 0.0032248 
68 0 0 0 0.032473735999999996 0 
[17,*,*] : 
0 69 70 71 72 73 74 75 108 := 
0 0 6.552E-4 6.552E-4 6.552E-4 6.552E-4 6.552E-4 0 0 0 
69 0.6945119999999999 0 0 0 0 0 6.552E-4 0 0 
70 0.6945119999999999 0 0 0 0 0 6.552E-4 0 0 
71 0.6945119999999999 0 0 0 0 0 6.552E-4 0 0 
72 0.6945119999999999 0 0 0 0 0 6.552E-4 0 0 
73 0.6945119999999999 0 0 0 0 0 6.552E-4 0 0 
74 0 0.0034725599999999995 0.0034725599999999995 0.0034725599999999995 0.0034725599999999995 0.0034725599999999995 0 0.001638 0.001638 
75 0 0 0 0 0 0 0.023439779999999997 0 0 
108 0 0 0 0 0 0 0.023439779999999997 0 0 
[18,*,*] : 
0 76 77 78 79 := 
0 0 0.0015084 0.0015084 0 0 
76 1.598904 0 0 0.0015084 0 
77 1.598904 0 0 0.0015084 0 
78 0 0.007994520000000001 0.007994520000000001 0 0.0030168 
79 0 0 0 0.07514848800000001 0 
[19,*,*] : 
0 80 81 82 83 84 85 103 := 
0 0 8.31E-4 8.31E-4 8.31E-4 8.31E-4 0 0 0 
80 0.8808600000000001 0 0 0 0 4.155E-4 0 4.155E-4 
81 0.8808600000000001 0 0 0 0 4.155E-4 0 4.155E-4 
82 0.8808600000000001 0 0 0 0 4.155E-4 0 4.155E-4 
83 0.8808600000000001 0 0 0 0 4.155E-4 0 4.155E-4 
84 0 0.0022021500000000004 0.0022021500000000004 0.0022021500000000004 0.0022021500000000004 0 0.001662 0 
85 0 0 0 0 0 0.01585548 0 0.01585548 
103 0 0.0022021500000000004 0.0022021500000000004 0.0022021500000000004 0.0022021500000000004 0 0.001662 0 
[20,*,*] : 
0 86 87 88 89 90 91 92 := 
0 0 5.977599999999999E-4 5.977599999999999E-4 5.977599999999999E-4 5.977599999999999E-4 5.977599999999999E-4 0 0 
86 0.6336256 0 0 0 0 0 5.977599999999999E-4 0 
87 0.6336256 0 0 0 0 0 5.977599999999999E-4 0 
88 0.6336256 0 0 0 0 0 5.977599999999999E-4 0 
89 0.6336256 0 0 0 0 0 5.977599999999999E-4 0 
90 0.6336256 0 0 0 0 0 5.977599999999999E-4 0 
91 0 0.003168128 0.003168128 0.003168128 0.003168128 0.003168128 0 0.0029888 
92 0 0 0 0 0 0 0.147317952 0 
[21,*,*] : 
0 93 94 95 96 97 := 
0 0 0.0010692 0.0010692 0 0 0 
93 1.133352 0 0 5.346E-4 0 5.346E-4 
94 1.133352 0 0 5.346E-4 0 5.346E-4 
95 0 0.00283338 0.00283338 0 0.0010692 0 
96 0 0 0 0.015300252 0 0.015300252 
97 0 0.00283338 0.00283338 0 0.0010692 0 
;
param x_bar : 0 1 2 3 4 5 6 7 8 9 10 11 12 13 14 15 16 17 18 19 20 21 22 23 24 25 26 27 28 29 30 31 32 33 34 35 36 37 38 39 40 41 42 43 44 45 46 47 48 49 50 51 52 53  := 
0 0 0 0 0 0 0 0 0 0 0 0 0 0 0 0 0 0 0 0 0 0 0 0 0 0 0 0 0 0 0 0 0 0 0 0 0 0 0 0 0 0 0 0 0 0 0 0 0 0 0 0 0 0 0 
1 0 0 0 0 0 0 0 0 0 0 0 0 0 0 0 0 0 0 0 0 0 0 0 0 0 0 0 0 0 0 0 0 0 0 0 0 0 0 0 0 0 0 1 0 0 0 0 0 0 0 0 0 0 0 
2 0 0 0 0 0 0 0 0 0 0 0 0 0 0 0 0 0 0 0 0 0 0 0 0 0 0 0 0 0 0 0 0 0 0 0 0 1 0 0 0 0 0 0 0 0 0 0 0 0 0 0 0 0 0 
3 0 0 0 0 0 0 0 0 0 0 0 0 0 0 0 0 0 0 0 0 0 0 0 0 0 0 0 0 0 0 0 0 0 0 0 0 0 0 0 0 0 0 1 0 0 0 0 0 0 0 0 0 0 0 
4 0 0 0 0 0 0 0 0 0 0 0 0 0 0 0 0 0 0 0 0 0 0 0 0 0 0 0 0 0 0 1 0 0 0 0 0 0 0 0 0 0 0 0 0 0 0 0 0 0 0 0 0 0 0 
5 0 0 0 0 0 0 0 0 0 0 0 0 0 0 0 0 0 0 0 0 0 0 0 0 0 0 0 0 0 0 1 0 0 0 0 0 0 0 0 0 0 0 0 0 0 0 0 0 0 0 0 0 0 0 
6 0 0 0 0 0 0 0 0 0 0 0 0 0 0 0 0 0 0 0 0 0 0 0 0 0 0 0 0 0 0 0 0 0 0 0 0 0 0 0 0 0 0 0 0 0 1 0 0 0 0 0 0 0 0 
7 0 0 0 1 0 0 0 0 0 0 0 0 0 0 0 0 0 0 0 0 0 0 0 0 0 0 0 0 0 0 0 0 0 0 0 0 0 0 0 0 0 0 0 0 0 0 0 0 0 0 0 0 0 0 
8 0 0 0 0 1 0 0 0 0 0 0 0 0 0 0 0 0 0 0 0 0 0 0 0 0 0 0 0 0 0 0 0 0 0 0 0 0 0 0 0 0 0 0 0 0 0 0 0 0 0 0 0 0 0 
9 0 0 0 0 0 1 0 0 0 0 0 0 0 0 0 0 0 0 0 0 0 0 0 0 0 0 0 0 0 0 0 0 0 0 0 0 0 0 0 0 0 0 0 0 0 0 0 0 0 0 0 0 0 0 
10 0 0 0 0 0 0 0 0 0 1 0 0 0 0 0 0 0 0 0 0 0 0 0 0 0 0 0 0 0 0 0 0 0 0 0 0 0 0 0 0 0 0 0 0 0 0 0 0 0 0 0 0 0 0 
11 0 0 0 0 0 0 0 0 0 0 0 0 1 0 0 0 0 0 0 0 0 0 0 0 0 0 0 0 0 0 0 0 0 0 0 0 0 0 0 0 0 0 0 0 0 0 0 0 0 0 0 0 0 0 
12 0 0 0 0 0 0 0 0 0 0 0 0 1 0 0 0 0 0 0 0 0 0 0 0 0 0 0 0 0 0 0 0 0 0 0 0 0 0 0 0 0 0 0 0 0 0 0 0 0 0 0 0 0 0 
13 0 0 0 0 0 0 0 0 0 0 0 0 1 0 0 0 0 0 0 0 0 0 0 0 0 0 0 0 0 0 0 0 0 0 0 0 0 0 0 0 0 0 0 0 0 0 0 0 0 0 0 0 0 0 
14 0 0 0 0 0 0 0 0 0 0 0 0 0 1 0 0 0 0 0 0 0 0 0 0 0 0 0 0 0 0 0 0 0 0 0 0 0 0 0 0 0 0 0 0 0 0 0 0 0 0 0 0 0 0 
15 0 0 0 0 0 0 0 0 0 0 0 0 0 1 0 0 0 0 0 0 0 0 0 0 0 0 0 0 0 0 0 0 0 0 0 0 0 0 0 0 0 0 0 0 0 0 0 0 0 0 0 0 0 0 
16 0 0 0 0 0 0 0 0 0 0 0 0 0 0 1 0 0 0 0 0 0 0 0 0 0 0 0 0 0 0 0 0 0 0 0 0 0 0 0 0 0 0 0 0 0 0 0 0 0 0 0 0 0 0 
17 0 0 0 0 0 0 0 0 0 0 0 0 1 0 0 0 0 0 0 0 0 0 0 0 0 0 0 0 0 0 0 0 0 0 0 0 0 0 0 0 0 0 0 0 0 0 0 0 0 0 0 0 0 0 
18 0 0 0 0 0 0 0 0 0 0 0 0 1 0 0 0 0 0 0 0 0 0 0 0 0 0 0 0 0 0 0 0 0 0 0 0 0 0 0 0 0 0 0 0 0 0 0 0 0 0 0 0 0 0 
19 0 0 0 0 0 0 1 0 0 0 0 0 0 0 0 0 0 0 0 0 0 0 0 0 0 0 0 0 0 0 0 0 0 0 0 0 0 0 0 0 0 0 0 0 0 0 0 0 0 0 0 0 0 0 
20 0 0 0 0 0 0 1 0 0 0 0 0 0 0 0 0 0 0 0 0 0 0 0 0 0 0 0 0 0 0 0 0 0 0 0 0 0 0 0 0 0 0 0 0 0 0 0 0 0 0 0 0 0 0 
21 0 0 0 0 0 0 0 1 0 0 0 0 0 0 0 0 0 0 0 0 0 0 0 0 0 0 0 0 0 0 0 0 0 0 0 0 0 0 0 0 0 0 0 0 0 0 0 0 0 0 0 0 0 0 
22 0 0 0 0 0 0 0 1 0 0 0 0 0 0 0 0 0 0 0 0 0 0 0 0 0 0 0 0 0 0 0 0 0 0 0 0 0 0 0 0 0 0 0 0 0 0 0 0 0 0 0 0 0 0 
23 0 0 0 0 0 0 0 0 1 0 0 0 0 0 0 0 0 0 0 0 0 0 0 0 0 0 0 0 0 0 0 0 0 0 0 0 0 0 0 0 0 0 0 0 0 0 0 0 0 0 0 0 0 0 
24 0 0 0 0 0 0 0 0 0 0 0 0 0 0 0 0 0 0 0 0 0 0 0 0 0 0 0 0 0 0 0 0 0 0 0 0 0 0 0 0 0 0 0 0 0 0 0 0 0 0 0 1 0 0 
25 0 0 0 0 0 0 1 0 0 0 0 0 0 0 0 0 0 0 0 0 0 0 0 0 0 0 0 0 0 0 0 0 0 0 0 0 0 0 0 0 0 0 0 0 0 0 0 0 0 0 0 0 0 0 
26 0 0 0 0 0 0 0 0 0 0 0 0 0 0 0 0 0 0 0 0 0 0 0 0 0 0 0 0 0 0 0 0 0 0 0 0 0 0 0 0 0 0 0 0 0 0 0 0 1 0 0 0 0 0 
27 0 0 0 0 0 0 0 0 0 0 0 0 0 0 0 0 0 0 0 0 0 0 0 0 0 0 0 0 0 0 0 0 0 0 0 0 0 0 0 0 0 0 0 0 0 0 0 0 0 1 0 0 0 0 
28 0 0 0 0 0 0 0 0 0 0 0 0 0 0 0 0 0 0 0 0 0 0 0 0 0 0 0 0 0 0 0 0 0 0 0 0 0 0 0 0 0 0 0 0 0 0 0 0 0 0 1 0 0 0 
29 0 0 0 0 0 0 0 0 0 0 0 0 0 0 0 0 0 0 0 0 0 0 0 0 0 0 0 0 0 0 0 0 0 0 0 0 0 0 0 0 0 0 0 0 0 0 0 0 0 0 1 0 0 0 
30 0 0 0 0 0 0 0 1 0 0 0 0 0 0 0 0 0 0 0 0 0 0 0 0 0 0 0 0 0 0 0 0 0 0 0 0 0 0 0 0 0 0 0 0 0 0 0 0 0 0 0 0 0 0 
31 0 0 0 0 0 0 0 0 1 0 0 0 0 0 0 0 0 0 0 0 0 0 0 0 0 0 0 0 0 0 0 0 0 0 0 0 0 0 0 0 0 0 0 0 0 0 0 0 0 0 0 0 0 0 
32 0 0 0 0 0 0 1 0 0 0 0 0 0 0 0 0 0 0 0 0 0 0 0 0 0 0 0 0 0 0 0 0 0 0 0 0 0 0 0 0 0 0 0 0 0 0 0 0 0 0 0 0 0 0 
33 0 0 0 0 0 0 0 0 0 0 0 0 0 0 0 0 0 0 0 0 0 0 0 0 0 0 0 0 0 0 0 0 0 0 0 0 0 0 0 1 0 0 0 0 0 0 0 0 0 0 0 0 0 0 
34 0 0 0 0 0 0 0 0 0 0 0 0 0 0 0 0 0 0 0 0 0 0 0 0 0 0 0 0 0 0 0 0 0 0 0 0 0 0 0 0 1 0 0 0 0 0 0 0 0 0 0 0 0 0 
35 0 0 0 0 0 0 0 0 0 0 0 0 0 0 0 0 0 0 0 0 0 0 0 0 0 0 0 0 0 0 0 0 0 0 0 0 0 0 0 0 1 0 0 0 0 0 0 0 0 0 0 0 0 0 
36 0 0 0 0 0 0 0 0 0 0 0 0 1 0 0 0 0 0 0 0 0 0 0 0 0 0 0 0 0 0 0 0 0 0 0 0 0 0 0 0 0 0 0 0 0 0 0 0 0 0 0 0 0 0 
37 0 0 0 0 0 0 0 0 0 0 0 0 0 1 0 0 0 0 0 0 0 0 0 0 0 0 0 0 0 0 0 0 0 0 0 0 0 0 0 0 0 0 0 0 0 0 0 0 0 0 0 0 0 0 
38 0 0 0 0 0 0 0 0 0 0 0 0 0 1 0 0 0 0 0 0 0 0 0 0 0 0 0 0 0 0 0 0 0 0 0 0 0 0 0 0 0 0 0 0 0 0 0 0 0 0 0 0 0 0 
39 0 0 0 0 0 0 0 0 0 0 0 0 0 0 0 0 0 0 0 0 0 0 0 0 0 0 0 0 0 0 0 1 0 0 0 0 0 0 0 0 0 0 0 0 0 0 0 0 0 0 0 0 0 0 
40 0 0 0 0 0 0 0 0 0 0 0 0 0 0 0 0 0 0 0 0 0 0 0 0 0 0 0 0 0 0 0 0 1 0 0 0 0 0 0 0 0 0 0 0 0 0 0 0 0 0 0 0 0 0 
41 0 0 0 0 0 0 0 0 0 0 0 0 0 0 0 0 0 0 0 0 0 0 0 0 0 0 0 0 0 0 0 1 0 0 0 0 0 0 0 0 0 0 0 0 0 0 0 0 0 0 0 0 0 0 
42 0 0 0 1 0 0 0 0 0 0 0 0 0 0 0 0 0 0 0 0 0 0 0 0 0 0 0 0 0 0 0 0 0 0 0 0 0 0 0 0 0 0 0 0 0 0 0 0 0 0 0 0 0 0 
43 0 0 0 0 0 0 0 0 0 0 0 0 0 0 0 0 0 0 0 0 0 0 0 0 1 0 0 0 0 0 0 0 0 0 0 0 0 0 0 0 0 0 0 0 0 0 0 0 0 0 0 0 0 0 
44 0 0 0 0 0 0 0 0 0 0 0 0 0 0 0 0 0 0 0 0 0 0 0 0 1 0 0 0 0 0 0 0 0 0 0 0 0 0 0 0 0 0 0 0 0 0 0 0 0 0 0 0 0 0 
45 0 0 0 0 0 0 0 0 0 0 0 0 0 0 0 0 0 0 0 0 0 0 0 0 0 0 0 0 0 0 0 0 0 0 0 0 0 0 0 0 0 0 0 0 0 1 0 0 0 0 0 0 0 0 
46 0 0 0 0 0 0 0 0 0 0 0 0 0 0 0 0 0 0 0 0 0 0 0 0 0 1 0 0 0 0 0 0 0 0 0 0 0 0 0 0 0 0 0 0 0 0 0 0 0 0 0 0 0 0 
47 0 0 0 0 0 0 0 0 0 0 0 0 0 0 0 0 0 0 0 0 0 0 0 0 0 0 0 0 0 0 0 0 0 0 0 0 0 0 0 0 0 0 1 0 0 0 0 0 0 0 0 0 0 0 
48 0 0 0 0 0 0 0 0 0 0 0 0 0 0 0 0 0 0 0 0 0 0 0 0 0 0 0 0 0 0 0 0 0 0 0 0 0 0 0 0 0 0 1 0 0 0 0 0 0 0 0 0 0 0 
49 0 0 0 0 0 0 0 0 0 0 0 0 0 0 0 0 0 0 0 0 0 0 0 0 0 0 0 0 0 0 0 0 0 0 0 0 0 0 0 0 0 0 0 1 0 0 0 0 0 0 0 0 0 0 
50 0 0 0 0 0 0 0 0 0 0 0 0 0 0 0 0 0 0 0 0 0 0 0 0 0 0 0 0 0 0 0 0 0 0 0 0 0 0 0 0 0 0 1 0 0 0 0 0 0 0 0 0 0 0 
51 0 0 0 0 0 0 0 0 0 0 0 0 0 0 0 0 0 0 0 0 0 0 0 0 0 0 0 0 0 0 0 0 0 0 0 0 0 0 0 0 0 0 0 0 0 0 0 0 1 0 0 0 0 0 
52 0 0 0 0 0 0 0 0 0 0 0 0 0 0 0 0 0 0 0 0 0 0 0 0 0 0 0 0 0 0 0 0 0 0 0 0 0 0 0 0 0 0 0 0 0 0 0 0 0 1 0 0 0 0 
53 0 0 0 0 0 0 0 0 0 0 0 0 0 0 0 0 0 0 0 0 0 0 0 0 0 0 0 0 0 0 0 0 0 0 0 0 0 0 0 0 0 0 0 0 0 0 0 0 1 0 0 0 0 0 
54 0 0 0 0 0 0 0 0 0 1 0 0 0 0 0 0 0 0 0 0 0 0 0 0 0 0 0 0 0 0 0 0 0 0 0 0 0 0 0 0 0 0 0 0 0 0 0 0 0 0 0 0 0 0 
55 0 0 0 0 0 0 0 0 0 0 0 0 0 0 0 0 0 0 0 0 0 0 0 0 0 0 0 0 0 0 0 0 0 0 0 0 0 0 0 0 0 0 0 1 0 0 0 0 0 0 0 0 0 0 
56 0 0 0 0 0 0 0 0 0 0 0 0 0 0 0 0 0 0 0 0 0 0 0 0 0 0 0 0 0 0 0 0 0 0 0 0 0 0 0 0 0 0 0 0 1 0 0 0 0 0 0 0 0 0 
57 0 0 0 0 0 0 0 0 0 0 0 0 0 0 0 0 0 0 0 0 0 0 0 0 0 0 0 0 0 0 0 0 0 0 0 0 0 0 0 0 0 0 0 0 1 0 0 0 0 0 0 0 0 0 
58 0 0 0 0 0 0 0 0 0 0 0 0 0 0 0 0 0 0 0 0 0 1 0 0 0 0 0 0 0 0 0 0 0 0 0 0 0 0 0 0 0 0 0 0 0 0 0 0 0 0 0 0 0 0 
59 0 0 0 1 0 0 0 0 0 0 0 0 0 0 0 0 0 0 0 0 0 0 0 0 0 0 0 0 0 0 0 0 0 0 0 0 0 0 0 0 0 0 0 0 0 0 0 0 0 0 0 0 0 0 
60 0 0 0 0 0 0 0 0 0 0 0 0 0 0 0 0 0 0 0 0 0 1 0 0 0 0 0 0 0 0 0 0 0 0 0 0 0 0 0 0 0 0 0 0 0 0 0 0 0 0 0 0 0 0 
61 1 0 0 0 0 0 0 0 0 0 0 0 0 0 0 0 0 0 0 0 0 0 0 0 0 0 0 0 0 0 0 0 0 0 0 0 0 0 0 0 0 0 0 0 0 0 0 0 0 0 0 0 0 0 
62 1 0 0 0 0 0 0 0 0 0 0 0 0 0 0 0 0 0 0 0 0 0 0 0 0 0 0 0 0 0 0 0 0 0 0 0 0 0 0 0 0 0 0 0 0 0 0 0 0 0 0 0 0 0 
63 1 0 0 0 0 0 0 0 0 0 0 0 0 0 0 0 0 0 0 0 0 0 0 0 0 0 0 0 0 0 0 0 0 0 0 0 0 0 0 0 0 0 0 0 0 0 0 0 0 0 0 0 0 0 
64 0 1 0 0 0 0 0 0 0 0 0 0 0 0 0 0 0 0 0 0 0 0 0 0 0 0 0 0 0 0 0 0 0 0 0 0 0 0 0 0 0 0 0 0 0 0 0 0 0 0 0 0 0 0 
65 0 0 0 0 0 0 0 0 0 0 0 0 0 0 0 0 0 0 0 0 0 1 0 0 0 0 0 0 0 0 0 0 0 0 0 0 0 0 0 0 0 0 0 0 0 0 0 0 0 0 0 0 0 0 
66 0 0 0 0 0 0 0 0 0 0 0 0 0 0 0 0 0 0 0 0 0 1 0 0 0 0 0 0 0 0 0 0 0 0 0 0 0 0 0 0 0 0 0 0 0 0 0 0 0 0 0 0 0 0 
67 0 0 0 0 0 0 0 0 0 0 0 0 0 0 0 0 0 0 0 0 0 0 1 0 0 0 0 0 0 0 0 0 0 0 0 0 0 0 0 0 0 0 0 0 0 0 0 0 0 0 0 0 0 0 
68 0 0 0 0 0 0 0 0 0 0 0 0 0 0 0 0 0 0 0 0 0 0 1 0 0 0 0 0 0 0 0 0 0 0 0 0 0 0 0 0 0 0 0 0 0 0 0 0 0 0 0 0 0 0 
69 0 0 0 0 0 0 0 0 0 0 0 0 0 0 0 0 0 0 0 0 0 1 0 0 0 0 0 0 0 0 0 0 0 0 0 0 0 0 0 0 0 0 0 0 0 0 0 0 0 0 0 0 0 0 
70 0 0 0 0 0 0 0 0 0 0 0 0 0 0 0 0 0 0 0 0 0 0 1 0 0 0 0 0 0 0 0 0 0 0 0 0 0 0 0 0 0 0 0 0 0 0 0 0 0 0 0 0 0 0 
71 0 0 0 0 0 0 0 0 0 0 0 0 0 0 0 0 0 0 0 0 0 0 1 0 0 0 0 0 0 0 0 0 0 0 0 0 0 0 0 0 0 0 0 0 0 0 0 0 0 0 0 0 0 0 
72 0 0 0 0 0 0 0 0 0 0 0 0 0 0 0 0 0 0 0 0 0 0 0 1 0 0 0 0 0 0 0 0 0 0 0 0 0 0 0 0 0 0 0 0 0 0 0 0 0 0 0 0 0 0 
73 0 0 0 0 0 0 0 0 0 0 0 0 0 0 0 0 0 0 0 0 0 0 0 1 0 0 0 0 0 0 0 0 0 0 0 0 0 0 0 0 0 0 0 0 0 0 0 0 0 0 0 0 0 0 
74 0 0 0 0 0 0 0 0 0 0 0 0 0 0 0 0 0 0 0 0 0 0 1 0 0 0 0 0 0 0 0 0 0 0 0 0 0 0 0 0 0 0 0 0 0 0 0 0 0 0 0 0 0 0 
75 0 0 0 0 0 0 0 0 0 0 0 0 0 0 0 0 0 0 0 0 0 0 1 0 0 0 0 0 0 0 0 0 0 0 0 0 0 0 0 0 0 0 0 0 0 0 0 0 0 0 0 0 0 0 
76 0 0 0 0 0 0 0 0 0 0 0 0 0 0 0 1 0 0 0 0 0 0 0 0 0 0 0 0 0 0 0 0 0 0 0 0 0 0 0 0 0 0 0 0 0 0 0 0 0 0 0 0 0 0 
77 0 0 0 0 0 0 0 0 0 0 0 0 0 0 0 0 1 0 0 0 0 0 0 0 0 0 0 0 0 0 0 0 0 0 0 0 0 0 0 0 0 0 0 0 0 0 0 0 0 0 0 0 0 0 
78 0 0 0 0 0 0 0 0 0 0 0 0 0 0 0 1 0 0 0 0 0 0 0 0 0 0 0 0 0 0 0 0 0 0 0 0 0 0 0 0 0 0 0 0 0 0 0 0 0 0 0 0 0 0 
79 0 0 0 0 0 0 0 0 0 0 0 0 0 0 0 1 0 0 0 0 0 0 0 0 0 0 0 0 0 0 0 0 0 0 0 0 0 0 0 0 0 0 0 0 0 0 0 0 0 0 0 0 0 0 
80 0 0 0 0 0 0 0 0 0 0 0 0 0 0 0 0 0 0 0 0 0 0 0 0 0 0 0 1 0 0 0 0 0 0 0 0 0 0 0 0 0 0 0 0 0 0 0 0 0 0 0 0 0 0 
81 0 0 0 0 0 0 0 0 0 0 0 0 0 0 0 0 0 0 0 0 0 0 0 0 0 0 0 0 1 0 0 0 0 0 0 0 0 0 0 0 0 0 0 0 0 0 0 0 0 0 0 0 0 0 
82 0 0 0 0 0 0 0 0 0 0 0 0 0 0 0 0 0 0 0 0 0 0 0 0 0 0 0 0 1 0 0 0 0 0 0 0 0 0 0 0 0 0 0 0 0 0 0 0 0 0 0 0 0 0 
83 0 0 0 0 0 0 0 0 0 0 0 0 0 0 0 0 0 0 0 0 0 0 0 0 0 0 0 0 0 1 0 0 0 0 0 0 0 0 0 0 0 0 0 0 0 0 0 0 0 0 0 0 0 0 
84 0 0 0 0 0 0 0 0 0 0 0 0 0 0 0 0 0 0 0 0 0 0 0 0 0 0 0 1 0 0 0 0 0 0 0 0 0 0 0 0 0 0 0 0 0 0 0 0 0 0 0 0 0 0 
85 0 0 0 0 0 0 0 0 0 0 0 0 0 0 0 0 0 0 0 0 0 0 0 0 0 0 0 1 0 0 0 0 0 0 0 0 0 0 0 0 0 0 0 0 0 0 0 0 0 0 0 0 0 0 
;
