seed9004_p34_C100_nR7_oR10000
2.0331861826120496
1.8581473873847005 3236101
3608583 6788
seed9026_p34_C100_nR7_oR10000
1.5557855558012355
1.3003746000271665 3462778
3609491 7005
seed9037_p34_C100_nR7_oR10000
2.8158327489379986
2.63580560783895 2381956
3607814 8386
seed9040_p34_C100_nR7_oR10000
2.3945390807833036
2.0594041820073636 3519127
3608528 7240
seed9053_p34_C100_nR7_oR10000
2.655518562062273
2.3815508859374233 681485
3607582 10482
seed9065_p34_C100_nR7_oR10000
1.9001823430982292
1.6161048203263548 287811
3608280 9271
seed9067_p34_C100_nR7_oR10000
3.9178364230560923
3.6516934414489124 1789433
3603402 8689
seed9075_p34_C100_nR7_oR10000
2.037379531296698
1.951524550376105 969332
3607641 8873
seed9077_p34_C100_nR7_oR10000
1.6719850999563746
1.5219559838230516 824735
3610123 7362
seed9082_p34_C100_nR7_oR10000
1.7705395824186017
1.4269052836976523 540148
3610406 7439
seed9087_p34_C100_nR7_oR10000
2.2225937987536186
2.111270086523462 931975
3607167 7771
seed9092_p34_C100_nR7_oR10000
3.0769581154260477
2.9968709470467525 3035474
3608847 8747
seed9096_p34_C100_nR7_oR10000
2.4124872805548288
2.129931426198254 1681597
3604044 8230
seed9123_p34_C100_nR7_oR10000
4.255088964002127
3.0252222152045056 32621
3609908 8235
seed9134_p34_C100_nR7_oR10000
2.384195891456214
2.3278197552037376 1501473
3607498 7338
seed9135_p34_C100_nR7_oR10000
4.366050886822418
4.199377208333613 1162242
3606905 7552
seed9140_p34_C100_nR7_oR10000
3.7289465812586746
3.4968242222824224 807716
3608886 8285
seed9141_p34_C100_nR7_oR10000
2.5472842986376514
1.9477401725302177 314898
3609223 6726
seed9143_p34_C100_nR7_oR10000
2.072361670513817
1.8485312088075483 371736
3608768 6288
seed9153_p34_C100_nR7_oR10000
3.220496248995548
3.1778567502650916 567542
3612338 6737
seed9172_p34_C100_nR7_oR10000
1.9764649877958664
1.934648257869002 658381
3607839 8028
seed9188_p34_C100_nR7_oR10000
1.5265101412323956
1.4211123162374308 192481
3607488 7196
seed9197_p34_C100_nR7_oR10000
2.494382037341379
2.155911102589202 533947
3610251 7922
seed9199_p34_C100_nR7_oR10000
1.4872300419793194
1.2778225028764119 927502
3607187 8627
seed9204_p34_C100_nR7_oR10000
1.116269577357423
1.0257397315222185 321941
3608269 7648
seed9205_p34_C100_nR7_oR10000
4.805533622528541
4.642782425785778 2529192
3612385 7776
seed9211_p34_C100_nR7_oR10000
2.728851718353151
2.65614680661829 922345
3608972 9569
seed9219_p34_C100_nR7_oR10000
1.861800473888791
1.7917604733927628 1066218
3608067 7674
seed9233_p34_C100_nR7_oR10000
1.865125223951181
1.828313858790114 408608
3610402 7929
seed9240_p34_C100_nR7_oR10000
3.0923182119957713
3.014653556597909 523773
3608781 8525

