data;
set C_bar :=  1 2 3 4 5 6 7 8 9 10 11 12 13 14 15 16 17 18 19 20 21 22 23 24 25 26 27 28 29 30 31 32 33 34 35 36 37 38 39 40 41 42 43 44 45 46 47 48 49 50 51 52 ;
set C :=  53 54 55 56 57 58 72 59 60 61 62 63 64 65 66 67 68 69 70 71 ;
set R := 0 1 2 3 4 5 6 7 8 9 10 ;
set C_bar_r[0] :=  
1 2 3 ;
set C_bar_r[1] :=  
4 5 6 7 8 9 10 11 12 13 14 ;
set C_bar_r[2] :=  
15 16 17 18 19 ;
set C_bar_r[3] :=  
20 21 22 23 24 25 26 ;
set C_bar_r[4] :=  
27 28 29 30 ;
set C_bar_r[5] :=  
31 32 33 34 ;
set C_bar_r[6] :=  
35 36 37 38 ;
set C_bar_r[7] :=  
39 40 41 42 43 44 ;
set C_bar_r[8] :=  
45 46 47 ;
set C_bar_r[9] :=  
48 49 50 51 52 ;
set C_r[0] :=  
;
set C_r[1] :=  
;
set C_r[2] :=  
;
set C_r[3] :=  
;
set C_r[4] :=  
;
set C_r[5] :=  
72 ;
set C_r[6] :=  
59 60 ;
set C_r[7] :=  
;
set C_r[8] :=  
;
set C_r[9] :=  
61 62 63 64 65 66 67 68 69 70 71 ;
set C_r[10] :=  
53 54 55 56 57 58 ;
set S :=  0 1 2 3 4 5 6 7 8 9 10 11 12 13 14 15 16 17 18 19 20 21 22 23 24 25 26 27 28 29 30 31 32 33 34 35 36 37 38 39 40 41 42 43 44 45 46 47 48 49 50 51 52 53 ;
set S_u :=  0 1 2 3 4 5 6 7 8 9 10 11 14 15 16 17 18 19 20 21 22 23 24 25 26 27 28 29 30 31 32 33 34 35 36 37 38 39 40 41 42 43 44 45 46 47 48 49 50 51 52 53 ;
set S_r[0] := 
45 46 ;
set S_r[1] := 
27 30 31 32 ;
set S_r[2] := 
21 ;
set S_r[3] := 
33 34 35 ;
set S_r[4] := 
12 13 14 ;
set S_r[5] := 
31 32 ;
set S_r[6] := 
21 22 36 ;
set S_r[7] := 
22 23 27 28 ;
set S_r[8] := 
27 28 29 ;
set S_r[9] := 
9 10 11 ;
set Rack :=  0 1 2 3 4 5 6 7 8 9 10 11 12 13 14 15 16 17 ;
param COST : 0 1 2 3 4 5 6 7 8 9 10 11 12 13 14 15 16 17 18 19 20 21 22 23 24 25 26 27 28 29 30 31 32 33 34 35 36 37 38 39 40 41 42 43 44 45 46 47 48 49 50 51 52 53 :=
0 0 1 1 3 3 3 3 3 3 5 5 5 5 5 5 5 5 5 5 5 5 5 5 5 5 5 5 5 5 5 5 5 5 5 5 5 5 5 5 5 5 5 5 5 5 5 5 5 5 5 5 5 5 5 
1 1 0 1 3 3 3 3 3 3 5 5 5 5 5 5 5 5 5 5 5 5 5 5 5 5 5 5 5 5 5 5 5 5 5 5 5 5 5 5 5 5 5 5 5 5 5 5 5 5 5 5 5 5 5 
2 1 1 0 3 3 3 3 3 3 5 5 5 5 5 5 5 5 5 5 5 5 5 5 5 5 5 5 5 5 5 5 5 5 5 5 5 5 5 5 5 5 5 5 5 5 5 5 5 5 5 5 5 5 5 
3 3 3 3 0 1 1 3 3 3 5 5 5 5 5 5 5 5 5 5 5 5 5 5 5 5 5 5 5 5 5 5 5 5 5 5 5 5 5 5 5 5 5 5 5 5 5 5 5 5 5 5 5 5 5 
4 3 3 3 1 0 1 3 3 3 5 5 5 5 5 5 5 5 5 5 5 5 5 5 5 5 5 5 5 5 5 5 5 5 5 5 5 5 5 5 5 5 5 5 5 5 5 5 5 5 5 5 5 5 5 
5 3 3 3 1 1 0 3 3 3 5 5 5 5 5 5 5 5 5 5 5 5 5 5 5 5 5 5 5 5 5 5 5 5 5 5 5 5 5 5 5 5 5 5 5 5 5 5 5 5 5 5 5 5 5 
6 3 3 3 3 3 3 0 1 1 5 5 5 5 5 5 5 5 5 5 5 5 5 5 5 5 5 5 5 5 5 5 5 5 5 5 5 5 5 5 5 5 5 5 5 5 5 5 5 5 5 5 5 5 5 
7 3 3 3 3 3 3 1 0 1 5 5 5 5 5 5 5 5 5 5 5 5 5 5 5 5 5 5 5 5 5 5 5 5 5 5 5 5 5 5 5 5 5 5 5 5 5 5 5 5 5 5 5 5 5 
8 3 3 3 3 3 3 1 1 0 5 5 5 5 5 5 5 5 5 5 5 5 5 5 5 5 5 5 5 5 5 5 5 5 5 5 5 5 5 5 5 5 5 5 5 5 5 5 5 5 5 5 5 5 5 
9 5 5 5 5 5 5 5 5 5 0 1 1 3 3 3 3 3 3 5 5 5 5 5 5 5 5 5 5 5 5 5 5 5 5 5 5 5 5 5 5 5 5 5 5 5 5 5 5 5 5 5 5 5 5 
10 5 5 5 5 5 5 5 5 5 1 0 1 3 3 3 3 3 3 5 5 5 5 5 5 5 5 5 5 5 5 5 5 5 5 5 5 5 5 5 5 5 5 5 5 5 5 5 5 5 5 5 5 5 5 
11 5 5 5 5 5 5 5 5 5 1 1 0 3 3 3 3 3 3 5 5 5 5 5 5 5 5 5 5 5 5 5 5 5 5 5 5 5 5 5 5 5 5 5 5 5 5 5 5 5 5 5 5 5 5 
12 5 5 5 5 5 5 5 5 5 3 3 3 0 1 1 3 3 3 5 5 5 5 5 5 5 5 5 5 5 5 5 5 5 5 5 5 5 5 5 5 5 5 5 5 5 5 5 5 5 5 5 5 5 5 
13 5 5 5 5 5 5 5 5 5 3 3 3 1 0 1 3 3 3 5 5 5 5 5 5 5 5 5 5 5 5 5 5 5 5 5 5 5 5 5 5 5 5 5 5 5 5 5 5 5 5 5 5 5 5 
14 5 5 5 5 5 5 5 5 5 3 3 3 1 1 0 3 3 3 5 5 5 5 5 5 5 5 5 5 5 5 5 5 5 5 5 5 5 5 5 5 5 5 5 5 5 5 5 5 5 5 5 5 5 5 
15 5 5 5 5 5 5 5 5 5 3 3 3 3 3 3 0 1 1 5 5 5 5 5 5 5 5 5 5 5 5 5 5 5 5 5 5 5 5 5 5 5 5 5 5 5 5 5 5 5 5 5 5 5 5 
16 5 5 5 5 5 5 5 5 5 3 3 3 3 3 3 1 0 1 5 5 5 5 5 5 5 5 5 5 5 5 5 5 5 5 5 5 5 5 5 5 5 5 5 5 5 5 5 5 5 5 5 5 5 5 
17 5 5 5 5 5 5 5 5 5 3 3 3 3 3 3 1 1 0 5 5 5 5 5 5 5 5 5 5 5 5 5 5 5 5 5 5 5 5 5 5 5 5 5 5 5 5 5 5 5 5 5 5 5 5 
18 5 5 5 5 5 5 5 5 5 5 5 5 5 5 5 5 5 5 0 1 1 3 3 3 3 3 3 5 5 5 5 5 5 5 5 5 5 5 5 5 5 5 5 5 5 5 5 5 5 5 5 5 5 5 
19 5 5 5 5 5 5 5 5 5 5 5 5 5 5 5 5 5 5 1 0 1 3 3 3 3 3 3 5 5 5 5 5 5 5 5 5 5 5 5 5 5 5 5 5 5 5 5 5 5 5 5 5 5 5 
20 5 5 5 5 5 5 5 5 5 5 5 5 5 5 5 5 5 5 1 1 0 3 3 3 3 3 3 5 5 5 5 5 5 5 5 5 5 5 5 5 5 5 5 5 5 5 5 5 5 5 5 5 5 5 
21 5 5 5 5 5 5 5 5 5 5 5 5 5 5 5 5 5 5 3 3 3 0 1 1 3 3 3 5 5 5 5 5 5 5 5 5 5 5 5 5 5 5 5 5 5 5 5 5 5 5 5 5 5 5 
22 5 5 5 5 5 5 5 5 5 5 5 5 5 5 5 5 5 5 3 3 3 1 0 1 3 3 3 5 5 5 5 5 5 5 5 5 5 5 5 5 5 5 5 5 5 5 5 5 5 5 5 5 5 5 
23 5 5 5 5 5 5 5 5 5 5 5 5 5 5 5 5 5 5 3 3 3 1 1 0 3 3 3 5 5 5 5 5 5 5 5 5 5 5 5 5 5 5 5 5 5 5 5 5 5 5 5 5 5 5 
24 5 5 5 5 5 5 5 5 5 5 5 5 5 5 5 5 5 5 3 3 3 3 3 3 0 1 1 5 5 5 5 5 5 5 5 5 5 5 5 5 5 5 5 5 5 5 5 5 5 5 5 5 5 5 
25 5 5 5 5 5 5 5 5 5 5 5 5 5 5 5 5 5 5 3 3 3 3 3 3 1 0 1 5 5 5 5 5 5 5 5 5 5 5 5 5 5 5 5 5 5 5 5 5 5 5 5 5 5 5 
26 5 5 5 5 5 5 5 5 5 5 5 5 5 5 5 5 5 5 3 3 3 3 3 3 1 1 0 5 5 5 5 5 5 5 5 5 5 5 5 5 5 5 5 5 5 5 5 5 5 5 5 5 5 5 
27 5 5 5 5 5 5 5 5 5 5 5 5 5 5 5 5 5 5 5 5 5 5 5 5 5 5 5 0 1 1 3 3 3 3 3 3 5 5 5 5 5 5 5 5 5 5 5 5 5 5 5 5 5 5 
28 5 5 5 5 5 5 5 5 5 5 5 5 5 5 5 5 5 5 5 5 5 5 5 5 5 5 5 1 0 1 3 3 3 3 3 3 5 5 5 5 5 5 5 5 5 5 5 5 5 5 5 5 5 5 
29 5 5 5 5 5 5 5 5 5 5 5 5 5 5 5 5 5 5 5 5 5 5 5 5 5 5 5 1 1 0 3 3 3 3 3 3 5 5 5 5 5 5 5 5 5 5 5 5 5 5 5 5 5 5 
30 5 5 5 5 5 5 5 5 5 5 5 5 5 5 5 5 5 5 5 5 5 5 5 5 5 5 5 3 3 3 0 1 1 3 3 3 5 5 5 5 5 5 5 5 5 5 5 5 5 5 5 5 5 5 
31 5 5 5 5 5 5 5 5 5 5 5 5 5 5 5 5 5 5 5 5 5 5 5 5 5 5 5 3 3 3 1 0 1 3 3 3 5 5 5 5 5 5 5 5 5 5 5 5 5 5 5 5 5 5 
32 5 5 5 5 5 5 5 5 5 5 5 5 5 5 5 5 5 5 5 5 5 5 5 5 5 5 5 3 3 3 1 1 0 3 3 3 5 5 5 5 5 5 5 5 5 5 5 5 5 5 5 5 5 5 
33 5 5 5 5 5 5 5 5 5 5 5 5 5 5 5 5 5 5 5 5 5 5 5 5 5 5 5 3 3 3 3 3 3 0 1 1 5 5 5 5 5 5 5 5 5 5 5 5 5 5 5 5 5 5 
34 5 5 5 5 5 5 5 5 5 5 5 5 5 5 5 5 5 5 5 5 5 5 5 5 5 5 5 3 3 3 3 3 3 1 0 1 5 5 5 5 5 5 5 5 5 5 5 5 5 5 5 5 5 5 
35 5 5 5 5 5 5 5 5 5 5 5 5 5 5 5 5 5 5 5 5 5 5 5 5 5 5 5 3 3 3 3 3 3 1 1 0 5 5 5 5 5 5 5 5 5 5 5 5 5 5 5 5 5 5 
36 5 5 5 5 5 5 5 5 5 5 5 5 5 5 5 5 5 5 5 5 5 5 5 5 5 5 5 5 5 5 5 5 5 5 5 5 0 1 1 3 3 3 3 3 3 5 5 5 5 5 5 5 5 5 
37 5 5 5 5 5 5 5 5 5 5 5 5 5 5 5 5 5 5 5 5 5 5 5 5 5 5 5 5 5 5 5 5 5 5 5 5 1 0 1 3 3 3 3 3 3 5 5 5 5 5 5 5 5 5 
38 5 5 5 5 5 5 5 5 5 5 5 5 5 5 5 5 5 5 5 5 5 5 5 5 5 5 5 5 5 5 5 5 5 5 5 5 1 1 0 3 3 3 3 3 3 5 5 5 5 5 5 5 5 5 
39 5 5 5 5 5 5 5 5 5 5 5 5 5 5 5 5 5 5 5 5 5 5 5 5 5 5 5 5 5 5 5 5 5 5 5 5 3 3 3 0 1 1 3 3 3 5 5 5 5 5 5 5 5 5 
40 5 5 5 5 5 5 5 5 5 5 5 5 5 5 5 5 5 5 5 5 5 5 5 5 5 5 5 5 5 5 5 5 5 5 5 5 3 3 3 1 0 1 3 3 3 5 5 5 5 5 5 5 5 5 
41 5 5 5 5 5 5 5 5 5 5 5 5 5 5 5 5 5 5 5 5 5 5 5 5 5 5 5 5 5 5 5 5 5 5 5 5 3 3 3 1 1 0 3 3 3 5 5 5 5 5 5 5 5 5 
42 5 5 5 5 5 5 5 5 5 5 5 5 5 5 5 5 5 5 5 5 5 5 5 5 5 5 5 5 5 5 5 5 5 5 5 5 3 3 3 3 3 3 0 1 1 5 5 5 5 5 5 5 5 5 
43 5 5 5 5 5 5 5 5 5 5 5 5 5 5 5 5 5 5 5 5 5 5 5 5 5 5 5 5 5 5 5 5 5 5 5 5 3 3 3 3 3 3 1 0 1 5 5 5 5 5 5 5 5 5 
44 5 5 5 5 5 5 5 5 5 5 5 5 5 5 5 5 5 5 5 5 5 5 5 5 5 5 5 5 5 5 5 5 5 5 5 5 3 3 3 3 3 3 1 1 0 5 5 5 5 5 5 5 5 5 
45 5 5 5 5 5 5 5 5 5 5 5 5 5 5 5 5 5 5 5 5 5 5 5 5 5 5 5 5 5 5 5 5 5 5 5 5 5 5 5 5 5 5 5 5 5 0 1 1 3 3 3 3 3 3 
46 5 5 5 5 5 5 5 5 5 5 5 5 5 5 5 5 5 5 5 5 5 5 5 5 5 5 5 5 5 5 5 5 5 5 5 5 5 5 5 5 5 5 5 5 5 1 0 1 3 3 3 3 3 3 
47 5 5 5 5 5 5 5 5 5 5 5 5 5 5 5 5 5 5 5 5 5 5 5 5 5 5 5 5 5 5 5 5 5 5 5 5 5 5 5 5 5 5 5 5 5 1 1 0 3 3 3 3 3 3 
48 5 5 5 5 5 5 5 5 5 5 5 5 5 5 5 5 5 5 5 5 5 5 5 5 5 5 5 5 5 5 5 5 5 5 5 5 5 5 5 5 5 5 5 5 5 3 3 3 0 1 1 3 3 3 
49 5 5 5 5 5 5 5 5 5 5 5 5 5 5 5 5 5 5 5 5 5 5 5 5 5 5 5 5 5 5 5 5 5 5 5 5 5 5 5 5 5 5 5 5 5 3 3 3 1 0 1 3 3 3 
50 5 5 5 5 5 5 5 5 5 5 5 5 5 5 5 5 5 5 5 5 5 5 5 5 5 5 5 5 5 5 5 5 5 5 5 5 5 5 5 5 5 5 5 5 5 3 3 3 1 1 0 3 3 3 
51 5 5 5 5 5 5 5 5 5 5 5 5 5 5 5 5 5 5 5 5 5 5 5 5 5 5 5 5 5 5 5 5 5 5 5 5 5 5 5 5 5 5 5 5 5 3 3 3 3 3 3 0 1 1 
52 5 5 5 5 5 5 5 5 5 5 5 5 5 5 5 5 5 5 5 5 5 5 5 5 5 5 5 5 5 5 5 5 5 5 5 5 5 5 5 5 5 5 5 5 5 3 3 3 3 3 3 1 0 1 
53 5 5 5 5 5 5 5 5 5 5 5 5 5 5 5 5 5 5 5 5 5 5 5 5 5 5 5 5 5 5 5 5 5 5 5 5 5 5 5 5 5 5 5 5 5 3 3 3 3 3 3 1 1 0 
;
set S_rack[0] :=  
0 1 2 ;
set S_rack[1] :=  
3 4 5 ;
set S_rack[2] :=  
6 7 8 ;
set S_rack[3] :=  
9 10 11 ;
set S_rack[4] :=  
12 13 14 ;
set S_rack[5] :=  
15 16 17 ;
set S_rack[6] :=  
18 19 20 ;
set S_rack[7] :=  
21 22 23 ;
set S_rack[8] :=  
24 25 26 ;
set S_rack[9] :=  
27 28 29 ;
set S_rack[10] :=  
30 31 32 ;
set S_rack[11] :=  
33 34 35 ;
set S_rack[12] :=  
36 37 38 ;
set S_rack[13] :=  
39 40 41 ;
set S_rack[14] :=  
42 43 44 ;
set S_rack[15] :=  
45 46 47 ;
set S_rack[16] :=  
48 49 50 ;
set S_rack[17] :=  
51 52 53 ;
param CPU := 
0 28.0
1 28.0
2 28.0
3 56.0
4 56.0
5 56.0
6 28.0
7 28.0
8 28.0
9 40.0
10 32.0
11 48.0
12 8.952381134033203
13 8.952381134033203
14 22.047619104385376
15 56.0
16 56.0
17 56.0
18 44.0
19 44.0
20 44.0
21 33.0
22 36.0
23 44.0
24 28.0
25 28.0
26 28.0
27 43.0
28 32.0
29 48.0
30 46.0
31 44.0
32 46.0
33 42.0
34 48.0
35 48.0
36 26.0
37 28.0
38 28.0
39 28.0
40 28.0
41 28.0
42 44.0
43 44.0
44 44.0
45 39.45454549789429
46 34.909090995788574
47 44.0
48 28.0
49 28.0
50 28.0
51 56.0
52 56.0
53 56.0
;
param MEM := 
0 48.0
1 48.0
2 48.0
3 192.0
4 192.0
5 192.0
6 192.0
7 192.0
8 192.0
9 128.0
10 96.0
11 160.0
12 32.0
13 32.0
14 79.0
15 192.0
16 192.0
17 192.0
18 128.0
19 128.0
20 128.0
21 110.0
22 112.0
23 144.0
24 192.0
25 192.0
26 192.0
27 142.0
28 96.0
29 160.0
30 156.0
31 144.0
32 152.0
33 136.0
34 160.0
35 160.0
36 44.0
37 48.0
38 48.0
39 192.0
40 192.0
41 192.0
42 128.0
43 128.0
44 128.0
45 112.0
46 96.0
47 128.0
48 96.0
49 96.0
50 96.0
51 192.0
52 192.0
53 192.0
;
param DISK := 
0 48.0
1 48.0
2 48.0
3 192.0
4 192.0
5 192.0
6 192.0
7 192.0
8 192.0
9 98.8
10 78.0
11 142.0
12 32.0
13 32.0
14 56.0
15 192.0
16 192.0
17 192.0
18 128.0
19 128.0
20 128.0
21 64.0
22 62.80000000000001
23 106.0
24 192.0
25 192.0
26 192.0
27 86.0
28 78.0
29 142.0
30 80.0
31 72.0
32 84.0
33 82.0
34 120.0
35 120.0
36 32.0
37 48.0
38 48.0
39 192.0
40 192.0
41 192.0
42 128.0
43 128.0
44 128.0
45 80.0
46 78.0
47 128.0
48 96.0
49 96.0
50 96.0
51 192.0
52 192.0
53 192.0
;
param BDW_out := 
0 10.0
1 10.0
2 10.0
3 10.0
4 10.0
5 10.0
6 10.0
7 10.0
8 10.0
9 9.666902967407408
10 9.65843535362963
11 9.66813922962963
12 8.1801728
13 8.1801728
14 9.98181888
15 10.0
16 10.0
17 10.0
18 10.0
19 10.0
20 10.0
21 7.438305965714285
22 9.18223662
23 9.054391944
24 10.0
25 10.0
26 10.0
27 8.305481325333334
28 8.6786306
29 9.99686512
30 8.66046528
31 8.698774853333333
32 8.689849117333333
33 9.368060224
34 8.75973344
35 8.75973344
36 8.6374696
37 10.0
38 10.0
39 10.0
40 10.0
41 10.0
42 10.0
43 10.0
44 10.0
45 7.9187424
46 9.908510976
47 10.0
48 10.0
49 10.0
50 10.0
51 10.0
52 10.0
53 10.0
;
param BDW_in := 
0 10.0
1 10.0
2 10.0
3 10.0
4 10.0
5 10.0
6 10.0
7 10.0
8 10.0
9 9.989774494370371
10 9.998899361481481
11 9.999134094814815
12 9.98919424
13 9.98919424
14 9.9965696
15 10.0
16 10.0
17 10.0
18 10.0
19 10.0
20 10.0
21 9.98745464
22 9.843852944
23 9.99229766
24 10.0
25 10.0
26 10.0
27 9.98953622
28 9.99215398
29 9.983414992
30 9.9962464
31 9.982195944
32 9.99112168
33 9.9970776
34 9.992635552
35 9.992635552
36 9.99531048
37 10.0
38 10.0
39 10.0
40 10.0
41 10.0
42 10.0
43 10.0
44 10.0
45 9.906549376
46 9.9980384
47 10.0
48 10.0
49 10.0
50 10.0
51 10.0
52 10.0
53 10.0
;
param mem := 
1 8.0
2 8.0
3 32.0
4 8.0
5 8.0
6 8.0
7 8.0
8 8.0
9 8.0
10 8.0
11 8.0
12 8.0
13 8.0
14 4.0
15 2.0
16 2.0
17 2.0
18 8.0
19 4.0
20 16.0
21 16.0
22 16.0
23 16.0
24 16.0
25 8.0
26 32.0
27 64.0
28 64.0
29 16.0
30 1.0
31 16.0
32 16.0
33 16.0
34 8.0
72 16.0
35 2.0
36 2.0
37 64.0
38 32.0
59 64.0
60 2.0
39 32.0
40 32.0
41 32.0
42 32.0
43 16.0
44 16.0
45 64.0
46 32.0
47 2.0
48 32.0
49 32.0
50 32.0
51 32.0
52 64.0
61 32.0
62 64.0
63 32.0
64 32.0
65 32.0
66 64.0
67 32.0
68 32.0
69 64.0
70 32.0
71 32.0
53 1.0
54 1.0
55 1.0
56 1.0
57 8.0
58 32.0
;
param disk := 
1 24.0
2 24.0
3 50.0
4 24.0
5 24.0
6 24.0
7 24.0
8 24.0
9 24.0
10 24.0
11 24.0
12 24.0
13 24.0
14 16.0
15 8.0
16 8.0
17 8.0
18 24.0
19 16.0
20 36.0
21 36.0
22 36.0
23 36.0
24 36.0
25 24.0
26 50.0
27 64.0
28 64.0
29 36.0
30 4.0
31 36.0
32 36.0
33 36.0
34 24.0
72 36.0
35 8.0
36 8.0
37 64.0
38 43.2
59 64.0
60 8.0
39 50.0
40 50.0
41 50.0
42 50.0
43 36.0
44 36.0
45 64.0
46 50.0
47 8.0
48 50.0
49 50.0
50 50.0
51 43.2
52 64.0
61 50.0
62 64.0
63 50.0
64 50.0
65 50.0
66 64.0
67 50.0
68 43.2
69 64.0
70 50.0
71 43.2
53 4.0
54 4.0
55 4.0
56 4.0
57 24.0
58 43.2
;
param cpu : 
0 1 2 3 4 5 6 7 8 9 10 11 12 13 14 15 16 17 18 19 20 21 22 23 24 25 26 27 28 29 30 31 32 33 34 35 36 37 38 39 40 41 42 43 44 45 46 47 48 49 50 51 52 53 := 
1 2.0 2.0 2.0 2.0 2.0 2.0 2.0 2.0 2.0 2.0 2.0 2.0 2.380952380952381 2.380952380952381 2.380952380952381 2.0 2.0 2.0 2.272727272727273 2.272727272727273 2.272727272727273 2.0 2.0 2.0 2.0 2.0 2.0 2.0 2.0 2.0 2.0 2.0 2.0 2.0 2.0 2.0 2.0 2.0 2.0 2.0 2.0 2.0 2.272727272727273 2.272727272727273 2.272727272727273 2.272727272727273 2.272727272727273 2.272727272727273 2.380952380952381 2.380952380952381 2.380952380952381 2.0 2.0 2.0 
2 2.0 2.0 2.0 2.0 2.0 2.0 2.0 2.0 2.0 2.0 2.0 2.0 2.380952380952381 2.380952380952381 2.380952380952381 2.0 2.0 2.0 2.272727272727273 2.272727272727273 2.272727272727273 2.0 2.0 2.0 2.0 2.0 2.0 2.0 2.0 2.0 2.0 2.0 2.0 2.0 2.0 2.0 2.0 2.0 2.0 2.0 2.0 2.0 2.272727272727273 2.272727272727273 2.272727272727273 2.272727272727273 2.272727272727273 2.272727272727273 2.380952380952381 2.380952380952381 2.380952380952381 2.0 2.0 2.0 
3 8.0 8.0 8.0 8.0 8.0 8.0 8.0 8.0 8.0 8.0 8.0 8.0 9.523809523809524 9.523809523809524 9.523809523809524 8.0 8.0 8.0 9.090909090909092 9.090909090909092 9.090909090909092 8.0 8.0 8.0 8.0 8.0 8.0 8.0 8.0 8.0 8.0 8.0 8.0 8.0 8.0 8.0 8.0 8.0 8.0 8.0 8.0 8.0 9.090909090909092 9.090909090909092 9.090909090909092 9.090909090909092 9.090909090909092 9.090909090909092 9.523809523809524 9.523809523809524 9.523809523809524 8.0 8.0 8.0 
4 2.0 2.0 2.0 2.0 2.0 2.0 2.0 2.0 2.0 2.0 2.0 2.0 2.380952380952381 2.380952380952381 2.380952380952381 2.0 2.0 2.0 2.272727272727273 2.272727272727273 2.272727272727273 2.0 2.0 2.0 2.0 2.0 2.0 2.0 2.0 2.0 2.0 2.0 2.0 2.0 2.0 2.0 2.0 2.0 2.0 2.0 2.0 2.0 2.272727272727273 2.272727272727273 2.272727272727273 2.272727272727273 2.272727272727273 2.272727272727273 2.380952380952381 2.380952380952381 2.380952380952381 2.0 2.0 2.0 
5 2.0 2.0 2.0 2.0 2.0 2.0 2.0 2.0 2.0 2.0 2.0 2.0 2.380952380952381 2.380952380952381 2.380952380952381 2.0 2.0 2.0 2.272727272727273 2.272727272727273 2.272727272727273 2.0 2.0 2.0 2.0 2.0 2.0 2.0 2.0 2.0 2.0 2.0 2.0 2.0 2.0 2.0 2.0 2.0 2.0 2.0 2.0 2.0 2.272727272727273 2.272727272727273 2.272727272727273 2.272727272727273 2.272727272727273 2.272727272727273 2.380952380952381 2.380952380952381 2.380952380952381 2.0 2.0 2.0 
6 2.0 2.0 2.0 2.0 2.0 2.0 2.0 2.0 2.0 2.0 2.0 2.0 2.380952380952381 2.380952380952381 2.380952380952381 2.0 2.0 2.0 2.272727272727273 2.272727272727273 2.272727272727273 2.0 2.0 2.0 2.0 2.0 2.0 2.0 2.0 2.0 2.0 2.0 2.0 2.0 2.0 2.0 2.0 2.0 2.0 2.0 2.0 2.0 2.272727272727273 2.272727272727273 2.272727272727273 2.272727272727273 2.272727272727273 2.272727272727273 2.380952380952381 2.380952380952381 2.380952380952381 2.0 2.0 2.0 
7 2.0 2.0 2.0 2.0 2.0 2.0 2.0 2.0 2.0 2.0 2.0 2.0 2.380952380952381 2.380952380952381 2.380952380952381 2.0 2.0 2.0 2.272727272727273 2.272727272727273 2.272727272727273 2.0 2.0 2.0 2.0 2.0 2.0 2.0 2.0 2.0 2.0 2.0 2.0 2.0 2.0 2.0 2.0 2.0 2.0 2.0 2.0 2.0 2.272727272727273 2.272727272727273 2.272727272727273 2.272727272727273 2.272727272727273 2.272727272727273 2.380952380952381 2.380952380952381 2.380952380952381 2.0 2.0 2.0 
8 2.0 2.0 2.0 2.0 2.0 2.0 2.0 2.0 2.0 2.0 2.0 2.0 2.380952380952381 2.380952380952381 2.380952380952381 2.0 2.0 2.0 2.272727272727273 2.272727272727273 2.272727272727273 2.0 2.0 2.0 2.0 2.0 2.0 2.0 2.0 2.0 2.0 2.0 2.0 2.0 2.0 2.0 2.0 2.0 2.0 2.0 2.0 2.0 2.272727272727273 2.272727272727273 2.272727272727273 2.272727272727273 2.272727272727273 2.272727272727273 2.380952380952381 2.380952380952381 2.380952380952381 2.0 2.0 2.0 
9 2.0 2.0 2.0 2.0 2.0 2.0 2.0 2.0 2.0 2.0 2.0 2.0 2.380952380952381 2.380952380952381 2.380952380952381 2.0 2.0 2.0 2.272727272727273 2.272727272727273 2.272727272727273 2.0 2.0 2.0 2.0 2.0 2.0 2.0 2.0 2.0 2.0 2.0 2.0 2.0 2.0 2.0 2.0 2.0 2.0 2.0 2.0 2.0 2.272727272727273 2.272727272727273 2.272727272727273 2.272727272727273 2.272727272727273 2.272727272727273 2.380952380952381 2.380952380952381 2.380952380952381 2.0 2.0 2.0 
10 2.0 2.0 2.0 2.0 2.0 2.0 2.0 2.0 2.0 2.0 2.0 2.0 2.380952380952381 2.380952380952381 2.380952380952381 2.0 2.0 2.0 2.272727272727273 2.272727272727273 2.272727272727273 2.0 2.0 2.0 2.0 2.0 2.0 2.0 2.0 2.0 2.0 2.0 2.0 2.0 2.0 2.0 2.0 2.0 2.0 2.0 2.0 2.0 2.272727272727273 2.272727272727273 2.272727272727273 2.272727272727273 2.272727272727273 2.272727272727273 2.380952380952381 2.380952380952381 2.380952380952381 2.0 2.0 2.0 
11 2.0 2.0 2.0 2.0 2.0 2.0 2.0 2.0 2.0 2.0 2.0 2.0 2.380952380952381 2.380952380952381 2.380952380952381 2.0 2.0 2.0 2.272727272727273 2.272727272727273 2.272727272727273 2.0 2.0 2.0 2.0 2.0 2.0 2.0 2.0 2.0 2.0 2.0 2.0 2.0 2.0 2.0 2.0 2.0 2.0 2.0 2.0 2.0 2.272727272727273 2.272727272727273 2.272727272727273 2.272727272727273 2.272727272727273 2.272727272727273 2.380952380952381 2.380952380952381 2.380952380952381 2.0 2.0 2.0 
12 2.0 2.0 2.0 2.0 2.0 2.0 2.0 2.0 2.0 2.0 2.0 2.0 2.380952380952381 2.380952380952381 2.380952380952381 2.0 2.0 2.0 2.272727272727273 2.272727272727273 2.272727272727273 2.0 2.0 2.0 2.0 2.0 2.0 2.0 2.0 2.0 2.0 2.0 2.0 2.0 2.0 2.0 2.0 2.0 2.0 2.0 2.0 2.0 2.272727272727273 2.272727272727273 2.272727272727273 2.272727272727273 2.272727272727273 2.272727272727273 2.380952380952381 2.380952380952381 2.380952380952381 2.0 2.0 2.0 
13 2.0 2.0 2.0 2.0 2.0 2.0 2.0 2.0 2.0 2.0 2.0 2.0 2.380952380952381 2.380952380952381 2.380952380952381 2.0 2.0 2.0 2.272727272727273 2.272727272727273 2.272727272727273 2.0 2.0 2.0 2.0 2.0 2.0 2.0 2.0 2.0 2.0 2.0 2.0 2.0 2.0 2.0 2.0 2.0 2.0 2.0 2.0 2.0 2.272727272727273 2.272727272727273 2.272727272727273 2.272727272727273 2.272727272727273 2.272727272727273 2.380952380952381 2.380952380952381 2.380952380952381 2.0 2.0 2.0 
14 2.0 2.0 2.0 2.0 2.0 2.0 2.0 2.0 2.0 2.0 2.0 2.0 2.380952380952381 2.380952380952381 2.380952380952381 2.0 2.0 2.0 2.272727272727273 2.272727272727273 2.272727272727273 2.0 2.0 2.0 2.0 2.0 2.0 2.0 2.0 2.0 2.0 2.0 2.0 2.0 2.0 2.0 2.0 2.0 2.0 2.0 2.0 2.0 2.272727272727273 2.272727272727273 2.272727272727273 2.272727272727273 2.272727272727273 2.272727272727273 2.380952380952381 2.380952380952381 2.380952380952381 2.0 2.0 2.0 
15 1.0 1.0 1.0 1.0 1.0 1.0 1.0 1.0 1.0 1.0 1.0 1.0 1.1904761904761905 1.1904761904761905 1.1904761904761905 1.0 1.0 1.0 1.1363636363636365 1.1363636363636365 1.1363636363636365 1.0 1.0 1.0 1.0 1.0 1.0 1.0 1.0 1.0 1.0 1.0 1.0 1.0 1.0 1.0 1.0 1.0 1.0 1.0 1.0 1.0 1.1363636363636365 1.1363636363636365 1.1363636363636365 1.1363636363636365 1.1363636363636365 1.1363636363636365 1.1904761904761905 1.1904761904761905 1.1904761904761905 1.0 1.0 1.0 
16 1.0 1.0 1.0 1.0 1.0 1.0 1.0 1.0 1.0 1.0 1.0 1.0 1.1904761904761905 1.1904761904761905 1.1904761904761905 1.0 1.0 1.0 1.1363636363636365 1.1363636363636365 1.1363636363636365 1.0 1.0 1.0 1.0 1.0 1.0 1.0 1.0 1.0 1.0 1.0 1.0 1.0 1.0 1.0 1.0 1.0 1.0 1.0 1.0 1.0 1.1363636363636365 1.1363636363636365 1.1363636363636365 1.1363636363636365 1.1363636363636365 1.1363636363636365 1.1904761904761905 1.1904761904761905 1.1904761904761905 1.0 1.0 1.0 
17 1.0 1.0 1.0 1.0 1.0 1.0 1.0 1.0 1.0 1.0 1.0 1.0 1.1904761904761905 1.1904761904761905 1.1904761904761905 1.0 1.0 1.0 1.1363636363636365 1.1363636363636365 1.1363636363636365 1.0 1.0 1.0 1.0 1.0 1.0 1.0 1.0 1.0 1.0 1.0 1.0 1.0 1.0 1.0 1.0 1.0 1.0 1.0 1.0 1.0 1.1363636363636365 1.1363636363636365 1.1363636363636365 1.1363636363636365 1.1363636363636365 1.1363636363636365 1.1904761904761905 1.1904761904761905 1.1904761904761905 1.0 1.0 1.0 
18 2.0 2.0 2.0 2.0 2.0 2.0 2.0 2.0 2.0 2.0 2.0 2.0 2.380952380952381 2.380952380952381 2.380952380952381 2.0 2.0 2.0 2.272727272727273 2.272727272727273 2.272727272727273 2.0 2.0 2.0 2.0 2.0 2.0 2.0 2.0 2.0 2.0 2.0 2.0 2.0 2.0 2.0 2.0 2.0 2.0 2.0 2.0 2.0 2.272727272727273 2.272727272727273 2.272727272727273 2.272727272727273 2.272727272727273 2.272727272727273 2.380952380952381 2.380952380952381 2.380952380952381 2.0 2.0 2.0 
19 2.0 2.0 2.0 2.0 2.0 2.0 2.0 2.0 2.0 2.0 2.0 2.0 2.380952380952381 2.380952380952381 2.380952380952381 2.0 2.0 2.0 2.272727272727273 2.272727272727273 2.272727272727273 2.0 2.0 2.0 2.0 2.0 2.0 2.0 2.0 2.0 2.0 2.0 2.0 2.0 2.0 2.0 2.0 2.0 2.0 2.0 2.0 2.0 2.272727272727273 2.272727272727273 2.272727272727273 2.272727272727273 2.272727272727273 2.272727272727273 2.380952380952381 2.380952380952381 2.380952380952381 2.0 2.0 2.0 
20 4.0 4.0 4.0 4.0 4.0 4.0 4.0 4.0 4.0 4.0 4.0 4.0 4.761904761904762 4.761904761904762 4.761904761904762 4.0 4.0 4.0 4.545454545454546 4.545454545454546 4.545454545454546 4.0 4.0 4.0 4.0 4.0 4.0 4.0 4.0 4.0 4.0 4.0 4.0 4.0 4.0 4.0 4.0 4.0 4.0 4.0 4.0 4.0 4.545454545454546 4.545454545454546 4.545454545454546 4.545454545454546 4.545454545454546 4.545454545454546 4.761904761904762 4.761904761904762 4.761904761904762 4.0 4.0 4.0 
21 4.0 4.0 4.0 4.0 4.0 4.0 4.0 4.0 4.0 4.0 4.0 4.0 4.761904761904762 4.761904761904762 4.761904761904762 4.0 4.0 4.0 4.545454545454546 4.545454545454546 4.545454545454546 4.0 4.0 4.0 4.0 4.0 4.0 4.0 4.0 4.0 4.0 4.0 4.0 4.0 4.0 4.0 4.0 4.0 4.0 4.0 4.0 4.0 4.545454545454546 4.545454545454546 4.545454545454546 4.545454545454546 4.545454545454546 4.545454545454546 4.761904761904762 4.761904761904762 4.761904761904762 4.0 4.0 4.0 
22 4.0 4.0 4.0 4.0 4.0 4.0 4.0 4.0 4.0 4.0 4.0 4.0 4.761904761904762 4.761904761904762 4.761904761904762 4.0 4.0 4.0 4.545454545454546 4.545454545454546 4.545454545454546 4.0 4.0 4.0 4.0 4.0 4.0 4.0 4.0 4.0 4.0 4.0 4.0 4.0 4.0 4.0 4.0 4.0 4.0 4.0 4.0 4.0 4.545454545454546 4.545454545454546 4.545454545454546 4.545454545454546 4.545454545454546 4.545454545454546 4.761904761904762 4.761904761904762 4.761904761904762 4.0 4.0 4.0 
23 4.0 4.0 4.0 4.0 4.0 4.0 4.0 4.0 4.0 4.0 4.0 4.0 4.761904761904762 4.761904761904762 4.761904761904762 4.0 4.0 4.0 4.545454545454546 4.545454545454546 4.545454545454546 4.0 4.0 4.0 4.0 4.0 4.0 4.0 4.0 4.0 4.0 4.0 4.0 4.0 4.0 4.0 4.0 4.0 4.0 4.0 4.0 4.0 4.545454545454546 4.545454545454546 4.545454545454546 4.545454545454546 4.545454545454546 4.545454545454546 4.761904761904762 4.761904761904762 4.761904761904762 4.0 4.0 4.0 
24 4.0 4.0 4.0 4.0 4.0 4.0 4.0 4.0 4.0 4.0 4.0 4.0 4.761904761904762 4.761904761904762 4.761904761904762 4.0 4.0 4.0 4.545454545454546 4.545454545454546 4.545454545454546 4.0 4.0 4.0 4.0 4.0 4.0 4.0 4.0 4.0 4.0 4.0 4.0 4.0 4.0 4.0 4.0 4.0 4.0 4.0 4.0 4.0 4.545454545454546 4.545454545454546 4.545454545454546 4.545454545454546 4.545454545454546 4.545454545454546 4.761904761904762 4.761904761904762 4.761904761904762 4.0 4.0 4.0 
25 2.0 2.0 2.0 2.0 2.0 2.0 2.0 2.0 2.0 2.0 2.0 2.0 2.380952380952381 2.380952380952381 2.380952380952381 2.0 2.0 2.0 2.272727272727273 2.272727272727273 2.272727272727273 2.0 2.0 2.0 2.0 2.0 2.0 2.0 2.0 2.0 2.0 2.0 2.0 2.0 2.0 2.0 2.0 2.0 2.0 2.0 2.0 2.0 2.272727272727273 2.272727272727273 2.272727272727273 2.272727272727273 2.272727272727273 2.272727272727273 2.380952380952381 2.380952380952381 2.380952380952381 2.0 2.0 2.0 
26 8.0 8.0 8.0 8.0 8.0 8.0 8.0 8.0 8.0 8.0 8.0 8.0 9.523809523809524 9.523809523809524 9.523809523809524 8.0 8.0 8.0 9.090909090909092 9.090909090909092 9.090909090909092 8.0 8.0 8.0 8.0 8.0 8.0 8.0 8.0 8.0 8.0 8.0 8.0 8.0 8.0 8.0 8.0 8.0 8.0 8.0 8.0 8.0 9.090909090909092 9.090909090909092 9.090909090909092 9.090909090909092 9.090909090909092 9.090909090909092 9.523809523809524 9.523809523809524 9.523809523809524 8.0 8.0 8.0 
27 16.0 16.0 16.0 16.0 16.0 16.0 16.0 16.0 16.0 16.0 16.0 16.0 19.047619047619047 19.047619047619047 19.047619047619047 16.0 16.0 16.0 18.181818181818183 18.181818181818183 18.181818181818183 16.0 16.0 16.0 16.0 16.0 16.0 16.0 16.0 16.0 16.0 16.0 16.0 16.0 16.0 16.0 16.0 16.0 16.0 16.0 16.0 16.0 18.181818181818183 18.181818181818183 18.181818181818183 18.181818181818183 18.181818181818183 18.181818181818183 19.047619047619047 19.047619047619047 19.047619047619047 16.0 16.0 16.0 
28 16.0 16.0 16.0 16.0 16.0 16.0 16.0 16.0 16.0 16.0 16.0 16.0 19.047619047619047 19.047619047619047 19.047619047619047 16.0 16.0 16.0 18.181818181818183 18.181818181818183 18.181818181818183 16.0 16.0 16.0 16.0 16.0 16.0 16.0 16.0 16.0 16.0 16.0 16.0 16.0 16.0 16.0 16.0 16.0 16.0 16.0 16.0 16.0 18.181818181818183 18.181818181818183 18.181818181818183 18.181818181818183 18.181818181818183 18.181818181818183 19.047619047619047 19.047619047619047 19.047619047619047 16.0 16.0 16.0 
29 4.0 4.0 4.0 4.0 4.0 4.0 4.0 4.0 4.0 4.0 4.0 4.0 4.761904761904762 4.761904761904762 4.761904761904762 4.0 4.0 4.0 4.545454545454546 4.545454545454546 4.545454545454546 4.0 4.0 4.0 4.0 4.0 4.0 4.0 4.0 4.0 4.0 4.0 4.0 4.0 4.0 4.0 4.0 4.0 4.0 4.0 4.0 4.0 4.545454545454546 4.545454545454546 4.545454545454546 4.545454545454546 4.545454545454546 4.545454545454546 4.761904761904762 4.761904761904762 4.761904761904762 4.0 4.0 4.0 
30 1.0 1.0 1.0 1.0 1.0 1.0 1.0 1.0 1.0 1.0 1.0 1.0 1.1904761904761905 1.1904761904761905 1.1904761904761905 1.0 1.0 1.0 1.1363636363636365 1.1363636363636365 1.1363636363636365 1.0 1.0 1.0 1.0 1.0 1.0 1.0 1.0 1.0 1.0 1.0 1.0 1.0 1.0 1.0 1.0 1.0 1.0 1.0 1.0 1.0 1.1363636363636365 1.1363636363636365 1.1363636363636365 1.1363636363636365 1.1363636363636365 1.1363636363636365 1.1904761904761905 1.1904761904761905 1.1904761904761905 1.0 1.0 1.0 
31 4.0 4.0 4.0 4.0 4.0 4.0 4.0 4.0 4.0 4.0 4.0 4.0 4.761904761904762 4.761904761904762 4.761904761904762 4.0 4.0 4.0 4.545454545454546 4.545454545454546 4.545454545454546 4.0 4.0 4.0 4.0 4.0 4.0 4.0 4.0 4.0 4.0 4.0 4.0 4.0 4.0 4.0 4.0 4.0 4.0 4.0 4.0 4.0 4.545454545454546 4.545454545454546 4.545454545454546 4.545454545454546 4.545454545454546 4.545454545454546 4.761904761904762 4.761904761904762 4.761904761904762 4.0 4.0 4.0 
32 4.0 4.0 4.0 4.0 4.0 4.0 4.0 4.0 4.0 4.0 4.0 4.0 4.761904761904762 4.761904761904762 4.761904761904762 4.0 4.0 4.0 4.545454545454546 4.545454545454546 4.545454545454546 4.0 4.0 4.0 4.0 4.0 4.0 4.0 4.0 4.0 4.0 4.0 4.0 4.0 4.0 4.0 4.0 4.0 4.0 4.0 4.0 4.0 4.545454545454546 4.545454545454546 4.545454545454546 4.545454545454546 4.545454545454546 4.545454545454546 4.761904761904762 4.761904761904762 4.761904761904762 4.0 4.0 4.0 
33 4.0 4.0 4.0 4.0 4.0 4.0 4.0 4.0 4.0 4.0 4.0 4.0 4.761904761904762 4.761904761904762 4.761904761904762 4.0 4.0 4.0 4.545454545454546 4.545454545454546 4.545454545454546 4.0 4.0 4.0 4.0 4.0 4.0 4.0 4.0 4.0 4.0 4.0 4.0 4.0 4.0 4.0 4.0 4.0 4.0 4.0 4.0 4.0 4.545454545454546 4.545454545454546 4.545454545454546 4.545454545454546 4.545454545454546 4.545454545454546 4.761904761904762 4.761904761904762 4.761904761904762 4.0 4.0 4.0 
34 2.0 2.0 2.0 2.0 2.0 2.0 2.0 2.0 2.0 2.0 2.0 2.0 2.380952380952381 2.380952380952381 2.380952380952381 2.0 2.0 2.0 2.272727272727273 2.272727272727273 2.272727272727273 2.0 2.0 2.0 2.0 2.0 2.0 2.0 2.0 2.0 2.0 2.0 2.0 2.0 2.0 2.0 2.0 2.0 2.0 2.0 2.0 2.0 2.272727272727273 2.272727272727273 2.272727272727273 2.272727272727273 2.272727272727273 2.272727272727273 2.380952380952381 2.380952380952381 2.380952380952381 2.0 2.0 2.0 
72 4.0 4.0 4.0 4.0 4.0 4.0 4.0 4.0 4.0 4.0 4.0 4.0 4.761904761904762 4.761904761904762 4.761904761904762 4.0 4.0 4.0 4.545454545454546 4.545454545454546 4.545454545454546 4.0 4.0 4.0 4.0 4.0 4.0 4.0 4.0 4.0 4.0 4.0 4.0 4.0 4.0 4.0 4.0 4.0 4.0 4.0 4.0 4.0 4.545454545454546 4.545454545454546 4.545454545454546 4.545454545454546 4.545454545454546 4.545454545454546 4.761904761904762 4.761904761904762 4.761904761904762 4.0 4.0 4.0 
35 1.0 1.0 1.0 1.0 1.0 1.0 1.0 1.0 1.0 1.0 1.0 1.0 1.1904761904761905 1.1904761904761905 1.1904761904761905 1.0 1.0 1.0 1.1363636363636365 1.1363636363636365 1.1363636363636365 1.0 1.0 1.0 1.0 1.0 1.0 1.0 1.0 1.0 1.0 1.0 1.0 1.0 1.0 1.0 1.0 1.0 1.0 1.0 1.0 1.0 1.1363636363636365 1.1363636363636365 1.1363636363636365 1.1363636363636365 1.1363636363636365 1.1363636363636365 1.1904761904761905 1.1904761904761905 1.1904761904761905 1.0 1.0 1.0 
36 1.0 1.0 1.0 1.0 1.0 1.0 1.0 1.0 1.0 1.0 1.0 1.0 1.1904761904761905 1.1904761904761905 1.1904761904761905 1.0 1.0 1.0 1.1363636363636365 1.1363636363636365 1.1363636363636365 1.0 1.0 1.0 1.0 1.0 1.0 1.0 1.0 1.0 1.0 1.0 1.0 1.0 1.0 1.0 1.0 1.0 1.0 1.0 1.0 1.0 1.1363636363636365 1.1363636363636365 1.1363636363636365 1.1363636363636365 1.1363636363636365 1.1363636363636365 1.1904761904761905 1.1904761904761905 1.1904761904761905 1.0 1.0 1.0 
37 16.0 16.0 16.0 16.0 16.0 16.0 16.0 16.0 16.0 16.0 16.0 16.0 19.047619047619047 19.047619047619047 19.047619047619047 16.0 16.0 16.0 18.181818181818183 18.181818181818183 18.181818181818183 16.0 16.0 16.0 16.0 16.0 16.0 16.0 16.0 16.0 16.0 16.0 16.0 16.0 16.0 16.0 16.0 16.0 16.0 16.0 16.0 16.0 18.181818181818183 18.181818181818183 18.181818181818183 18.181818181818183 18.181818181818183 18.181818181818183 19.047619047619047 19.047619047619047 19.047619047619047 16.0 16.0 16.0 
38 8.0 8.0 8.0 8.0 8.0 8.0 8.0 8.0 8.0 8.0 8.0 8.0 9.523809523809524 9.523809523809524 9.523809523809524 8.0 8.0 8.0 9.090909090909092 9.090909090909092 9.090909090909092 8.0 8.0 8.0 8.0 8.0 8.0 8.0 8.0 8.0 8.0 8.0 8.0 8.0 8.0 8.0 8.0 8.0 8.0 8.0 8.0 8.0 9.090909090909092 9.090909090909092 9.090909090909092 9.090909090909092 9.090909090909092 9.090909090909092 9.523809523809524 9.523809523809524 9.523809523809524 8.0 8.0 8.0 
59 16.0 16.0 16.0 16.0 16.0 16.0 16.0 16.0 16.0 16.0 16.0 16.0 19.047619047619047 19.047619047619047 19.047619047619047 16.0 16.0 16.0 18.181818181818183 18.181818181818183 18.181818181818183 16.0 16.0 16.0 16.0 16.0 16.0 16.0 16.0 16.0 16.0 16.0 16.0 16.0 16.0 16.0 16.0 16.0 16.0 16.0 16.0 16.0 18.181818181818183 18.181818181818183 18.181818181818183 18.181818181818183 18.181818181818183 18.181818181818183 19.047619047619047 19.047619047619047 19.047619047619047 16.0 16.0 16.0 
60 1.0 1.0 1.0 1.0 1.0 1.0 1.0 1.0 1.0 1.0 1.0 1.0 1.1904761904761905 1.1904761904761905 1.1904761904761905 1.0 1.0 1.0 1.1363636363636365 1.1363636363636365 1.1363636363636365 1.0 1.0 1.0 1.0 1.0 1.0 1.0 1.0 1.0 1.0 1.0 1.0 1.0 1.0 1.0 1.0 1.0 1.0 1.0 1.0 1.0 1.1363636363636365 1.1363636363636365 1.1363636363636365 1.1363636363636365 1.1363636363636365 1.1363636363636365 1.1904761904761905 1.1904761904761905 1.1904761904761905 1.0 1.0 1.0 
39 8.0 8.0 8.0 8.0 8.0 8.0 8.0 8.0 8.0 8.0 8.0 8.0 9.523809523809524 9.523809523809524 9.523809523809524 8.0 8.0 8.0 9.090909090909092 9.090909090909092 9.090909090909092 8.0 8.0 8.0 8.0 8.0 8.0 8.0 8.0 8.0 8.0 8.0 8.0 8.0 8.0 8.0 8.0 8.0 8.0 8.0 8.0 8.0 9.090909090909092 9.090909090909092 9.090909090909092 9.090909090909092 9.090909090909092 9.090909090909092 9.523809523809524 9.523809523809524 9.523809523809524 8.0 8.0 8.0 
40 8.0 8.0 8.0 8.0 8.0 8.0 8.0 8.0 8.0 8.0 8.0 8.0 9.523809523809524 9.523809523809524 9.523809523809524 8.0 8.0 8.0 9.090909090909092 9.090909090909092 9.090909090909092 8.0 8.0 8.0 8.0 8.0 8.0 8.0 8.0 8.0 8.0 8.0 8.0 8.0 8.0 8.0 8.0 8.0 8.0 8.0 8.0 8.0 9.090909090909092 9.090909090909092 9.090909090909092 9.090909090909092 9.090909090909092 9.090909090909092 9.523809523809524 9.523809523809524 9.523809523809524 8.0 8.0 8.0 
41 8.0 8.0 8.0 8.0 8.0 8.0 8.0 8.0 8.0 8.0 8.0 8.0 9.523809523809524 9.523809523809524 9.523809523809524 8.0 8.0 8.0 9.090909090909092 9.090909090909092 9.090909090909092 8.0 8.0 8.0 8.0 8.0 8.0 8.0 8.0 8.0 8.0 8.0 8.0 8.0 8.0 8.0 8.0 8.0 8.0 8.0 8.0 8.0 9.090909090909092 9.090909090909092 9.090909090909092 9.090909090909092 9.090909090909092 9.090909090909092 9.523809523809524 9.523809523809524 9.523809523809524 8.0 8.0 8.0 
42 8.0 8.0 8.0 8.0 8.0 8.0 8.0 8.0 8.0 8.0 8.0 8.0 9.523809523809524 9.523809523809524 9.523809523809524 8.0 8.0 8.0 9.090909090909092 9.090909090909092 9.090909090909092 8.0 8.0 8.0 8.0 8.0 8.0 8.0 8.0 8.0 8.0 8.0 8.0 8.0 8.0 8.0 8.0 8.0 8.0 8.0 8.0 8.0 9.090909090909092 9.090909090909092 9.090909090909092 9.090909090909092 9.090909090909092 9.090909090909092 9.523809523809524 9.523809523809524 9.523809523809524 8.0 8.0 8.0 
43 4.0 4.0 4.0 4.0 4.0 4.0 4.0 4.0 4.0 4.0 4.0 4.0 4.761904761904762 4.761904761904762 4.761904761904762 4.0 4.0 4.0 4.545454545454546 4.545454545454546 4.545454545454546 4.0 4.0 4.0 4.0 4.0 4.0 4.0 4.0 4.0 4.0 4.0 4.0 4.0 4.0 4.0 4.0 4.0 4.0 4.0 4.0 4.0 4.545454545454546 4.545454545454546 4.545454545454546 4.545454545454546 4.545454545454546 4.545454545454546 4.761904761904762 4.761904761904762 4.761904761904762 4.0 4.0 4.0 
44 4.0 4.0 4.0 4.0 4.0 4.0 4.0 4.0 4.0 4.0 4.0 4.0 4.761904761904762 4.761904761904762 4.761904761904762 4.0 4.0 4.0 4.545454545454546 4.545454545454546 4.545454545454546 4.0 4.0 4.0 4.0 4.0 4.0 4.0 4.0 4.0 4.0 4.0 4.0 4.0 4.0 4.0 4.0 4.0 4.0 4.0 4.0 4.0 4.545454545454546 4.545454545454546 4.545454545454546 4.545454545454546 4.545454545454546 4.545454545454546 4.761904761904762 4.761904761904762 4.761904761904762 4.0 4.0 4.0 
45 16.0 16.0 16.0 16.0 16.0 16.0 16.0 16.0 16.0 16.0 16.0 16.0 19.047619047619047 19.047619047619047 19.047619047619047 16.0 16.0 16.0 18.181818181818183 18.181818181818183 18.181818181818183 16.0 16.0 16.0 16.0 16.0 16.0 16.0 16.0 16.0 16.0 16.0 16.0 16.0 16.0 16.0 16.0 16.0 16.0 16.0 16.0 16.0 18.181818181818183 18.181818181818183 18.181818181818183 18.181818181818183 18.181818181818183 18.181818181818183 19.047619047619047 19.047619047619047 19.047619047619047 16.0 16.0 16.0 
46 8.0 8.0 8.0 8.0 8.0 8.0 8.0 8.0 8.0 8.0 8.0 8.0 9.523809523809524 9.523809523809524 9.523809523809524 8.0 8.0 8.0 9.090909090909092 9.090909090909092 9.090909090909092 8.0 8.0 8.0 8.0 8.0 8.0 8.0 8.0 8.0 8.0 8.0 8.0 8.0 8.0 8.0 8.0 8.0 8.0 8.0 8.0 8.0 9.090909090909092 9.090909090909092 9.090909090909092 9.090909090909092 9.090909090909092 9.090909090909092 9.523809523809524 9.523809523809524 9.523809523809524 8.0 8.0 8.0 
47 1.0 1.0 1.0 1.0 1.0 1.0 1.0 1.0 1.0 1.0 1.0 1.0 1.1904761904761905 1.1904761904761905 1.1904761904761905 1.0 1.0 1.0 1.1363636363636365 1.1363636363636365 1.1363636363636365 1.0 1.0 1.0 1.0 1.0 1.0 1.0 1.0 1.0 1.0 1.0 1.0 1.0 1.0 1.0 1.0 1.0 1.0 1.0 1.0 1.0 1.1363636363636365 1.1363636363636365 1.1363636363636365 1.1363636363636365 1.1363636363636365 1.1363636363636365 1.1904761904761905 1.1904761904761905 1.1904761904761905 1.0 1.0 1.0 
48 8.0 8.0 8.0 8.0 8.0 8.0 8.0 8.0 8.0 8.0 8.0 8.0 9.523809523809524 9.523809523809524 9.523809523809524 8.0 8.0 8.0 9.090909090909092 9.090909090909092 9.090909090909092 8.0 8.0 8.0 8.0 8.0 8.0 8.0 8.0 8.0 8.0 8.0 8.0 8.0 8.0 8.0 8.0 8.0 8.0 8.0 8.0 8.0 9.090909090909092 9.090909090909092 9.090909090909092 9.090909090909092 9.090909090909092 9.090909090909092 9.523809523809524 9.523809523809524 9.523809523809524 8.0 8.0 8.0 
49 8.0 8.0 8.0 8.0 8.0 8.0 8.0 8.0 8.0 8.0 8.0 8.0 9.523809523809524 9.523809523809524 9.523809523809524 8.0 8.0 8.0 9.090909090909092 9.090909090909092 9.090909090909092 8.0 8.0 8.0 8.0 8.0 8.0 8.0 8.0 8.0 8.0 8.0 8.0 8.0 8.0 8.0 8.0 8.0 8.0 8.0 8.0 8.0 9.090909090909092 9.090909090909092 9.090909090909092 9.090909090909092 9.090909090909092 9.090909090909092 9.523809523809524 9.523809523809524 9.523809523809524 8.0 8.0 8.0 
50 8.0 8.0 8.0 8.0 8.0 8.0 8.0 8.0 8.0 8.0 8.0 8.0 9.523809523809524 9.523809523809524 9.523809523809524 8.0 8.0 8.0 9.090909090909092 9.090909090909092 9.090909090909092 8.0 8.0 8.0 8.0 8.0 8.0 8.0 8.0 8.0 8.0 8.0 8.0 8.0 8.0 8.0 8.0 8.0 8.0 8.0 8.0 8.0 9.090909090909092 9.090909090909092 9.090909090909092 9.090909090909092 9.090909090909092 9.090909090909092 9.523809523809524 9.523809523809524 9.523809523809524 8.0 8.0 8.0 
51 8.0 8.0 8.0 8.0 8.0 8.0 8.0 8.0 8.0 8.0 8.0 8.0 9.523809523809524 9.523809523809524 9.523809523809524 8.0 8.0 8.0 9.090909090909092 9.090909090909092 9.090909090909092 8.0 8.0 8.0 8.0 8.0 8.0 8.0 8.0 8.0 8.0 8.0 8.0 8.0 8.0 8.0 8.0 8.0 8.0 8.0 8.0 8.0 9.090909090909092 9.090909090909092 9.090909090909092 9.090909090909092 9.090909090909092 9.090909090909092 9.523809523809524 9.523809523809524 9.523809523809524 8.0 8.0 8.0 
52 16.0 16.0 16.0 16.0 16.0 16.0 16.0 16.0 16.0 16.0 16.0 16.0 19.047619047619047 19.047619047619047 19.047619047619047 16.0 16.0 16.0 18.181818181818183 18.181818181818183 18.181818181818183 16.0 16.0 16.0 16.0 16.0 16.0 16.0 16.0 16.0 16.0 16.0 16.0 16.0 16.0 16.0 16.0 16.0 16.0 16.0 16.0 16.0 18.181818181818183 18.181818181818183 18.181818181818183 18.181818181818183 18.181818181818183 18.181818181818183 19.047619047619047 19.047619047619047 19.047619047619047 16.0 16.0 16.0 
61 8.0 8.0 8.0 8.0 8.0 8.0 8.0 8.0 8.0 8.0 8.0 8.0 9.523809523809524 9.523809523809524 9.523809523809524 8.0 8.0 8.0 9.090909090909092 9.090909090909092 9.090909090909092 8.0 8.0 8.0 8.0 8.0 8.0 8.0 8.0 8.0 8.0 8.0 8.0 8.0 8.0 8.0 8.0 8.0 8.0 8.0 8.0 8.0 9.090909090909092 9.090909090909092 9.090909090909092 9.090909090909092 9.090909090909092 9.090909090909092 9.523809523809524 9.523809523809524 9.523809523809524 8.0 8.0 8.0 
62 16.0 16.0 16.0 16.0 16.0 16.0 16.0 16.0 16.0 16.0 16.0 16.0 19.047619047619047 19.047619047619047 19.047619047619047 16.0 16.0 16.0 18.181818181818183 18.181818181818183 18.181818181818183 16.0 16.0 16.0 16.0 16.0 16.0 16.0 16.0 16.0 16.0 16.0 16.0 16.0 16.0 16.0 16.0 16.0 16.0 16.0 16.0 16.0 18.181818181818183 18.181818181818183 18.181818181818183 18.181818181818183 18.181818181818183 18.181818181818183 19.047619047619047 19.047619047619047 19.047619047619047 16.0 16.0 16.0 
63 8.0 8.0 8.0 8.0 8.0 8.0 8.0 8.0 8.0 8.0 8.0 8.0 9.523809523809524 9.523809523809524 9.523809523809524 8.0 8.0 8.0 9.090909090909092 9.090909090909092 9.090909090909092 8.0 8.0 8.0 8.0 8.0 8.0 8.0 8.0 8.0 8.0 8.0 8.0 8.0 8.0 8.0 8.0 8.0 8.0 8.0 8.0 8.0 9.090909090909092 9.090909090909092 9.090909090909092 9.090909090909092 9.090909090909092 9.090909090909092 9.523809523809524 9.523809523809524 9.523809523809524 8.0 8.0 8.0 
64 8.0 8.0 8.0 8.0 8.0 8.0 8.0 8.0 8.0 8.0 8.0 8.0 9.523809523809524 9.523809523809524 9.523809523809524 8.0 8.0 8.0 9.090909090909092 9.090909090909092 9.090909090909092 8.0 8.0 8.0 8.0 8.0 8.0 8.0 8.0 8.0 8.0 8.0 8.0 8.0 8.0 8.0 8.0 8.0 8.0 8.0 8.0 8.0 9.090909090909092 9.090909090909092 9.090909090909092 9.090909090909092 9.090909090909092 9.090909090909092 9.523809523809524 9.523809523809524 9.523809523809524 8.0 8.0 8.0 
65 8.0 8.0 8.0 8.0 8.0 8.0 8.0 8.0 8.0 8.0 8.0 8.0 9.523809523809524 9.523809523809524 9.523809523809524 8.0 8.0 8.0 9.090909090909092 9.090909090909092 9.090909090909092 8.0 8.0 8.0 8.0 8.0 8.0 8.0 8.0 8.0 8.0 8.0 8.0 8.0 8.0 8.0 8.0 8.0 8.0 8.0 8.0 8.0 9.090909090909092 9.090909090909092 9.090909090909092 9.090909090909092 9.090909090909092 9.090909090909092 9.523809523809524 9.523809523809524 9.523809523809524 8.0 8.0 8.0 
66 16.0 16.0 16.0 16.0 16.0 16.0 16.0 16.0 16.0 16.0 16.0 16.0 19.047619047619047 19.047619047619047 19.047619047619047 16.0 16.0 16.0 18.181818181818183 18.181818181818183 18.181818181818183 16.0 16.0 16.0 16.0 16.0 16.0 16.0 16.0 16.0 16.0 16.0 16.0 16.0 16.0 16.0 16.0 16.0 16.0 16.0 16.0 16.0 18.181818181818183 18.181818181818183 18.181818181818183 18.181818181818183 18.181818181818183 18.181818181818183 19.047619047619047 19.047619047619047 19.047619047619047 16.0 16.0 16.0 
67 8.0 8.0 8.0 8.0 8.0 8.0 8.0 8.0 8.0 8.0 8.0 8.0 9.523809523809524 9.523809523809524 9.523809523809524 8.0 8.0 8.0 9.090909090909092 9.090909090909092 9.090909090909092 8.0 8.0 8.0 8.0 8.0 8.0 8.0 8.0 8.0 8.0 8.0 8.0 8.0 8.0 8.0 8.0 8.0 8.0 8.0 8.0 8.0 9.090909090909092 9.090909090909092 9.090909090909092 9.090909090909092 9.090909090909092 9.090909090909092 9.523809523809524 9.523809523809524 9.523809523809524 8.0 8.0 8.0 
68 8.0 8.0 8.0 8.0 8.0 8.0 8.0 8.0 8.0 8.0 8.0 8.0 9.523809523809524 9.523809523809524 9.523809523809524 8.0 8.0 8.0 9.090909090909092 9.090909090909092 9.090909090909092 8.0 8.0 8.0 8.0 8.0 8.0 8.0 8.0 8.0 8.0 8.0 8.0 8.0 8.0 8.0 8.0 8.0 8.0 8.0 8.0 8.0 9.090909090909092 9.090909090909092 9.090909090909092 9.090909090909092 9.090909090909092 9.090909090909092 9.523809523809524 9.523809523809524 9.523809523809524 8.0 8.0 8.0 
69 16.0 16.0 16.0 16.0 16.0 16.0 16.0 16.0 16.0 16.0 16.0 16.0 19.047619047619047 19.047619047619047 19.047619047619047 16.0 16.0 16.0 18.181818181818183 18.181818181818183 18.181818181818183 16.0 16.0 16.0 16.0 16.0 16.0 16.0 16.0 16.0 16.0 16.0 16.0 16.0 16.0 16.0 16.0 16.0 16.0 16.0 16.0 16.0 18.181818181818183 18.181818181818183 18.181818181818183 18.181818181818183 18.181818181818183 18.181818181818183 19.047619047619047 19.047619047619047 19.047619047619047 16.0 16.0 16.0 
70 8.0 8.0 8.0 8.0 8.0 8.0 8.0 8.0 8.0 8.0 8.0 8.0 9.523809523809524 9.523809523809524 9.523809523809524 8.0 8.0 8.0 9.090909090909092 9.090909090909092 9.090909090909092 8.0 8.0 8.0 8.0 8.0 8.0 8.0 8.0 8.0 8.0 8.0 8.0 8.0 8.0 8.0 8.0 8.0 8.0 8.0 8.0 8.0 9.090909090909092 9.090909090909092 9.090909090909092 9.090909090909092 9.090909090909092 9.090909090909092 9.523809523809524 9.523809523809524 9.523809523809524 8.0 8.0 8.0 
71 8.0 8.0 8.0 8.0 8.0 8.0 8.0 8.0 8.0 8.0 8.0 8.0 9.523809523809524 9.523809523809524 9.523809523809524 8.0 8.0 8.0 9.090909090909092 9.090909090909092 9.090909090909092 8.0 8.0 8.0 8.0 8.0 8.0 8.0 8.0 8.0 8.0 8.0 8.0 8.0 8.0 8.0 8.0 8.0 8.0 8.0 8.0 8.0 9.090909090909092 9.090909090909092 9.090909090909092 9.090909090909092 9.090909090909092 9.090909090909092 9.523809523809524 9.523809523809524 9.523809523809524 8.0 8.0 8.0 
53 1.0 1.0 1.0 1.0 1.0 1.0 1.0 1.0 1.0 1.0 1.0 1.0 1.1904761904761905 1.1904761904761905 1.1904761904761905 1.0 1.0 1.0 1.1363636363636365 1.1363636363636365 1.1363636363636365 1.0 1.0 1.0 1.0 1.0 1.0 1.0 1.0 1.0 1.0 1.0 1.0 1.0 1.0 1.0 1.0 1.0 1.0 1.0 1.0 1.0 1.1363636363636365 1.1363636363636365 1.1363636363636365 1.1363636363636365 1.1363636363636365 1.1363636363636365 1.1904761904761905 1.1904761904761905 1.1904761904761905 1.0 1.0 1.0 
54 1.0 1.0 1.0 1.0 1.0 1.0 1.0 1.0 1.0 1.0 1.0 1.0 1.1904761904761905 1.1904761904761905 1.1904761904761905 1.0 1.0 1.0 1.1363636363636365 1.1363636363636365 1.1363636363636365 1.0 1.0 1.0 1.0 1.0 1.0 1.0 1.0 1.0 1.0 1.0 1.0 1.0 1.0 1.0 1.0 1.0 1.0 1.0 1.0 1.0 1.1363636363636365 1.1363636363636365 1.1363636363636365 1.1363636363636365 1.1363636363636365 1.1363636363636365 1.1904761904761905 1.1904761904761905 1.1904761904761905 1.0 1.0 1.0 
55 1.0 1.0 1.0 1.0 1.0 1.0 1.0 1.0 1.0 1.0 1.0 1.0 1.1904761904761905 1.1904761904761905 1.1904761904761905 1.0 1.0 1.0 1.1363636363636365 1.1363636363636365 1.1363636363636365 1.0 1.0 1.0 1.0 1.0 1.0 1.0 1.0 1.0 1.0 1.0 1.0 1.0 1.0 1.0 1.0 1.0 1.0 1.0 1.0 1.0 1.1363636363636365 1.1363636363636365 1.1363636363636365 1.1363636363636365 1.1363636363636365 1.1363636363636365 1.1904761904761905 1.1904761904761905 1.1904761904761905 1.0 1.0 1.0 
56 1.0 1.0 1.0 1.0 1.0 1.0 1.0 1.0 1.0 1.0 1.0 1.0 1.1904761904761905 1.1904761904761905 1.1904761904761905 1.0 1.0 1.0 1.1363636363636365 1.1363636363636365 1.1363636363636365 1.0 1.0 1.0 1.0 1.0 1.0 1.0 1.0 1.0 1.0 1.0 1.0 1.0 1.0 1.0 1.0 1.0 1.0 1.0 1.0 1.0 1.1363636363636365 1.1363636363636365 1.1363636363636365 1.1363636363636365 1.1363636363636365 1.1363636363636365 1.1904761904761905 1.1904761904761905 1.1904761904761905 1.0 1.0 1.0 
57 2.0 2.0 2.0 2.0 2.0 2.0 2.0 2.0 2.0 2.0 2.0 2.0 2.380952380952381 2.380952380952381 2.380952380952381 2.0 2.0 2.0 2.272727272727273 2.272727272727273 2.272727272727273 2.0 2.0 2.0 2.0 2.0 2.0 2.0 2.0 2.0 2.0 2.0 2.0 2.0 2.0 2.0 2.0 2.0 2.0 2.0 2.0 2.0 2.272727272727273 2.272727272727273 2.272727272727273 2.272727272727273 2.272727272727273 2.272727272727273 2.380952380952381 2.380952380952381 2.380952380952381 2.0 2.0 2.0 
58 8.0 8.0 8.0 8.0 8.0 8.0 8.0 8.0 8.0 8.0 8.0 8.0 9.523809523809524 9.523809523809524 9.523809523809524 8.0 8.0 8.0 9.090909090909092 9.090909090909092 9.090909090909092 8.0 8.0 8.0 8.0 8.0 8.0 8.0 8.0 8.0 8.0 8.0 8.0 8.0 8.0 8.0 8.0 8.0 8.0 8.0 8.0 8.0 9.090909090909092 9.090909090909092 9.090909090909092 9.090909090909092 9.090909090909092 9.090909090909092 9.523809523809524 9.523809523809524 9.523809523809524 8.0 8.0 8.0 
;
set c_0 := 0;
param d := 
[0,*,*] : 
0 1 2 3 := 
0 0 0.0019616 0 0 
1 2.079296 0 0.0019616 0 
2 0 0.01039648 0 0.0019616 
3 0 0 0.091489024 0 
[1,*,*] : 
0 4 5 6 7 8 9 10 11 12 13 14 := 
0 0 4.170666666666667E-4 4.170666666666667E-4 4.170666666666667E-4 4.170666666666667E-4 4.170666666666667E-4 4.170666666666667E-4 4.170666666666667E-4 4.170666666666667E-4 4.170666666666667E-4 0 0 
4 0.4420906666666667 0 0 0 0 0 0 0 0 0 4.170666666666667E-4 0 
5 0.4420906666666667 0 0 0 0 0 0 0 0 0 4.170666666666667E-4 0 
6 0.4420906666666667 0 0 0 0 0 0 0 0 0 4.170666666666667E-4 0 
7 0.4420906666666667 0 0 0 0 0 0 0 0 0 4.170666666666667E-4 0 
8 0.4420906666666667 0 0 0 0 0 0 0 0 0 4.170666666666667E-4 0 
9 0.4420906666666667 0 0 0 0 0 0 0 0 0 4.170666666666667E-4 0 
10 0.4420906666666667 0 0 0 0 0 0 0 0 0 4.170666666666667E-4 0 
11 0.4420906666666667 0 0 0 0 0 0 0 0 0 4.170666666666667E-4 0 
12 0.4420906666666667 0 0 0 0 0 0 0 0 0 4.170666666666667E-4 0 
13 0 0.0022104533333333334 0.0022104533333333334 0.0022104533333333334 0.0022104533333333334 0.0022104533333333334 0.0022104533333333334 0.0022104533333333334 0.0022104533333333334 0.0022104533333333334 0 0.0037536 
14 0 0 0 0 0 0 0 0 0 0 0.133290336 0 
[2,*,*] : 
0 15 16 17 18 19 := 
0 0 5.629333333333333E-4 5.629333333333333E-4 5.629333333333333E-4 0 0 
15 0.8524419047619048 0 0 0 5.629333333333333E-4 0 
16 0.8524419047619048 0 0 0 5.629333333333333E-4 0 
17 0.8524419047619048 0 0 0 5.629333333333333E-4 0 
18 0 0.044753200000000014 0.044753200000000014 0.044753200000000014 0 0.0016888 
19 0 0 0 0 1.0069470000000003 0 
[3,*,*] : 
0 20 21 22 23 24 25 26 := 
0 0 5.8448E-4 5.8448E-4 5.8448E-4 5.8448E-4 5.8448E-4 0 0 
20 0.6195488 0 0 0 0 0 5.8448E-4 0 
21 0.6195488 0 0 0 0 0 5.8448E-4 0 
22 0.6195488 0 0 0 0 0 5.8448E-4 0 
23 0.6195488 0 0 0 0 0 5.8448E-4 0 
24 0.6195488 0 0 0 0 0 5.8448E-4 0 
25 0 0.0030977440000000004 0.0030977440000000004 0.0030977440000000004 0.0030977440000000004 0.0030977440000000004 0 0.0029224 
26 0 0 0 0 0 0 0.030977440000000002 0 
[4,*,*] : 
0 27 28 29 30 := 
0 0 0.0017152 0.0017152 0 0 
27 1.8181120000000002 0 0 0.0017152 0 
28 1.8181120000000002 0 0 0.0017152 0 
29 0 0.009090560000000001 0.009090560000000001 0 0.0034304 
30 0 0 0 0.1818112 0 
[5,*,*] : 
0 31 32 33 34 72 := 
0 0 3.896E-4 3.896E-4 0 0 3.896E-4 
31 0.412976 0 0 3.896E-4 0 0 
32 0.412976 0 0 3.896E-4 0 0 
33 0 0.0020648800000000003 0.0020648800000000003 0 0.0011688 0.0020648800000000003 
34 0 0 0 0.011769816 0 0 
72 0.412976 0 0 3.896E-4 0 0 
[6,*,*] : 
0 35 36 37 38 59 60 := 
0 0 6.424E-4 6.424E-4 0 0 0 6.424E-4 
35 0.6809440000000001 0 0 3.212E-4 0 3.212E-4 0 
36 0.6809440000000001 0 0 3.212E-4 0 3.212E-4 0 
37 0 0.0017023600000000002 0.0017023600000000002 0 9.636E-4 0 0.0017023600000000002 
38 0 0 0 0.010214160000000002 0 0.010214160000000002 0 
59 0 0.0017023600000000002 0.0017023600000000002 0 9.636E-4 0 0.0017023600000000002 
60 0.6809440000000001 0 0 3.212E-4 0 3.212E-4 0 
[7,*,*] : 
0 39 40 41 42 43 44 := 
0 0 7.478E-4 7.478E-4 7.478E-4 7.478E-4 0 0 
39 0.7926679999999999 0 0 0 0 7.478E-4 0 
40 0.7926679999999999 0 0 0 0 7.478E-4 0 
41 0.7926679999999999 0 0 0 0 7.478E-4 0 
42 0.7926679999999999 0 0 0 0 7.478E-4 0 
43 0 0.00396334 0.00396334 0.00396334 0.00396334 0 0.0029912 
44 0 0 0 0 0 0.152192256 0 
[8,*,*] : 
0 45 46 47 := 
0 0 4.976E-4 0 0 
45 0.5274559999999999 0 4.976E-4 0 
46 0 0.0026372799999999997 0 4.976E-4 
47 0 0 0.016087407999999997 0 
[9,*,*] : 
0 48 49 50 51 52 61 62 63 64 65 66 67 68 69 70 71 := 
0 0 3.1297777777777777E-4 3.1297777777777777E-4 3.1297777777777777E-4 0 0 3.1297777777777777E-4 0 3.1297777777777777E-4 3.1297777777777777E-4 3.1297777777777777E-4 0 3.1297777777777777E-4 0 0 3.1297777777777777E-4 0 
48 0.33175644444444446 0 0 0 1.0432592592592593E-4 0 0 0 0 0 0 0 0 1.0432592592592593E-4 0 0 1.0432592592592593E-4 
49 0.33175644444444446 0 0 0 1.0432592592592593E-4 0 0 0 0 0 0 0 0 1.0432592592592593E-4 0 0 1.0432592592592593E-4 
50 0.33175644444444446 0 0 0 1.0432592592592593E-4 0 0 0 0 0 0 0 0 1.0432592592592593E-4 0 0 1.0432592592592593E-4 
51 0 5.529274074074074E-4 5.529274074074074E-4 5.529274074074074E-4 0 2.3473333333333334E-4 5.529274074074074E-4 2.3473333333333334E-4 5.529274074074074E-4 5.529274074074074E-4 5.529274074074074E-4 2.3473333333333334E-4 5.529274074074074E-4 0 2.3473333333333334E-4 5.529274074074074E-4 0 
52 0 0 0 0 0.009703876 0 0 0 0 0 0 0 0 0.009703876 0 0 0.009703876 
61 0.33175644444444446 0 0 0 1.0432592592592593E-4 0 0 0 0 0 0 0 0 1.0432592592592593E-4 0 0 1.0432592592592593E-4 
62 0 0 0 0 0.009703876 0 0 0 0 0 0 0 0 0.009703876 0 0 0.009703876 
63 0.33175644444444446 0 0 0 1.0432592592592593E-4 0 0 0 0 0 0 0 0 1.0432592592592593E-4 0 0 1.0432592592592593E-4 
64 0.33175644444444446 0 0 0 1.0432592592592593E-4 0 0 0 0 0 0 0 0 1.0432592592592593E-4 0 0 1.0432592592592593E-4 
65 0.33175644444444446 0 0 0 1.0432592592592593E-4 0 0 0 0 0 0 0 0 1.0432592592592593E-4 0 0 1.0432592592592593E-4 
66 0 0 0 0 0.009703876 0 0 0 0 0 0 0 0 0.009703876 0 0 0.009703876 
67 0.33175644444444446 0 0 0 1.0432592592592593E-4 0 0 0 0 0 0 0 0 1.0432592592592593E-4 0 0 1.0432592592592593E-4 
68 0 5.529274074074074E-4 5.529274074074074E-4 5.529274074074074E-4 0 2.3473333333333334E-4 5.529274074074074E-4 2.3473333333333334E-4 5.529274074074074E-4 5.529274074074074E-4 5.529274074074074E-4 2.3473333333333334E-4 5.529274074074074E-4 0 2.3473333333333334E-4 5.529274074074074E-4 0 
69 0 0 0 0 0.009703876 0 0 0 0 0 0 0 0 0.009703876 0 0 0.009703876 
70 0.33175644444444446 0 0 0 1.0432592592592593E-4 0 0 0 0 0 0 0 0 1.0432592592592593E-4 0 0 1.0432592592592593E-4 
71 0 5.529274074074074E-4 5.529274074074074E-4 5.529274074074074E-4 0 2.3473333333333334E-4 5.529274074074074E-4 2.3473333333333334E-4 5.529274074074074E-4 5.529274074074074E-4 5.529274074074074E-4 2.3473333333333334E-4 5.529274074074074E-4 0 2.3473333333333334E-4 5.529274074074074E-4 0 
[10,*,*] : 
0 53 54 55 56 57 58 := 
0 0 5.668E-4 5.668E-4 5.668E-4 5.668E-4 0 0 
53 0.600808 0 0 0 0 5.668E-4 0 
54 0.600808 0 0 0 0 5.668E-4 0 
55 0.600808 0 0 0 0 5.668E-4 0 
56 0.600808 0 0 0 0 5.668E-4 0 
57 0 0.00300404 0.00300404 0.00300404 0.00300404 0 0.0022672 
58 0 0 0 0 0 0.094927664 0 
;
param x_bar : 0 1 2 3 4 5 6 7 8 9 10 11 12 13 14 15 16 17 18 19 20 21 22 23 24 25 26 27 28 29 30 31 32 33 34 35 36 37 38 39 40 41 42 43 44 45 46 47 48 49 50 51 52 53  := 
0 0 0 0 0 0 0 0 0 0 0 0 0 0 0 0 0 0 0 0 0 0 0 0 0 0 0 0 0 0 0 0 0 0 0 0 0 0 0 0 0 0 0 0 0 0 0 0 0 0 0 0 0 0 0 
1 0 0 0 0 0 0 0 0 0 0 0 0 0 0 0 0 0 0 0 0 0 0 0 0 0 0 0 0 0 0 0 0 0 0 0 0 0 0 0 0 0 0 0 0 0 1 0 0 0 0 0 0 0 0 
2 0 0 0 0 0 0 0 0 0 0 0 0 0 0 0 0 0 0 0 0 0 0 0 0 0 0 0 0 0 0 0 0 0 0 0 0 0 0 0 0 0 0 0 0 0 1 0 0 0 0 0 0 0 0 
3 0 0 0 0 0 0 0 0 0 0 0 0 0 0 0 0 0 0 0 0 0 0 0 0 0 0 0 0 0 0 0 0 0 0 0 0 0 0 0 0 0 0 0 0 0 0 1 0 0 0 0 0 0 0 
4 0 0 0 0 0 0 0 0 0 0 0 0 0 0 0 0 0 0 0 0 0 0 0 0 0 0 0 0 0 0 1 0 0 0 0 0 0 0 0 0 0 0 0 0 0 0 0 0 0 0 0 0 0 0 
5 0 0 0 0 0 0 0 0 0 0 0 0 0 0 0 0 0 0 0 0 0 0 0 0 0 0 0 0 0 0 1 0 0 0 0 0 0 0 0 0 0 0 0 0 0 0 0 0 0 0 0 0 0 0 
6 0 0 0 0 0 0 0 0 0 0 0 0 0 0 0 0 0 0 0 0 0 0 0 0 0 0 0 0 0 0 1 0 0 0 0 0 0 0 0 0 0 0 0 0 0 0 0 0 0 0 0 0 0 0 
7 0 0 0 0 0 0 0 0 0 0 0 0 0 0 0 0 0 0 0 0 0 0 0 0 0 0 0 0 0 0 0 1 0 0 0 0 0 0 0 0 0 0 0 0 0 0 0 0 0 0 0 0 0 0 
8 0 0 0 0 0 0 0 0 0 0 0 0 0 0 0 0 0 0 0 0 0 0 0 0 0 0 0 0 0 0 0 1 0 0 0 0 0 0 0 0 0 0 0 0 0 0 0 0 0 0 0 0 0 0 
9 0 0 0 0 0 0 0 0 0 0 0 0 0 0 0 0 0 0 0 0 0 0 0 0 0 0 0 0 0 0 0 0 1 0 0 0 0 0 0 0 0 0 0 0 0 0 0 0 0 0 0 0 0 0 
10 0 0 0 0 0 0 0 0 0 0 0 0 0 0 0 0 0 0 0 0 0 0 0 0 0 0 0 0 0 0 0 0 1 0 0 0 0 0 0 0 0 0 0 0 0 0 0 0 0 0 0 0 0 0 
11 0 0 0 0 0 0 0 0 0 0 0 0 0 0 0 0 0 0 0 0 0 0 0 0 0 0 0 1 0 0 0 0 0 0 0 0 0 0 0 0 0 0 0 0 0 0 0 0 0 0 0 0 0 0 
12 0 0 0 0 0 0 0 0 0 0 0 0 0 0 0 0 0 0 0 0 0 0 0 0 0 0 0 1 0 0 0 0 0 0 0 0 0 0 0 0 0 0 0 0 0 0 0 0 0 0 0 0 0 0 
13 0 0 0 0 0 0 0 0 0 0 0 0 0 0 0 0 0 0 0 0 0 0 0 0 0 0 0 0 0 0 1 0 0 0 0 0 0 0 0 0 0 0 0 0 0 0 0 0 0 0 0 0 0 0 
14 0 0 0 0 0 0 0 0 0 0 0 0 0 0 0 0 0 0 0 0 0 0 0 0 0 0 0 0 0 0 1 0 0 0 0 0 0 0 0 0 0 0 0 0 0 0 0 0 0 0 0 0 0 0 
15 0 0 0 0 0 0 0 0 0 0 0 0 0 0 0 0 0 0 0 0 0 1 0 0 0 0 0 0 0 0 0 0 0 0 0 0 0 0 0 0 0 0 0 0 0 0 0 0 0 0 0 0 0 0 
16 0 0 0 0 0 0 0 0 0 0 0 0 0 0 0 0 0 0 0 0 0 1 0 0 0 0 0 0 0 0 0 0 0 0 0 0 0 0 0 0 0 0 0 0 0 0 0 0 0 0 0 0 0 0 
17 0 0 0 0 0 0 0 0 0 0 0 0 0 0 0 0 0 0 0 0 0 1 0 0 0 0 0 0 0 0 0 0 0 0 0 0 0 0 0 0 0 0 0 0 0 0 0 0 0 0 0 0 0 0 
18 0 0 0 0 0 0 0 0 0 0 0 0 0 0 0 0 0 0 0 0 0 1 0 0 0 0 0 0 0 0 0 0 0 0 0 0 0 0 0 0 0 0 0 0 0 0 0 0 0 0 0 0 0 0 
19 0 0 0 0 0 0 0 0 0 0 0 0 0 0 0 0 0 0 0 0 0 1 0 0 0 0 0 0 0 0 0 0 0 0 0 0 0 0 0 0 0 0 0 0 0 0 0 0 0 0 0 0 0 0 
20 0 0 0 0 0 0 0 0 0 0 0 0 0 0 0 0 0 0 0 0 0 0 0 0 0 0 0 0 0 0 0 0 0 1 0 0 0 0 0 0 0 0 0 0 0 0 0 0 0 0 0 0 0 0 
21 0 0 0 0 0 0 0 0 0 0 0 0 0 0 0 0 0 0 0 0 0 0 0 0 0 0 0 0 0 0 0 0 0 0 1 0 0 0 0 0 0 0 0 0 0 0 0 0 0 0 0 0 0 0 
22 0 0 0 0 0 0 0 0 0 0 0 0 0 0 0 0 0 0 0 0 0 0 0 0 0 0 0 0 0 0 0 0 0 0 1 0 0 0 0 0 0 0 0 0 0 0 0 0 0 0 0 0 0 0 
23 0 0 0 0 0 0 0 0 0 0 0 0 0 0 0 0 0 0 0 0 0 0 0 0 0 0 0 0 0 0 0 0 0 0 0 1 0 0 0 0 0 0 0 0 0 0 0 0 0 0 0 0 0 0 
24 0 0 0 0 0 0 0 0 0 0 0 0 0 0 0 0 0 0 0 0 0 0 0 0 0 0 0 0 0 0 0 0 0 0 0 1 0 0 0 0 0 0 0 0 0 0 0 0 0 0 0 0 0 0 
25 0 0 0 0 0 0 0 0 0 0 0 0 0 0 0 0 0 0 0 0 0 0 0 0 0 0 0 0 0 0 0 0 0 1 0 0 0 0 0 0 0 0 0 0 0 0 0 0 0 0 0 0 0 0 
26 0 0 0 0 0 0 0 0 0 0 0 0 0 0 0 0 0 0 0 0 0 0 0 0 0 0 0 0 0 0 0 0 0 1 0 0 0 0 0 0 0 0 0 0 0 0 0 0 0 0 0 0 0 0 
27 0 0 0 0 0 0 0 0 0 0 0 0 1 0 0 0 0 0 0 0 0 0 0 0 0 0 0 0 0 0 0 0 0 0 0 0 0 0 0 0 0 0 0 0 0 0 0 0 0 0 0 0 0 0 
28 0 0 0 0 0 0 0 0 0 0 0 0 0 1 0 0 0 0 0 0 0 0 0 0 0 0 0 0 0 0 0 0 0 0 0 0 0 0 0 0 0 0 0 0 0 0 0 0 0 0 0 0 0 0 
29 0 0 0 0 0 0 0 0 0 0 0 0 0 0 1 0 0 0 0 0 0 0 0 0 0 0 0 0 0 0 0 0 0 0 0 0 0 0 0 0 0 0 0 0 0 0 0 0 0 0 0 0 0 0 
30 0 0 0 0 0 0 0 0 0 0 0 0 0 0 1 0 0 0 0 0 0 0 0 0 0 0 0 0 0 0 0 0 0 0 0 0 0 0 0 0 0 0 0 0 0 0 0 0 0 0 0 0 0 0 
31 0 0 0 0 0 0 0 0 0 0 0 0 0 0 0 0 0 0 0 0 0 0 0 0 0 0 0 0 0 0 0 1 0 0 0 0 0 0 0 0 0 0 0 0 0 0 0 0 0 0 0 0 0 0 
32 0 0 0 0 0 0 0 0 0 0 0 0 0 0 0 0 0 0 0 0 0 0 0 0 0 0 0 0 0 0 0 0 1 0 0 0 0 0 0 0 0 0 0 0 0 0 0 0 0 0 0 0 0 0 
33 0 0 0 0 0 0 0 0 0 0 0 0 0 0 0 0 0 0 0 0 0 0 0 0 0 0 0 0 0 0 0 1 0 0 0 0 0 0 0 0 0 0 0 0 0 0 0 0 0 0 0 0 0 0 
34 0 0 0 0 0 0 0 0 0 0 0 0 0 0 0 0 0 0 0 0 0 0 0 0 0 0 0 0 0 0 0 0 1 0 0 0 0 0 0 0 0 0 0 0 0 0 0 0 0 0 0 0 0 0 
35 0 0 0 0 0 0 0 0 0 0 0 0 0 0 0 0 0 0 0 0 0 0 0 0 0 0 0 0 0 0 0 0 0 0 0 0 1 0 0 0 0 0 0 0 0 0 0 0 0 0 0 0 0 0 
36 0 0 0 0 0 0 0 0 0 0 0 0 0 0 0 0 0 0 0 0 0 0 0 0 0 0 0 0 0 0 0 0 0 0 0 0 1 0 0 0 0 0 0 0 0 0 0 0 0 0 0 0 0 0 
37 0 0 0 0 0 0 0 0 0 0 0 0 0 0 0 0 0 0 0 0 0 1 0 0 0 0 0 0 0 0 0 0 0 0 0 0 0 0 0 0 0 0 0 0 0 0 0 0 0 0 0 0 0 0 
38 0 0 0 0 0 0 0 0 0 0 0 0 0 0 0 0 0 0 0 0 0 0 1 0 0 0 0 0 0 0 0 0 0 0 0 0 0 0 0 0 0 0 0 0 0 0 0 0 0 0 0 0 0 0 
39 0 0 0 0 0 0 0 0 0 0 0 0 0 0 0 0 0 0 0 0 0 0 1 0 0 0 0 0 0 0 0 0 0 0 0 0 0 0 0 0 0 0 0 0 0 0 0 0 0 0 0 0 0 0 
40 0 0 0 0 0 0 0 0 0 0 0 0 0 0 0 0 0 0 0 0 0 0 0 1 0 0 0 0 0 0 0 0 0 0 0 0 0 0 0 0 0 0 0 0 0 0 0 0 0 0 0 0 0 0 
41 0 0 0 0 0 0 0 0 0 0 0 0 0 0 0 0 0 0 0 0 0 0 0 0 0 0 0 1 0 0 0 0 0 0 0 0 0 0 0 0 0 0 0 0 0 0 0 0 0 0 0 0 0 0 
42 0 0 0 0 0 0 0 0 0 0 0 0 0 0 0 0 0 0 0 0 0 0 0 0 0 0 0 0 1 0 0 0 0 0 0 0 0 0 0 0 0 0 0 0 0 0 0 0 0 0 0 0 0 0 
43 0 0 0 0 0 0 0 0 0 0 0 0 0 0 0 0 0 0 0 0 0 0 1 0 0 0 0 0 0 0 0 0 0 0 0 0 0 0 0 0 0 0 0 0 0 0 0 0 0 0 0 0 0 0 
44 0 0 0 0 0 0 0 0 0 0 0 0 0 0 0 0 0 0 0 0 0 0 0 1 0 0 0 0 0 0 0 0 0 0 0 0 0 0 0 0 0 0 0 0 0 0 0 0 0 0 0 0 0 0 
45 0 0 0 0 0 0 0 0 0 0 0 0 0 0 0 0 0 0 0 0 0 0 0 0 0 0 0 0 1 0 0 0 0 0 0 0 0 0 0 0 0 0 0 0 0 0 0 0 0 0 0 0 0 0 
46 0 0 0 0 0 0 0 0 0 0 0 0 0 0 0 0 0 0 0 0 0 0 0 0 0 0 0 0 0 1 0 0 0 0 0 0 0 0 0 0 0 0 0 0 0 0 0 0 0 0 0 0 0 0 
47 0 0 0 0 0 0 0 0 0 0 0 0 0 0 0 0 0 0 0 0 0 0 0 0 0 0 0 1 0 0 0 0 0 0 0 0 0 0 0 0 0 0 0 0 0 0 0 0 0 0 0 0 0 0 
48 0 0 0 0 0 0 0 0 0 1 0 0 0 0 0 0 0 0 0 0 0 0 0 0 0 0 0 0 0 0 0 0 0 0 0 0 0 0 0 0 0 0 0 0 0 0 0 0 0 0 0 0 0 0 
49 0 0 0 0 0 0 0 0 0 0 1 0 0 0 0 0 0 0 0 0 0 0 0 0 0 0 0 0 0 0 0 0 0 0 0 0 0 0 0 0 0 0 0 0 0 0 0 0 0 0 0 0 0 0 
50 0 0 0 0 0 0 0 0 0 0 0 1 0 0 0 0 0 0 0 0 0 0 0 0 0 0 0 0 0 0 0 0 0 0 0 0 0 0 0 0 0 0 0 0 0 0 0 0 0 0 0 0 0 0 
51 0 0 0 0 0 0 0 0 0 1 0 0 0 0 0 0 0 0 0 0 0 0 0 0 0 0 0 0 0 0 0 0 0 0 0 0 0 0 0 0 0 0 0 0 0 0 0 0 0 0 0 0 0 0 
52 0 0 0 0 0 0 0 0 0 0 1 0 0 0 0 0 0 0 0 0 0 0 0 0 0 0 0 0 0 0 0 0 0 0 0 0 0 0 0 0 0 0 0 0 0 0 0 0 0 0 0 0 0 0 
;
