data;
set C_bar :=  ;
set C :=  1 2 3 4 5 6 34 35 7 8 9 10 11 12 13 14 15 16 17 18 19 20 21 22 23 24 25 26 27 28 29 30 31 32 33 36 37 38 39 40 ;
set R := 0 1 2 3 4 ;
set C_r[0] :=  
1 2 3 4 5 6 34 35 ;
set C_r[1] :=  
7 8 9 10 ;
set C_r[2] :=  
11 12 13 14 15 16 17 18 19 20 21 22 23 24 ;
set C_r[3] :=  
25 26 27 28 ;
set C_r[4] :=  
29 30 31 32 33 36 37 38 39 40 ;
set S :=  0 1 2 3 4 5 6 7 8 9 10 11 12 13 14 15 ;
set S_u :=  0 1 2 3 4 5 6 7 8 9 10 11 12 13 14 15 ;
set Rack :=  0 1 2 3 4 5 6 7 ;
param COST : 0 1 2 3 4 5 6 7 8 9 10 11 12 13 14 15 :=
0 0 1 3 3 5 5 5 5 5 5 5 5 5 5 5 5 
1 1 0 3 3 5 5 5 5 5 5 5 5 5 5 5 5 
2 3 3 0 1 5 5 5 5 5 5 5 5 5 5 5 5 
3 3 3 1 0 5 5 5 5 5 5 5 5 5 5 5 5 
4 5 5 5 5 0 1 3 3 5 5 5 5 5 5 5 5 
5 5 5 5 5 1 0 3 3 5 5 5 5 5 5 5 5 
6 5 5 5 5 3 3 0 1 5 5 5 5 5 5 5 5 
7 5 5 5 5 3 3 1 0 5 5 5 5 5 5 5 5 
8 5 5 5 5 5 5 5 5 0 1 3 3 5 5 5 5 
9 5 5 5 5 5 5 5 5 1 0 3 3 5 5 5 5 
10 5 5 5 5 5 5 5 5 3 3 0 1 5 5 5 5 
11 5 5 5 5 5 5 5 5 3 3 1 0 5 5 5 5 
12 5 5 5 5 5 5 5 5 5 5 5 5 0 1 3 3 
13 5 5 5 5 5 5 5 5 5 5 5 5 1 0 3 3 
14 5 5 5 5 5 5 5 5 5 5 5 5 3 3 0 1 
15 5 5 5 5 5 5 5 5 5 5 5 5 3 3 1 0 
;
set S_rack[0] :=  
0 1 ;
set S_rack[1] :=  
2 3 ;
set S_rack[2] :=  
4 5 ;
set S_rack[3] :=  
6 7 ;
set S_rack[4] :=  
8 9 ;
set S_rack[5] :=  
10 11 ;
set S_rack[6] :=  
12 13 ;
set S_rack[7] :=  
14 15 ;
param CPU := 
0 28.0
1 28.0
2 56.0
3 56.0
4 56.0
5 56.0
6 56.0
7 56.0
8 44.0
9 44.0
10 28.0
11 28.0
12 56.0
13 56.0
14 28.0
15 28.0
;
param MEM := 
0 192.0
1 192.0
2 192.0
3 192.0
4 192.0
5 192.0
6 192.0
7 192.0
8 128.0
9 128.0
10 48.0
11 48.0
12 192.0
13 192.0
14 48.0
15 48.0
;
param DISK := 
0 384.0
1 384.0
2 384.0
3 384.0
4 384.0
5 384.0
6 384.0
7 384.0
8 256.0
9 256.0
10 96.0
11 96.0
12 384.0
13 384.0
14 96.0
15 96.0
;
param BDW_out := 
0 10.0
1 10.0
2 10.0
3 10.0
4 10.0
5 10.0
6 10.0
7 10.0
8 10.0
9 10.0
10 10.0
11 10.0
12 10.0
13 10.0
14 10.0
15 10.0
;
param BDW_in := 
0 10.0
1 10.0
2 10.0
3 10.0
4 10.0
5 10.0
6 10.0
7 10.0
8 10.0
9 10.0
10 10.0
11 10.0
12 10.0
13 10.0
14 10.0
15 10.0
;
param mem := 
1 4.0
2 4.0
3 4.0
4 4.0
5 16.0
6 16.0
34 16.0
35 4.0
7 8.0
8 8.0
9 4.0
10 32.0
11 16.0
12 16.0
13 16.0
14 16.0
15 16.0
16 16.0
17 16.0
18 16.0
19 16.0
20 16.0
21 16.0
22 16.0
23 1.0
24 16.0
25 32.0
26 32.0
27 32.0
28 16.0
29 1.0
30 1.0
31 8.0
32 8.0
33 2.0
36 1.0
37 2.0
38 8.0
39 1.0
40 2.0
;
param disk := 
1 16.0
2 16.0
3 16.0
4 16.0
5 36.0
6 36.0
34 36.0
35 16.0
7 24.0
8 24.0
9 16.0
10 43.2
11 36.0
12 36.0
13 36.0
14 36.0
15 36.0
16 36.0
17 36.0
18 36.0
19 36.0
20 36.0
21 36.0
22 36.0
23 4.0
24 36.0
25 50.0
26 50.0
27 50.0
28 36.0
29 4.0
30 4.0
31 24.0
32 24.0
33 8.0
36 4.0
37 8.0
38 24.0
39 4.0
40 8.0
;
param cpu : 
0 1 2 3 4 5 6 7 8 9 10 11 12 13 14 15 := 
1 2.0 2.0 2.0 2.0 2.0 2.0 2.0 2.0 2.272727272727273 2.272727272727273 2.0 2.0 2.0 2.0 2.0 2.0 
2 2.0 2.0 2.0 2.0 2.0 2.0 2.0 2.0 2.272727272727273 2.272727272727273 2.0 2.0 2.0 2.0 2.0 2.0 
3 2.0 2.0 2.0 2.0 2.0 2.0 2.0 2.0 2.272727272727273 2.272727272727273 2.0 2.0 2.0 2.0 2.0 2.0 
4 2.0 2.0 2.0 2.0 2.0 2.0 2.0 2.0 2.272727272727273 2.272727272727273 2.0 2.0 2.0 2.0 2.0 2.0 
5 4.0 4.0 4.0 4.0 4.0 4.0 4.0 4.0 4.545454545454546 4.545454545454546 4.0 4.0 4.0 4.0 4.0 4.0 
6 4.0 4.0 4.0 4.0 4.0 4.0 4.0 4.0 4.545454545454546 4.545454545454546 4.0 4.0 4.0 4.0 4.0 4.0 
34 4.0 4.0 4.0 4.0 4.0 4.0 4.0 4.0 4.545454545454546 4.545454545454546 4.0 4.0 4.0 4.0 4.0 4.0 
35 2.0 2.0 2.0 2.0 2.0 2.0 2.0 2.0 2.272727272727273 2.272727272727273 2.0 2.0 2.0 2.0 2.0 2.0 
7 2.0 2.0 2.0 2.0 2.0 2.0 2.0 2.0 2.272727272727273 2.272727272727273 2.0 2.0 2.0 2.0 2.0 2.0 
8 2.0 2.0 2.0 2.0 2.0 2.0 2.0 2.0 2.272727272727273 2.272727272727273 2.0 2.0 2.0 2.0 2.0 2.0 
9 2.0 2.0 2.0 2.0 2.0 2.0 2.0 2.0 2.272727272727273 2.272727272727273 2.0 2.0 2.0 2.0 2.0 2.0 
10 8.0 8.0 8.0 8.0 8.0 8.0 8.0 8.0 9.090909090909092 9.090909090909092 8.0 8.0 8.0 8.0 8.0 8.0 
11 4.0 4.0 4.0 4.0 4.0 4.0 4.0 4.0 4.545454545454546 4.545454545454546 4.0 4.0 4.0 4.0 4.0 4.0 
12 4.0 4.0 4.0 4.0 4.0 4.0 4.0 4.0 4.545454545454546 4.545454545454546 4.0 4.0 4.0 4.0 4.0 4.0 
13 4.0 4.0 4.0 4.0 4.0 4.0 4.0 4.0 4.545454545454546 4.545454545454546 4.0 4.0 4.0 4.0 4.0 4.0 
14 4.0 4.0 4.0 4.0 4.0 4.0 4.0 4.0 4.545454545454546 4.545454545454546 4.0 4.0 4.0 4.0 4.0 4.0 
15 4.0 4.0 4.0 4.0 4.0 4.0 4.0 4.0 4.545454545454546 4.545454545454546 4.0 4.0 4.0 4.0 4.0 4.0 
16 4.0 4.0 4.0 4.0 4.0 4.0 4.0 4.0 4.545454545454546 4.545454545454546 4.0 4.0 4.0 4.0 4.0 4.0 
17 4.0 4.0 4.0 4.0 4.0 4.0 4.0 4.0 4.545454545454546 4.545454545454546 4.0 4.0 4.0 4.0 4.0 4.0 
18 4.0 4.0 4.0 4.0 4.0 4.0 4.0 4.0 4.545454545454546 4.545454545454546 4.0 4.0 4.0 4.0 4.0 4.0 
19 4.0 4.0 4.0 4.0 4.0 4.0 4.0 4.0 4.545454545454546 4.545454545454546 4.0 4.0 4.0 4.0 4.0 4.0 
20 4.0 4.0 4.0 4.0 4.0 4.0 4.0 4.0 4.545454545454546 4.545454545454546 4.0 4.0 4.0 4.0 4.0 4.0 
21 4.0 4.0 4.0 4.0 4.0 4.0 4.0 4.0 4.545454545454546 4.545454545454546 4.0 4.0 4.0 4.0 4.0 4.0 
22 4.0 4.0 4.0 4.0 4.0 4.0 4.0 4.0 4.545454545454546 4.545454545454546 4.0 4.0 4.0 4.0 4.0 4.0 
23 1.0 1.0 1.0 1.0 1.0 1.0 1.0 1.0 1.1363636363636365 1.1363636363636365 1.0 1.0 1.0 1.0 1.0 1.0 
24 4.0 4.0 4.0 4.0 4.0 4.0 4.0 4.0 4.545454545454546 4.545454545454546 4.0 4.0 4.0 4.0 4.0 4.0 
25 8.0 8.0 8.0 8.0 8.0 8.0 8.0 8.0 9.090909090909092 9.090909090909092 8.0 8.0 8.0 8.0 8.0 8.0 
26 8.0 8.0 8.0 8.0 8.0 8.0 8.0 8.0 9.090909090909092 9.090909090909092 8.0 8.0 8.0 8.0 8.0 8.0 
27 8.0 8.0 8.0 8.0 8.0 8.0 8.0 8.0 9.090909090909092 9.090909090909092 8.0 8.0 8.0 8.0 8.0 8.0 
28 4.0 4.0 4.0 4.0 4.0 4.0 4.0 4.0 4.545454545454546 4.545454545454546 4.0 4.0 4.0 4.0 4.0 4.0 
29 1.0 1.0 1.0 1.0 1.0 1.0 1.0 1.0 1.1363636363636365 1.1363636363636365 1.0 1.0 1.0 1.0 1.0 1.0 
30 1.0 1.0 1.0 1.0 1.0 1.0 1.0 1.0 1.1363636363636365 1.1363636363636365 1.0 1.0 1.0 1.0 1.0 1.0 
31 2.0 2.0 2.0 2.0 2.0 2.0 2.0 2.0 2.272727272727273 2.272727272727273 2.0 2.0 2.0 2.0 2.0 2.0 
32 2.0 2.0 2.0 2.0 2.0 2.0 2.0 2.0 2.272727272727273 2.272727272727273 2.0 2.0 2.0 2.0 2.0 2.0 
33 1.0 1.0 1.0 1.0 1.0 1.0 1.0 1.0 1.1363636363636365 1.1363636363636365 1.0 1.0 1.0 1.0 1.0 1.0 
36 1.0 1.0 1.0 1.0 1.0 1.0 1.0 1.0 1.1363636363636365 1.1363636363636365 1.0 1.0 1.0 1.0 1.0 1.0 
37 1.0 1.0 1.0 1.0 1.0 1.0 1.0 1.0 1.1363636363636365 1.1363636363636365 1.0 1.0 1.0 1.0 1.0 1.0 
38 2.0 2.0 2.0 2.0 2.0 2.0 2.0 2.0 2.272727272727273 2.272727272727273 2.0 2.0 2.0 2.0 2.0 2.0 
39 1.0 1.0 1.0 1.0 1.0 1.0 1.0 1.0 1.1363636363636365 1.1363636363636365 1.0 1.0 1.0 1.0 1.0 1.0 
40 1.0 1.0 1.0 1.0 1.0 1.0 1.0 1.0 1.1363636363636365 1.1363636363636365 1.0 1.0 1.0 1.0 1.0 1.0 
;
set c_0 := 0;
param d := 
[0,*,*] : 
0 1 2 3 4 5 6 34 35 := 
0 0 0.0034048000000000004 0.0034048000000000004 0.0034048000000000004 0.0034048000000000004 0 0 0 0.0034048000000000004 
1 0.9533440000000001 0 0 0 0 0.0034048000000000004 0 0 0 
2 0.9533440000000001 0 0 0 0 0.0034048000000000004 0 0 0 
3 0.9533440000000001 0 0 0 0 0.0034048000000000004 0 0 0 
4 0.9533440000000001 0 0 0 0 0.0034048000000000004 0 0 0 
5 0 0.00476672 0.00476672 0.00476672 0.00476672 0 0.008512 0.008512 0.00476672 
6 0 0 0 0 0 0.0774592 0 0 0 
34 0 0 0 0 0 0.0774592 0 0 0 
35 0.9533440000000001 0 0 0 0 0.0034048000000000004 0 0 0 
[1,*,*] : 
0 7 8 9 10 := 
0 0 0.004056 0.004056 0 0 
7 1.13568 0 0 0.004056 0 
8 1.13568 0 0 0.004056 0 
9 0 0.0056784 0.0056784 0 0.008112 
10 0 0 0 0.0738192 0 
[2,*,*] : 
0 11 12 13 14 15 16 17 18 19 20 21 22 23 24 := 
0 0 0.0025239999999999998 0.0025239999999999998 0.0025239999999999998 0.0025239999999999998 0.0025239999999999998 0.0025239999999999998 0.0025239999999999998 0.0025239999999999998 0.0025239999999999998 0.0025239999999999998 0.0025239999999999998 0.0025239999999999998 0 0 
11 0.7067199999999999 0 0 0 0 0 0 0 0 0 0 0 0 0.0025239999999999998 0 
12 0.7067199999999999 0 0 0 0 0 0 0 0 0 0 0 0 0.0025239999999999998 0 
13 0.7067199999999999 0 0 0 0 0 0 0 0 0 0 0 0 0.0025239999999999998 0 
14 0.7067199999999999 0 0 0 0 0 0 0 0 0 0 0 0 0.0025239999999999998 0 
15 0.7067199999999999 0 0 0 0 0 0 0 0 0 0 0 0 0.0025239999999999998 0 
16 0.7067199999999999 0 0 0 0 0 0 0 0 0 0 0 0 0.0025239999999999998 0 
17 0.7067199999999999 0 0 0 0 0 0 0 0 0 0 0 0 0.0025239999999999998 0 
18 0.7067199999999999 0 0 0 0 0 0 0 0 0 0 0 0 0.0025239999999999998 0 
19 0.7067199999999999 0 0 0 0 0 0 0 0 0 0 0 0 0.0025239999999999998 0 
20 0.7067199999999999 0 0 0 0 0 0 0 0 0 0 0 0 0.0025239999999999998 0 
21 0.7067199999999999 0 0 0 0 0 0 0 0 0 0 0 0 0.0025239999999999998 0 
22 0.7067199999999999 0 0 0 0 0 0 0 0 0 0 0 0 0.0025239999999999998 0 
23 0 0.0035335999999999996 0.0035335999999999996 0.0035335999999999996 0.0035335999999999996 0.0035335999999999996 0.0035335999999999996 0.0035335999999999996 0.0035335999999999996 0.0035335999999999996 0.0035335999999999996 0.0035335999999999996 0.0035335999999999996 0 0.030288 
24 0 0 0 0 0 0 0 0 0 0 0 0 0 0.30954335999999993 0 
[3,*,*] : 
0 25 26 27 28 := 
0 0 0.002672 0.002672 0 0 
25 0.7481599999999999 0 0 0.002672 0 
26 0.7481599999999999 0 0 0.002672 0 
27 0 0.0037408 0.0037408 0 0.005344 
28 0 0 0 0.0411488 0 
[4,*,*] : 
0 29 30 31 32 33 36 37 38 39 40 := 
0 0 0.004732 0.004732 0 0 0 0.004732 0 0 0.004732 0 
29 0.2028 0 0 0.0015773333333333334 0.0015773333333333334 0 0 0 0.0015773333333333334 0 0 
30 0.2028 0 0 0.0015773333333333334 0.0015773333333333334 0 0 0 0.0015773333333333334 0 0 
31 0 0.0052052 0.0052052 0 0 0.002103111111111111 0.0052052 0.002103111111111111 0 0.0052052 0.002103111111111111 
32 0 0.0052052 0.0052052 0 0 0.002103111111111111 0.0052052 0.002103111111111111 0 0.0052052 0.002103111111111111 
33 0 0 0 0.05760421333333335 0.05760421333333335 0 0 0 0.05760421333333335 0 0 
36 0.2028 0 0 0.0015773333333333334 0.0015773333333333334 0 0 0 0.0015773333333333334 0 0 
37 0 0 0 0.05760421333333335 0.05760421333333335 0 0 0 0.05760421333333335 0 0 
38 0 0.0052052 0.0052052 0 0 0.002103111111111111 0.0052052 0.002103111111111111 0 0.0052052 0.002103111111111111 
39 0.2028 0 0 0.0015773333333333334 0.0015773333333333334 0 0 0 0.0015773333333333334 0 0 
40 0 0 0 0.05760421333333335 0.05760421333333335 0 0 0 0.05760421333333335 0 0 
;
param x_bar : 0 1 2 3 4 5 6 7 8 9 10 11 12 13 14 15  := 
0 0 0 0 0 0 0 0 0 0 0 0 0 0 0 0 0 
;
