data;
set C_bar :=  ;
set C :=  1 2 3 4 5 6 7 8 9 10 11 12 13 14 15 16 17 18 19 20 21 22 23 24 25 26 27 28 29 30 31 32 33 34 35 36 37 38 39 40 41 ;
set R := 0 1 2 3 4 ;
set C_r[0] :=  
1 2 3 ;
set C_r[1] :=  
4 5 6 7 ;
set C_r[2] :=  
8 9 10 11 12 13 14 15 16 17 18 19 20 21 22 23 24 25 ;
set C_r[3] :=  
26 27 28 ;
set C_r[4] :=  
29 30 31 32 33 34 35 36 37 38 39 40 41 ;
set S :=  0 1 2 3 4 5 6 7 8 9 10 11 12 13 14 15 ;
set S_u :=  0 1 2 3 4 5 6 7 8 9 10 11 12 13 14 15 ;
set Rack :=  0 1 2 3 4 5 6 7 ;
param COST : 0 1 2 3 4 5 6 7 8 9 10 11 12 13 14 15 :=
0 0 1 3 3 5 5 5 5 5 5 5 5 5 5 5 5 
1 1 0 3 3 5 5 5 5 5 5 5 5 5 5 5 5 
2 3 3 0 1 5 5 5 5 5 5 5 5 5 5 5 5 
3 3 3 1 0 5 5 5 5 5 5 5 5 5 5 5 5 
4 5 5 5 5 0 1 3 3 5 5 5 5 5 5 5 5 
5 5 5 5 5 1 0 3 3 5 5 5 5 5 5 5 5 
6 5 5 5 5 3 3 0 1 5 5 5 5 5 5 5 5 
7 5 5 5 5 3 3 1 0 5 5 5 5 5 5 5 5 
8 5 5 5 5 5 5 5 5 0 1 3 3 5 5 5 5 
9 5 5 5 5 5 5 5 5 1 0 3 3 5 5 5 5 
10 5 5 5 5 5 5 5 5 3 3 0 1 5 5 5 5 
11 5 5 5 5 5 5 5 5 3 3 1 0 5 5 5 5 
12 5 5 5 5 5 5 5 5 5 5 5 5 0 1 3 3 
13 5 5 5 5 5 5 5 5 5 5 5 5 1 0 3 3 
14 5 5 5 5 5 5 5 5 5 5 5 5 3 3 0 1 
15 5 5 5 5 5 5 5 5 5 5 5 5 3 3 1 0 
;
set S_rack[0] :=  
0 1 ;
set S_rack[1] :=  
2 3 ;
set S_rack[2] :=  
4 5 ;
set S_rack[3] :=  
6 7 ;
set S_rack[4] :=  
8 9 ;
set S_rack[5] :=  
10 11 ;
set S_rack[6] :=  
12 13 ;
set S_rack[7] :=  
14 15 ;
param CPU := 
0 28.0
1 28.0
2 28.0
3 28.0
4 56.0
5 56.0
6 56.0
7 56.0
8 28.0
9 28.0
10 44.0
11 44.0
12 28.0
13 28.0
14 56.0
15 56.0
;
param MEM := 
0 48.0
1 48.0
2 192.0
3 192.0
4 192.0
5 192.0
6 192.0
7 192.0
8 192.0
9 192.0
10 128.0
11 128.0
12 96.0
13 96.0
14 192.0
15 192.0
;
param DISK := 
0 96.0
1 96.0
2 384.0
3 384.0
4 384.0
5 384.0
6 384.0
7 384.0
8 384.0
9 384.0
10 256.0
11 256.0
12 192.0
13 192.0
14 384.0
15 384.0
;
param BDW_out := 
0 10.0
1 10.0
2 10.0
3 10.0
4 10.0
5 10.0
6 10.0
7 10.0
8 10.0
9 10.0
10 10.0
11 10.0
12 10.0
13 10.0
14 10.0
15 10.0
;
param BDW_in := 
0 10.0
1 10.0
2 10.0
3 10.0
4 10.0
5 10.0
6 10.0
7 10.0
8 10.0
9 10.0
10 10.0
11 10.0
12 10.0
13 10.0
14 10.0
15 10.0
;
param mem := 
1 32.0
2 16.0
3 16.0
4 1.0
5 1.0
6 32.0
7 8.0
8 8.0
9 8.0
10 8.0
11 8.0
12 8.0
13 8.0
14 8.0
15 8.0
16 8.0
17 8.0
18 8.0
19 8.0
20 8.0
21 8.0
22 8.0
23 8.0
24 32.0
25 1.0
26 16.0
27 2.0
28 16.0
29 16.0
30 16.0
31 16.0
32 16.0
33 16.0
34 16.0
35 16.0
36 16.0
37 16.0
38 16.0
39 16.0
40 16.0
41 16.0
;
param disk := 
1 43.2
2 36.0
3 36.0
4 4.0
5 4.0
6 50.0
7 24.0
8 24.0
9 24.0
10 24.0
11 24.0
12 24.0
13 24.0
14 24.0
15 24.0
16 24.0
17 24.0
18 24.0
19 24.0
20 24.0
21 24.0
22 24.0
23 24.0
24 50.0
25 4.0
26 36.0
27 8.0
28 36.0
29 36.0
30 36.0
31 36.0
32 36.0
33 36.0
34 36.0
35 36.0
36 36.0
37 36.0
38 36.0
39 36.0
40 36.0
41 36.0
;
param cpu : 
0 1 2 3 4 5 6 7 8 9 10 11 12 13 14 15 := 
1 8.0 8.0 8.0 8.0 8.0 8.0 8.0 8.0 8.0 8.0 9.090909090909092 9.090909090909092 9.523809523809524 9.523809523809524 8.0 8.0 
2 4.0 4.0 4.0 4.0 4.0 4.0 4.0 4.0 4.0 4.0 4.545454545454546 4.545454545454546 4.761904761904762 4.761904761904762 4.0 4.0 
3 4.0 4.0 4.0 4.0 4.0 4.0 4.0 4.0 4.0 4.0 4.545454545454546 4.545454545454546 4.761904761904762 4.761904761904762 4.0 4.0 
4 1.0 1.0 1.0 1.0 1.0 1.0 1.0 1.0 1.0 1.0 1.1363636363636365 1.1363636363636365 1.1904761904761905 1.1904761904761905 1.0 1.0 
5 1.0 1.0 1.0 1.0 1.0 1.0 1.0 1.0 1.0 1.0 1.1363636363636365 1.1363636363636365 1.1904761904761905 1.1904761904761905 1.0 1.0 
6 8.0 8.0 8.0 8.0 8.0 8.0 8.0 8.0 8.0 8.0 9.090909090909092 9.090909090909092 9.523809523809524 9.523809523809524 8.0 8.0 
7 2.0 2.0 2.0 2.0 2.0 2.0 2.0 2.0 2.0 2.0 2.272727272727273 2.272727272727273 2.380952380952381 2.380952380952381 2.0 2.0 
8 2.0 2.0 2.0 2.0 2.0 2.0 2.0 2.0 2.0 2.0 2.272727272727273 2.272727272727273 2.380952380952381 2.380952380952381 2.0 2.0 
9 2.0 2.0 2.0 2.0 2.0 2.0 2.0 2.0 2.0 2.0 2.272727272727273 2.272727272727273 2.380952380952381 2.380952380952381 2.0 2.0 
10 2.0 2.0 2.0 2.0 2.0 2.0 2.0 2.0 2.0 2.0 2.272727272727273 2.272727272727273 2.380952380952381 2.380952380952381 2.0 2.0 
11 2.0 2.0 2.0 2.0 2.0 2.0 2.0 2.0 2.0 2.0 2.272727272727273 2.272727272727273 2.380952380952381 2.380952380952381 2.0 2.0 
12 2.0 2.0 2.0 2.0 2.0 2.0 2.0 2.0 2.0 2.0 2.272727272727273 2.272727272727273 2.380952380952381 2.380952380952381 2.0 2.0 
13 2.0 2.0 2.0 2.0 2.0 2.0 2.0 2.0 2.0 2.0 2.272727272727273 2.272727272727273 2.380952380952381 2.380952380952381 2.0 2.0 
14 2.0 2.0 2.0 2.0 2.0 2.0 2.0 2.0 2.0 2.0 2.272727272727273 2.272727272727273 2.380952380952381 2.380952380952381 2.0 2.0 
15 2.0 2.0 2.0 2.0 2.0 2.0 2.0 2.0 2.0 2.0 2.272727272727273 2.272727272727273 2.380952380952381 2.380952380952381 2.0 2.0 
16 2.0 2.0 2.0 2.0 2.0 2.0 2.0 2.0 2.0 2.0 2.272727272727273 2.272727272727273 2.380952380952381 2.380952380952381 2.0 2.0 
17 2.0 2.0 2.0 2.0 2.0 2.0 2.0 2.0 2.0 2.0 2.272727272727273 2.272727272727273 2.380952380952381 2.380952380952381 2.0 2.0 
18 2.0 2.0 2.0 2.0 2.0 2.0 2.0 2.0 2.0 2.0 2.272727272727273 2.272727272727273 2.380952380952381 2.380952380952381 2.0 2.0 
19 2.0 2.0 2.0 2.0 2.0 2.0 2.0 2.0 2.0 2.0 2.272727272727273 2.272727272727273 2.380952380952381 2.380952380952381 2.0 2.0 
20 2.0 2.0 2.0 2.0 2.0 2.0 2.0 2.0 2.0 2.0 2.272727272727273 2.272727272727273 2.380952380952381 2.380952380952381 2.0 2.0 
21 2.0 2.0 2.0 2.0 2.0 2.0 2.0 2.0 2.0 2.0 2.272727272727273 2.272727272727273 2.380952380952381 2.380952380952381 2.0 2.0 
22 2.0 2.0 2.0 2.0 2.0 2.0 2.0 2.0 2.0 2.0 2.272727272727273 2.272727272727273 2.380952380952381 2.380952380952381 2.0 2.0 
23 2.0 2.0 2.0 2.0 2.0 2.0 2.0 2.0 2.0 2.0 2.272727272727273 2.272727272727273 2.380952380952381 2.380952380952381 2.0 2.0 
24 8.0 8.0 8.0 8.0 8.0 8.0 8.0 8.0 8.0 8.0 9.090909090909092 9.090909090909092 9.523809523809524 9.523809523809524 8.0 8.0 
25 1.0 1.0 1.0 1.0 1.0 1.0 1.0 1.0 1.0 1.0 1.1363636363636365 1.1363636363636365 1.1904761904761905 1.1904761904761905 1.0 1.0 
26 4.0 4.0 4.0 4.0 4.0 4.0 4.0 4.0 4.0 4.0 4.545454545454546 4.545454545454546 4.761904761904762 4.761904761904762 4.0 4.0 
27 1.0 1.0 1.0 1.0 1.0 1.0 1.0 1.0 1.0 1.0 1.1363636363636365 1.1363636363636365 1.1904761904761905 1.1904761904761905 1.0 1.0 
28 4.0 4.0 4.0 4.0 4.0 4.0 4.0 4.0 4.0 4.0 4.545454545454546 4.545454545454546 4.761904761904762 4.761904761904762 4.0 4.0 
29 4.0 4.0 4.0 4.0 4.0 4.0 4.0 4.0 4.0 4.0 4.545454545454546 4.545454545454546 4.761904761904762 4.761904761904762 4.0 4.0 
30 4.0 4.0 4.0 4.0 4.0 4.0 4.0 4.0 4.0 4.0 4.545454545454546 4.545454545454546 4.761904761904762 4.761904761904762 4.0 4.0 
31 4.0 4.0 4.0 4.0 4.0 4.0 4.0 4.0 4.0 4.0 4.545454545454546 4.545454545454546 4.761904761904762 4.761904761904762 4.0 4.0 
32 4.0 4.0 4.0 4.0 4.0 4.0 4.0 4.0 4.0 4.0 4.545454545454546 4.545454545454546 4.761904761904762 4.761904761904762 4.0 4.0 
33 4.0 4.0 4.0 4.0 4.0 4.0 4.0 4.0 4.0 4.0 4.545454545454546 4.545454545454546 4.761904761904762 4.761904761904762 4.0 4.0 
34 4.0 4.0 4.0 4.0 4.0 4.0 4.0 4.0 4.0 4.0 4.545454545454546 4.545454545454546 4.761904761904762 4.761904761904762 4.0 4.0 
35 4.0 4.0 4.0 4.0 4.0 4.0 4.0 4.0 4.0 4.0 4.545454545454546 4.545454545454546 4.761904761904762 4.761904761904762 4.0 4.0 
36 4.0 4.0 4.0 4.0 4.0 4.0 4.0 4.0 4.0 4.0 4.545454545454546 4.545454545454546 4.761904761904762 4.761904761904762 4.0 4.0 
37 4.0 4.0 4.0 4.0 4.0 4.0 4.0 4.0 4.0 4.0 4.545454545454546 4.545454545454546 4.761904761904762 4.761904761904762 4.0 4.0 
38 4.0 4.0 4.0 4.0 4.0 4.0 4.0 4.0 4.0 4.0 4.545454545454546 4.545454545454546 4.761904761904762 4.761904761904762 4.0 4.0 
39 4.0 4.0 4.0 4.0 4.0 4.0 4.0 4.0 4.0 4.0 4.545454545454546 4.545454545454546 4.761904761904762 4.761904761904762 4.0 4.0 
40 4.0 4.0 4.0 4.0 4.0 4.0 4.0 4.0 4.0 4.0 4.545454545454546 4.545454545454546 4.761904761904762 4.761904761904762 4.0 4.0 
41 4.0 4.0 4.0 4.0 4.0 4.0 4.0 4.0 4.0 4.0 4.545454545454546 4.545454545454546 4.761904761904762 4.761904761904762 4.0 4.0 
;
set c_0 := 0;
param d := 
[0,*,*] : 
0 1 2 3 := 
0 0 0.02304 0 0 
1 0.9874285714285715 0 0.02304 0 
2 0 0.076032 0 0.02304 
3 0 0 0.342144 0 
[1,*,*] : 
0 4 5 6 7 := 
0 0 0.012756 0.012756 0 0 
4 0.5466857142857143 0 0 0.012756 0 
5 0.5466857142857143 0 0 0.012756 0 
6 0 0.0420948 0.0420948 0 0.025512 
7 0 0 0 0.22731192000000003 0 
[2,*,*] : 
0 8 9 10 11 12 13 14 15 16 17 18 19 20 21 22 23 24 25 := 
0 0 0.001589 0.001589 0.001589 0.001589 0.001589 0.001589 0.001589 0.001589 0.001589 0.001589 0.001589 0.001589 0.001589 0.001589 0.001589 0.001589 0 0 
8 0.44492 0 0 0 0 0 0 0 0 0 0 0 0 0 0 0 0 0.001589 0 
9 0.44492 0 0 0 0 0 0 0 0 0 0 0 0 0 0 0 0 0.001589 0 
10 0.44492 0 0 0 0 0 0 0 0 0 0 0 0 0 0 0 0 0.001589 0 
11 0.44492 0 0 0 0 0 0 0 0 0 0 0 0 0 0 0 0 0.001589 0 
12 0.44492 0 0 0 0 0 0 0 0 0 0 0 0 0 0 0 0 0.001589 0 
13 0.44492 0 0 0 0 0 0 0 0 0 0 0 0 0 0 0 0 0.001589 0 
14 0.44492 0 0 0 0 0 0 0 0 0 0 0 0 0 0 0 0 0.001589 0 
15 0.44492 0 0 0 0 0 0 0 0 0 0 0 0 0 0 0 0 0.001589 0 
16 0.44492 0 0 0 0 0 0 0 0 0 0 0 0 0 0 0 0 0.001589 0 
17 0.44492 0 0 0 0 0 0 0 0 0 0 0 0 0 0 0 0 0.001589 0 
18 0.44492 0 0 0 0 0 0 0 0 0 0 0 0 0 0 0 0 0.001589 0 
19 0.44492 0 0 0 0 0 0 0 0 0 0 0 0 0 0 0 0 0.001589 0 
20 0.44492 0 0 0 0 0 0 0 0 0 0 0 0 0 0 0 0 0.001589 0 
21 0.44492 0 0 0 0 0 0 0 0 0 0 0 0 0 0 0 0 0.001589 0 
22 0.44492 0 0 0 0 0 0 0 0 0 0 0 0 0 0 0 0 0.001589 0 
23 0.44492 0 0 0 0 0 0 0 0 0 0 0 0 0 0 0 0 0.001589 0 
24 0 0.0022245999999999998 0.0022245999999999998 0.0022245999999999998 0.0022245999999999998 0.0022245999999999998 0.0022245999999999998 0.0022245999999999998 0.0022245999999999998 0.0022245999999999998 0.0022245999999999998 0.0022245999999999998 0.0022245999999999998 0.0022245999999999998 0.0022245999999999998 0.0022245999999999998 0.0022245999999999998 0 0.025424 
25 0 0 0 0 0 0 0 0 0 0 0 0 0 0 0 0 0 0.30254559999999997 0 
[3,*,*] : 
0 26 27 28 := 
0 0 0.005584 0 0 
26 0.23931428571428573 0 0.005584 0 
27 0 0.0184272 0 0.005584 
28 0 0 0.09950688000000002 0 
[4,*,*] : 
0 29 30 31 32 33 34 35 36 37 38 39 40 41 := 
0 0 0.0025636363636363634 0.0025636363636363634 0.0025636363636363634 0.0025636363636363634 0.0025636363636363634 0.0025636363636363634 0.0025636363636363634 0.0025636363636363634 0.0025636363636363634 0.0025636363636363634 0.0025636363636363634 0 0 
29 0.7178181818181818 0 0 0 0 0 0 0 0 0 0 0 0.0025636363636363634 0 
30 0.7178181818181818 0 0 0 0 0 0 0 0 0 0 0 0.0025636363636363634 0 
31 0.7178181818181818 0 0 0 0 0 0 0 0 0 0 0 0.0025636363636363634 0 
32 0.7178181818181818 0 0 0 0 0 0 0 0 0 0 0 0.0025636363636363634 0 
33 0.7178181818181818 0 0 0 0 0 0 0 0 0 0 0 0.0025636363636363634 0 
34 0.7178181818181818 0 0 0 0 0 0 0 0 0 0 0 0.0025636363636363634 0 
35 0.7178181818181818 0 0 0 0 0 0 0 0 0 0 0 0.0025636363636363634 0 
36 0.7178181818181818 0 0 0 0 0 0 0 0 0 0 0 0.0025636363636363634 0 
37 0.7178181818181818 0 0 0 0 0 0 0 0 0 0 0 0.0025636363636363634 0 
38 0.7178181818181818 0 0 0 0 0 0 0 0 0 0 0 0.0025636363636363634 0 
39 0.7178181818181818 0 0 0 0 0 0 0 0 0 0 0 0.0025636363636363634 0 
40 0 0.0035890909090909094 0.0035890909090909094 0.0035890909090909094 0.0035890909090909094 0.0035890909090909094 0.0035890909090909094 0.0035890909090909094 0.0035890909090909094 0.0035890909090909094 0.0035890909090909094 0.0035890909090909094 0 0.0282 
41 0 0 0 0 0 0 0 0 0 0 0 0 0.24477600000000002 0 
;
param x_bar : 0 1 2 3 4 5 6 7 8 9 10 11 12 13 14 15  := 
0 0 0 0 0 0 0 0 0 0 0 0 0 0 0 0 0 
;
