data;
set C_bar :=  ;
set C :=  1 2 3 4 5 6 7 8 9 10 31 34 35 36 37 38 39 11 12 13 14 15 16 17 18 19 20 21 28 40 22 23 24 32 33 25 26 27 29 30 ;
set R := 0 1 2 3 4 ;
set C_r[0] :=  
1 2 3 4 5 6 7 8 9 10 31 34 35 36 37 38 39 ;
set C_r[1] :=  
11 12 13 14 15 16 ;
set C_r[2] :=  
17 18 19 20 21 28 40 ;
set C_r[3] :=  
22 23 24 32 33 ;
set C_r[4] :=  
25 26 27 29 30 ;
set S :=  0 1 2 3 4 5 6 7 8 9 10 11 12 13 14 15 ;
set S_u :=  0 1 2 3 4 5 6 7 8 9 10 11 12 13 14 15 ;
set Rack :=  0 1 2 3 4 5 6 7 ;
param COST : 0 1 2 3 4 5 6 7 8 9 10 11 12 13 14 15 :=
0 0 1 3 3 5 5 5 5 5 5 5 5 5 5 5 5 
1 1 0 3 3 5 5 5 5 5 5 5 5 5 5 5 5 
2 3 3 0 1 5 5 5 5 5 5 5 5 5 5 5 5 
3 3 3 1 0 5 5 5 5 5 5 5 5 5 5 5 5 
4 5 5 5 5 0 1 3 3 5 5 5 5 5 5 5 5 
5 5 5 5 5 1 0 3 3 5 5 5 5 5 5 5 5 
6 5 5 5 5 3 3 0 1 5 5 5 5 5 5 5 5 
7 5 5 5 5 3 3 1 0 5 5 5 5 5 5 5 5 
8 5 5 5 5 5 5 5 5 0 1 3 3 5 5 5 5 
9 5 5 5 5 5 5 5 5 1 0 3 3 5 5 5 5 
10 5 5 5 5 5 5 5 5 3 3 0 1 5 5 5 5 
11 5 5 5 5 5 5 5 5 3 3 1 0 5 5 5 5 
12 5 5 5 5 5 5 5 5 5 5 5 5 0 1 3 3 
13 5 5 5 5 5 5 5 5 5 5 5 5 1 0 3 3 
14 5 5 5 5 5 5 5 5 5 5 5 5 3 3 0 1 
15 5 5 5 5 5 5 5 5 5 5 5 5 3 3 1 0 
;
set S_rack[0] :=  
0 1 ;
set S_rack[1] :=  
2 3 ;
set S_rack[2] :=  
4 5 ;
set S_rack[3] :=  
6 7 ;
set S_rack[4] :=  
8 9 ;
set S_rack[5] :=  
10 11 ;
set S_rack[6] :=  
12 13 ;
set S_rack[7] :=  
14 15 ;
param CPU := 
0 56.0
1 56.0
2 56.0
3 56.0
4 28.0
5 28.0
6 44.0
7 44.0
8 28.0
9 28.0
10 28.0
11 28.0
12 28.0
13 28.0
14 56.0
15 56.0
;
param MEM := 
0 192.0
1 192.0
2 192.0
3 192.0
4 96.0
5 96.0
6 128.0
7 128.0
8 96.0
9 96.0
10 48.0
11 48.0
12 48.0
13 48.0
14 192.0
15 192.0
;
param DISK := 
0 384.0
1 384.0
2 384.0
3 384.0
4 192.0
5 192.0
6 256.0
7 256.0
8 192.0
9 192.0
10 96.0
11 96.0
12 96.0
13 96.0
14 384.0
15 384.0
;
param BDW_out := 
0 10.0
1 10.0
2 10.0
3 10.0
4 10.0
5 10.0
6 10.0
7 10.0
8 10.0
9 10.0
10 10.0
11 10.0
12 10.0
13 10.0
14 10.0
15 10.0
;
param BDW_in := 
0 10.0
1 10.0
2 10.0
3 10.0
4 10.0
5 10.0
6 10.0
7 10.0
8 10.0
9 10.0
10 10.0
11 10.0
12 10.0
13 10.0
14 10.0
15 10.0
;
param mem := 
1 16.0
2 16.0
3 16.0
4 16.0
5 16.0
6 16.0
7 16.0
8 16.0
9 8.0
10 4.0
31 16.0
34 16.0
35 4.0
36 4.0
37 4.0
38 4.0
39 16.0
11 2.0
12 2.0
13 2.0
14 2.0
15 1.0
16 8.0
17 16.0
18 16.0
19 8.0
20 8.0
21 1.0
28 16.0
40 8.0
22 64.0
23 32.0
24 2.0
32 2.0
33 64.0
25 16.0
26 1.0
27 8.0
29 16.0
30 8.0
;
param disk := 
1 36.0
2 36.0
3 36.0
4 36.0
5 36.0
6 36.0
7 36.0
8 36.0
9 24.0
10 16.0
31 36.0
34 36.0
35 16.0
36 16.0
37 16.0
38 16.0
39 36.0
11 8.0
12 8.0
13 8.0
14 8.0
15 4.0
16 24.0
17 36.0
18 36.0
19 24.0
20 24.0
21 4.0
28 36.0
40 24.0
22 64.0
23 43.2
24 8.0
32 8.0
33 64.0
25 36.0
26 4.0
27 24.0
29 36.0
30 24.0
;
param cpu : 
0 1 2 3 4 5 6 7 8 9 10 11 12 13 14 15 := 
1 4.0 4.0 4.0 4.0 4.761904761904762 4.761904761904762 4.545454545454546 4.545454545454546 4.761904761904762 4.761904761904762 4.0 4.0 4.0 4.0 4.0 4.0 
2 4.0 4.0 4.0 4.0 4.761904761904762 4.761904761904762 4.545454545454546 4.545454545454546 4.761904761904762 4.761904761904762 4.0 4.0 4.0 4.0 4.0 4.0 
3 4.0 4.0 4.0 4.0 4.761904761904762 4.761904761904762 4.545454545454546 4.545454545454546 4.761904761904762 4.761904761904762 4.0 4.0 4.0 4.0 4.0 4.0 
4 4.0 4.0 4.0 4.0 4.761904761904762 4.761904761904762 4.545454545454546 4.545454545454546 4.761904761904762 4.761904761904762 4.0 4.0 4.0 4.0 4.0 4.0 
5 4.0 4.0 4.0 4.0 4.761904761904762 4.761904761904762 4.545454545454546 4.545454545454546 4.761904761904762 4.761904761904762 4.0 4.0 4.0 4.0 4.0 4.0 
6 4.0 4.0 4.0 4.0 4.761904761904762 4.761904761904762 4.545454545454546 4.545454545454546 4.761904761904762 4.761904761904762 4.0 4.0 4.0 4.0 4.0 4.0 
7 4.0 4.0 4.0 4.0 4.761904761904762 4.761904761904762 4.545454545454546 4.545454545454546 4.761904761904762 4.761904761904762 4.0 4.0 4.0 4.0 4.0 4.0 
8 4.0 4.0 4.0 4.0 4.761904761904762 4.761904761904762 4.545454545454546 4.545454545454546 4.761904761904762 4.761904761904762 4.0 4.0 4.0 4.0 4.0 4.0 
9 2.0 2.0 2.0 2.0 2.380952380952381 2.380952380952381 2.272727272727273 2.272727272727273 2.380952380952381 2.380952380952381 2.0 2.0 2.0 2.0 2.0 2.0 
10 2.0 2.0 2.0 2.0 2.380952380952381 2.380952380952381 2.272727272727273 2.272727272727273 2.380952380952381 2.380952380952381 2.0 2.0 2.0 2.0 2.0 2.0 
31 4.0 4.0 4.0 4.0 4.761904761904762 4.761904761904762 4.545454545454546 4.545454545454546 4.761904761904762 4.761904761904762 4.0 4.0 4.0 4.0 4.0 4.0 
34 4.0 4.0 4.0 4.0 4.761904761904762 4.761904761904762 4.545454545454546 4.545454545454546 4.761904761904762 4.761904761904762 4.0 4.0 4.0 4.0 4.0 4.0 
35 2.0 2.0 2.0 2.0 2.380952380952381 2.380952380952381 2.272727272727273 2.272727272727273 2.380952380952381 2.380952380952381 2.0 2.0 2.0 2.0 2.0 2.0 
36 2.0 2.0 2.0 2.0 2.380952380952381 2.380952380952381 2.272727272727273 2.272727272727273 2.380952380952381 2.380952380952381 2.0 2.0 2.0 2.0 2.0 2.0 
37 2.0 2.0 2.0 2.0 2.380952380952381 2.380952380952381 2.272727272727273 2.272727272727273 2.380952380952381 2.380952380952381 2.0 2.0 2.0 2.0 2.0 2.0 
38 2.0 2.0 2.0 2.0 2.380952380952381 2.380952380952381 2.272727272727273 2.272727272727273 2.380952380952381 2.380952380952381 2.0 2.0 2.0 2.0 2.0 2.0 
39 4.0 4.0 4.0 4.0 4.761904761904762 4.761904761904762 4.545454545454546 4.545454545454546 4.761904761904762 4.761904761904762 4.0 4.0 4.0 4.0 4.0 4.0 
11 1.0 1.0 1.0 1.0 1.1904761904761905 1.1904761904761905 1.1363636363636365 1.1363636363636365 1.1904761904761905 1.1904761904761905 1.0 1.0 1.0 1.0 1.0 1.0 
12 1.0 1.0 1.0 1.0 1.1904761904761905 1.1904761904761905 1.1363636363636365 1.1363636363636365 1.1904761904761905 1.1904761904761905 1.0 1.0 1.0 1.0 1.0 1.0 
13 1.0 1.0 1.0 1.0 1.1904761904761905 1.1904761904761905 1.1363636363636365 1.1363636363636365 1.1904761904761905 1.1904761904761905 1.0 1.0 1.0 1.0 1.0 1.0 
14 1.0 1.0 1.0 1.0 1.1904761904761905 1.1904761904761905 1.1363636363636365 1.1363636363636365 1.1904761904761905 1.1904761904761905 1.0 1.0 1.0 1.0 1.0 1.0 
15 1.0 1.0 1.0 1.0 1.1904761904761905 1.1904761904761905 1.1363636363636365 1.1363636363636365 1.1904761904761905 1.1904761904761905 1.0 1.0 1.0 1.0 1.0 1.0 
16 2.0 2.0 2.0 2.0 2.380952380952381 2.380952380952381 2.272727272727273 2.272727272727273 2.380952380952381 2.380952380952381 2.0 2.0 2.0 2.0 2.0 2.0 
17 4.0 4.0 4.0 4.0 4.761904761904762 4.761904761904762 4.545454545454546 4.545454545454546 4.761904761904762 4.761904761904762 4.0 4.0 4.0 4.0 4.0 4.0 
18 4.0 4.0 4.0 4.0 4.761904761904762 4.761904761904762 4.545454545454546 4.545454545454546 4.761904761904762 4.761904761904762 4.0 4.0 4.0 4.0 4.0 4.0 
19 2.0 2.0 2.0 2.0 2.380952380952381 2.380952380952381 2.272727272727273 2.272727272727273 2.380952380952381 2.380952380952381 2.0 2.0 2.0 2.0 2.0 2.0 
20 2.0 2.0 2.0 2.0 2.380952380952381 2.380952380952381 2.272727272727273 2.272727272727273 2.380952380952381 2.380952380952381 2.0 2.0 2.0 2.0 2.0 2.0 
21 1.0 1.0 1.0 1.0 1.1904761904761905 1.1904761904761905 1.1363636363636365 1.1363636363636365 1.1904761904761905 1.1904761904761905 1.0 1.0 1.0 1.0 1.0 1.0 
28 4.0 4.0 4.0 4.0 4.761904761904762 4.761904761904762 4.545454545454546 4.545454545454546 4.761904761904762 4.761904761904762 4.0 4.0 4.0 4.0 4.0 4.0 
40 2.0 2.0 2.0 2.0 2.380952380952381 2.380952380952381 2.272727272727273 2.272727272727273 2.380952380952381 2.380952380952381 2.0 2.0 2.0 2.0 2.0 2.0 
22 16.0 16.0 16.0 16.0 19.047619047619047 19.047619047619047 18.181818181818183 18.181818181818183 19.047619047619047 19.047619047619047 16.0 16.0 16.0 16.0 16.0 16.0 
23 8.0 8.0 8.0 8.0 9.523809523809524 9.523809523809524 9.090909090909092 9.090909090909092 9.523809523809524 9.523809523809524 8.0 8.0 8.0 8.0 8.0 8.0 
24 1.0 1.0 1.0 1.0 1.1904761904761905 1.1904761904761905 1.1363636363636365 1.1363636363636365 1.1904761904761905 1.1904761904761905 1.0 1.0 1.0 1.0 1.0 1.0 
32 1.0 1.0 1.0 1.0 1.1904761904761905 1.1904761904761905 1.1363636363636365 1.1363636363636365 1.1904761904761905 1.1904761904761905 1.0 1.0 1.0 1.0 1.0 1.0 
33 16.0 16.0 16.0 16.0 19.047619047619047 19.047619047619047 18.181818181818183 18.181818181818183 19.047619047619047 19.047619047619047 16.0 16.0 16.0 16.0 16.0 16.0 
25 4.0 4.0 4.0 4.0 4.761904761904762 4.761904761904762 4.545454545454546 4.545454545454546 4.761904761904762 4.761904761904762 4.0 4.0 4.0 4.0 4.0 4.0 
26 1.0 1.0 1.0 1.0 1.1904761904761905 1.1904761904761905 1.1363636363636365 1.1363636363636365 1.1904761904761905 1.1904761904761905 1.0 1.0 1.0 1.0 1.0 1.0 
27 2.0 2.0 2.0 2.0 2.380952380952381 2.380952380952381 2.272727272727273 2.272727272727273 2.380952380952381 2.380952380952381 2.0 2.0 2.0 2.0 2.0 2.0 
29 4.0 4.0 4.0 4.0 4.761904761904762 4.761904761904762 4.545454545454546 4.545454545454546 4.761904761904762 4.761904761904762 4.0 4.0 4.0 4.0 4.0 4.0 
30 2.0 2.0 2.0 2.0 2.380952380952381 2.380952380952381 2.272727272727273 2.272727272727273 2.380952380952381 2.380952380952381 2.0 2.0 2.0 2.0 2.0 2.0 
;
set c_0 := 0;
param d := 
[0,*,*] : 
0 1 2 3 4 5 6 7 8 9 10 31 34 35 36 37 38 39 := 
0 0 0.0019127272727272728 0.0019127272727272728 0.0019127272727272728 0.0019127272727272728 0.0019127272727272728 0.0019127272727272728 0.0019127272727272728 0.0019127272727272728 0 0 0.0019127272727272728 0.0019127272727272728 0 0 0 0 0.0019127272727272728 
1 0.5355636363636364 0 0 0 0 0 0 0 0 0.0019127272727272728 0 0 0 0 0 0 0 0 
2 0.5355636363636364 0 0 0 0 0 0 0 0 0.0019127272727272728 0 0 0 0 0 0 0 0 
3 0.5355636363636364 0 0 0 0 0 0 0 0 0.0019127272727272728 0 0 0 0 0 0 0 0 
4 0.5355636363636364 0 0 0 0 0 0 0 0 0.0019127272727272728 0 0 0 0 0 0 0 0 
5 0.5355636363636364 0 0 0 0 0 0 0 0 0.0019127272727272728 0 0 0 0 0 0 0 0 
6 0.5355636363636364 0 0 0 0 0 0 0 0 0.0019127272727272728 0 0 0 0 0 0 0 0 
7 0.5355636363636364 0 0 0 0 0 0 0 0 0.0019127272727272728 0 0 0 0 0 0 0 0 
8 0.5355636363636364 0 0 0 0 0 0 0 0 0.0019127272727272728 0 0 0 0 0 0 0 0 
9 0 0.002677818181818182 0.002677818181818182 0.002677818181818182 0.002677818181818182 0.002677818181818182 0.002677818181818182 0.002677818181818182 0.002677818181818182 0 0.004208 0.002677818181818182 0.002677818181818182 0.004208 0.004208 0.004208 0.004208 0.002677818181818182 
10 0 0 0 0 0 0 0 0 0 0.029456 0 0 0 0 0 0 0 0 
31 0.5355636363636364 0 0 0 0 0 0 0 0 0.0019127272727272728 0 0 0 0 0 0 0 0 
34 0.5355636363636364 0 0 0 0 0 0 0 0 0.0019127272727272728 0 0 0 0 0 0 0 0 
35 0 0 0 0 0 0 0 0 0 0.029456 0 0 0 0 0 0 0 0 
36 0 0 0 0 0 0 0 0 0 0.029456 0 0 0 0 0 0 0 0 
37 0 0 0 0 0 0 0 0 0 0.029456 0 0 0 0 0 0 0 0 
38 0 0 0 0 0 0 0 0 0 0.029456 0 0 0 0 0 0 0 0 
39 0.5355636363636364 0 0 0 0 0 0 0 0 0.0019127272727272728 0 0 0 0 0 0 0 0 
[1,*,*] : 
0 11 12 13 14 15 16 := 
0 0 0.003758 0.003758 0.003758 0.003758 0 0 
11 1.05224 0 0 0 0 0.003758 0 
12 1.05224 0 0 0 0 0.003758 0 
13 1.05224 0 0 0 0 0.003758 0 
14 1.05224 0 0 0 0 0.003758 0 
15 0 0.005261200000000001 0.005261200000000001 0.005261200000000001 0.005261200000000001 0 0.015032 
16 0 0 0 0 0 0.15994048000000002 0 
[2,*,*] : 
0 17 18 19 20 21 28 40 := 
0 0 0.008202666666666667 0.008202666666666667 0 0 0 0.008202666666666667 0 
17 0.35154285714285716 0 0 0.0027342222222222225 0.0027342222222222225 0 0 0.0027342222222222225 
18 0.35154285714285716 0 0 0.0027342222222222225 0.0027342222222222225 0 0 0.0027342222222222225 
19 0 0.009022933333333333 0.009022933333333333 0 0 0.008202666666666667 0.009022933333333333 0 
20 0 0.009022933333333333 0.009022933333333333 0 0 0.008202666666666667 0.009022933333333333 0 
21 0 0 0 0.19218848 0.19218848 0 0 0.19218848 
28 0.35154285714285716 0 0 0.0027342222222222225 0.0027342222222222225 0 0 0.0027342222222222225 
40 0 0.009022933333333333 0.009022933333333333 0 0 0.008202666666666667 0.009022933333333333 0 
[3,*,*] : 
0 22 23 24 32 33 := 
0 0 0.015228 0 0 0 0.015228 
22 0.6526285714285716 0 0.015228 0 0 0 
23 0 0.05025240000000001 0 0.015228 0.015228 0.05025240000000001 
24 0 0 0.28643868000000006 0 0 0 
32 0 0 0.28643868000000006 0 0 0 
33 0.6526285714285716 0 0.015228 0 0 0 
[4,*,*] : 
0 25 26 27 29 30 := 
0 0 0.002924 0 0 0.002924 0 
25 0.81872 0 0.002924 0 0 0 
26 0 0.0040936 0 0.002924 0.0040936 0.002924 
27 0 0 8.187200000000001E-4 0 0 0 
29 0.81872 0 0.002924 0 0 0 
30 0 0 8.187200000000001E-4 0 0 0 
;
param x_bar : 0 1 2 3 4 5 6 7 8 9 10 11 12 13 14 15  := 
0 0 0 0 0 0 0 0 0 0 0 0 0 0 0 0 0 
;
