data;
set C_bar :=  ;
set C :=  1 2 3 4 5 6 7 8 9 10 11 12 13 14 15 16 17 18 19 20 21 22 23 24 25 26 27 28 29 30 31 32 33 34 35 39 36 37 38 40 ;
set R := 0 1 2 3 4 ;
set C_r[0] :=  
1 2 3 4 ;
set C_r[1] :=  
5 6 7 8 9 10 ;
set C_r[2] :=  
11 12 13 14 15 16 17 18 19 20 21 22 23 24 25 26 27 28 29 30 31 ;
set C_r[3] :=  
32 33 34 35 39 ;
set C_r[4] :=  
36 37 38 40 ;
set S :=  0 1 2 3 4 5 6 7 8 9 10 11 12 13 14 15 ;
set S_u :=  0 1 2 3 4 5 6 7 8 9 10 11 12 13 14 15 ;
set Rack :=  0 1 2 3 4 5 6 7 ;
param COST : 0 1 2 3 4 5 6 7 8 9 10 11 12 13 14 15 :=
0 0 1 3 3 5 5 5 5 5 5 5 5 5 5 5 5 
1 1 0 3 3 5 5 5 5 5 5 5 5 5 5 5 5 
2 3 3 0 1 5 5 5 5 5 5 5 5 5 5 5 5 
3 3 3 1 0 5 5 5 5 5 5 5 5 5 5 5 5 
4 5 5 5 5 0 1 3 3 5 5 5 5 5 5 5 5 
5 5 5 5 5 1 0 3 3 5 5 5 5 5 5 5 5 
6 5 5 5 5 3 3 0 1 5 5 5 5 5 5 5 5 
7 5 5 5 5 3 3 1 0 5 5 5 5 5 5 5 5 
8 5 5 5 5 5 5 5 5 0 1 3 3 5 5 5 5 
9 5 5 5 5 5 5 5 5 1 0 3 3 5 5 5 5 
10 5 5 5 5 5 5 5 5 3 3 0 1 5 5 5 5 
11 5 5 5 5 5 5 5 5 3 3 1 0 5 5 5 5 
12 5 5 5 5 5 5 5 5 5 5 5 5 0 1 3 3 
13 5 5 5 5 5 5 5 5 5 5 5 5 1 0 3 3 
14 5 5 5 5 5 5 5 5 5 5 5 5 3 3 0 1 
15 5 5 5 5 5 5 5 5 5 5 5 5 3 3 1 0 
;
set S_rack[0] :=  
0 1 ;
set S_rack[1] :=  
2 3 ;
set S_rack[2] :=  
4 5 ;
set S_rack[3] :=  
6 7 ;
set S_rack[4] :=  
8 9 ;
set S_rack[5] :=  
10 11 ;
set S_rack[6] :=  
12 13 ;
set S_rack[7] :=  
14 15 ;
param CPU := 
0 56.0
1 56.0
2 28.0
3 28.0
4 28.0
5 28.0
6 28.0
7 28.0
8 44.0
9 44.0
10 28.0
11 28.0
12 44.0
13 44.0
14 28.0
15 28.0
;
param MEM := 
0 192.0
1 192.0
2 192.0
3 192.0
4 96.0
5 96.0
6 192.0
7 192.0
8 128.0
9 128.0
10 48.0
11 48.0
12 128.0
13 128.0
14 192.0
15 192.0
;
param DISK := 
0 384.0
1 384.0
2 384.0
3 384.0
4 192.0
5 192.0
6 384.0
7 384.0
8 256.0
9 256.0
10 96.0
11 96.0
12 256.0
13 256.0
14 384.0
15 384.0
;
param BDW_out := 
0 10.0
1 10.0
2 10.0
3 10.0
4 10.0
5 10.0
6 10.0
7 10.0
8 10.0
9 10.0
10 10.0
11 10.0
12 10.0
13 10.0
14 10.0
15 10.0
;
param BDW_in := 
0 10.0
1 10.0
2 10.0
3 10.0
4 10.0
5 10.0
6 10.0
7 10.0
8 10.0
9 10.0
10 10.0
11 10.0
12 10.0
13 10.0
14 10.0
15 10.0
;
param mem := 
1 64.0
2 8.0
3 8.0
4 16.0
5 2.0
6 2.0
7 2.0
8 2.0
9 4.0
10 32.0
11 8.0
12 8.0
13 8.0
14 8.0
15 8.0
16 8.0
17 8.0
18 8.0
19 8.0
20 8.0
21 8.0
22 8.0
23 8.0
24 8.0
25 8.0
26 8.0
27 8.0
28 8.0
29 8.0
30 2.0
31 1.0
32 4.0
33 4.0
34 16.0
35 32.0
39 32.0
36 16.0
37 4.0
38 2.0
40 4.0
;
param disk := 
1 64.0
2 24.0
3 24.0
4 36.0
5 8.0
6 8.0
7 8.0
8 8.0
9 16.0
10 43.2
11 24.0
12 24.0
13 24.0
14 24.0
15 24.0
16 24.0
17 24.0
18 24.0
19 24.0
20 24.0
21 24.0
22 24.0
23 24.0
24 24.0
25 24.0
26 24.0
27 24.0
28 24.0
29 24.0
30 8.0
31 4.0
32 16.0
33 16.0
34 36.0
35 43.2
39 43.2
36 36.0
37 16.0
38 8.0
40 16.0
;
param cpu : 
0 1 2 3 4 5 6 7 8 9 10 11 12 13 14 15 := 
1 16.0 16.0 16.0 16.0 19.047619047619047 19.047619047619047 16.0 16.0 18.181818181818183 18.181818181818183 16.0 16.0 18.181818181818183 18.181818181818183 16.0 16.0 
2 2.0 2.0 2.0 2.0 2.380952380952381 2.380952380952381 2.0 2.0 2.272727272727273 2.272727272727273 2.0 2.0 2.272727272727273 2.272727272727273 2.0 2.0 
3 2.0 2.0 2.0 2.0 2.380952380952381 2.380952380952381 2.0 2.0 2.272727272727273 2.272727272727273 2.0 2.0 2.272727272727273 2.272727272727273 2.0 2.0 
4 4.0 4.0 4.0 4.0 4.761904761904762 4.761904761904762 4.0 4.0 4.545454545454546 4.545454545454546 4.0 4.0 4.545454545454546 4.545454545454546 4.0 4.0 
5 1.0 1.0 1.0 1.0 1.1904761904761905 1.1904761904761905 1.0 1.0 1.1363636363636365 1.1363636363636365 1.0 1.0 1.1363636363636365 1.1363636363636365 1.0 1.0 
6 1.0 1.0 1.0 1.0 1.1904761904761905 1.1904761904761905 1.0 1.0 1.1363636363636365 1.1363636363636365 1.0 1.0 1.1363636363636365 1.1363636363636365 1.0 1.0 
7 1.0 1.0 1.0 1.0 1.1904761904761905 1.1904761904761905 1.0 1.0 1.1363636363636365 1.1363636363636365 1.0 1.0 1.1363636363636365 1.1363636363636365 1.0 1.0 
8 1.0 1.0 1.0 1.0 1.1904761904761905 1.1904761904761905 1.0 1.0 1.1363636363636365 1.1363636363636365 1.0 1.0 1.1363636363636365 1.1363636363636365 1.0 1.0 
9 2.0 2.0 2.0 2.0 2.380952380952381 2.380952380952381 2.0 2.0 2.272727272727273 2.272727272727273 2.0 2.0 2.272727272727273 2.272727272727273 2.0 2.0 
10 8.0 8.0 8.0 8.0 9.523809523809524 9.523809523809524 8.0 8.0 9.090909090909092 9.090909090909092 8.0 8.0 9.090909090909092 9.090909090909092 8.0 8.0 
11 2.0 2.0 2.0 2.0 2.380952380952381 2.380952380952381 2.0 2.0 2.272727272727273 2.272727272727273 2.0 2.0 2.272727272727273 2.272727272727273 2.0 2.0 
12 2.0 2.0 2.0 2.0 2.380952380952381 2.380952380952381 2.0 2.0 2.272727272727273 2.272727272727273 2.0 2.0 2.272727272727273 2.272727272727273 2.0 2.0 
13 2.0 2.0 2.0 2.0 2.380952380952381 2.380952380952381 2.0 2.0 2.272727272727273 2.272727272727273 2.0 2.0 2.272727272727273 2.272727272727273 2.0 2.0 
14 2.0 2.0 2.0 2.0 2.380952380952381 2.380952380952381 2.0 2.0 2.272727272727273 2.272727272727273 2.0 2.0 2.272727272727273 2.272727272727273 2.0 2.0 
15 2.0 2.0 2.0 2.0 2.380952380952381 2.380952380952381 2.0 2.0 2.272727272727273 2.272727272727273 2.0 2.0 2.272727272727273 2.272727272727273 2.0 2.0 
16 2.0 2.0 2.0 2.0 2.380952380952381 2.380952380952381 2.0 2.0 2.272727272727273 2.272727272727273 2.0 2.0 2.272727272727273 2.272727272727273 2.0 2.0 
17 2.0 2.0 2.0 2.0 2.380952380952381 2.380952380952381 2.0 2.0 2.272727272727273 2.272727272727273 2.0 2.0 2.272727272727273 2.272727272727273 2.0 2.0 
18 2.0 2.0 2.0 2.0 2.380952380952381 2.380952380952381 2.0 2.0 2.272727272727273 2.272727272727273 2.0 2.0 2.272727272727273 2.272727272727273 2.0 2.0 
19 2.0 2.0 2.0 2.0 2.380952380952381 2.380952380952381 2.0 2.0 2.272727272727273 2.272727272727273 2.0 2.0 2.272727272727273 2.272727272727273 2.0 2.0 
20 2.0 2.0 2.0 2.0 2.380952380952381 2.380952380952381 2.0 2.0 2.272727272727273 2.272727272727273 2.0 2.0 2.272727272727273 2.272727272727273 2.0 2.0 
21 2.0 2.0 2.0 2.0 2.380952380952381 2.380952380952381 2.0 2.0 2.272727272727273 2.272727272727273 2.0 2.0 2.272727272727273 2.272727272727273 2.0 2.0 
22 2.0 2.0 2.0 2.0 2.380952380952381 2.380952380952381 2.0 2.0 2.272727272727273 2.272727272727273 2.0 2.0 2.272727272727273 2.272727272727273 2.0 2.0 
23 2.0 2.0 2.0 2.0 2.380952380952381 2.380952380952381 2.0 2.0 2.272727272727273 2.272727272727273 2.0 2.0 2.272727272727273 2.272727272727273 2.0 2.0 
24 2.0 2.0 2.0 2.0 2.380952380952381 2.380952380952381 2.0 2.0 2.272727272727273 2.272727272727273 2.0 2.0 2.272727272727273 2.272727272727273 2.0 2.0 
25 2.0 2.0 2.0 2.0 2.380952380952381 2.380952380952381 2.0 2.0 2.272727272727273 2.272727272727273 2.0 2.0 2.272727272727273 2.272727272727273 2.0 2.0 
26 2.0 2.0 2.0 2.0 2.380952380952381 2.380952380952381 2.0 2.0 2.272727272727273 2.272727272727273 2.0 2.0 2.272727272727273 2.272727272727273 2.0 2.0 
27 2.0 2.0 2.0 2.0 2.380952380952381 2.380952380952381 2.0 2.0 2.272727272727273 2.272727272727273 2.0 2.0 2.272727272727273 2.272727272727273 2.0 2.0 
28 2.0 2.0 2.0 2.0 2.380952380952381 2.380952380952381 2.0 2.0 2.272727272727273 2.272727272727273 2.0 2.0 2.272727272727273 2.272727272727273 2.0 2.0 
29 2.0 2.0 2.0 2.0 2.380952380952381 2.380952380952381 2.0 2.0 2.272727272727273 2.272727272727273 2.0 2.0 2.272727272727273 2.272727272727273 2.0 2.0 
30 1.0 1.0 1.0 1.0 1.1904761904761905 1.1904761904761905 1.0 1.0 1.1363636363636365 1.1363636363636365 1.0 1.0 1.1363636363636365 1.1363636363636365 1.0 1.0 
31 1.0 1.0 1.0 1.0 1.1904761904761905 1.1904761904761905 1.0 1.0 1.1363636363636365 1.1363636363636365 1.0 1.0 1.1363636363636365 1.1363636363636365 1.0 1.0 
32 2.0 2.0 2.0 2.0 2.380952380952381 2.380952380952381 2.0 2.0 2.272727272727273 2.272727272727273 2.0 2.0 2.272727272727273 2.272727272727273 2.0 2.0 
33 2.0 2.0 2.0 2.0 2.380952380952381 2.380952380952381 2.0 2.0 2.272727272727273 2.272727272727273 2.0 2.0 2.272727272727273 2.272727272727273 2.0 2.0 
34 4.0 4.0 4.0 4.0 4.761904761904762 4.761904761904762 4.0 4.0 4.545454545454546 4.545454545454546 4.0 4.0 4.545454545454546 4.545454545454546 4.0 4.0 
35 8.0 8.0 8.0 8.0 9.523809523809524 9.523809523809524 8.0 8.0 9.090909090909092 9.090909090909092 8.0 8.0 9.090909090909092 9.090909090909092 8.0 8.0 
39 8.0 8.0 8.0 8.0 9.523809523809524 9.523809523809524 8.0 8.0 9.090909090909092 9.090909090909092 8.0 8.0 9.090909090909092 9.090909090909092 8.0 8.0 
36 4.0 4.0 4.0 4.0 4.761904761904762 4.761904761904762 4.0 4.0 4.545454545454546 4.545454545454546 4.0 4.0 4.545454545454546 4.545454545454546 4.0 4.0 
37 2.0 2.0 2.0 2.0 2.380952380952381 2.380952380952381 2.0 2.0 2.272727272727273 2.272727272727273 2.0 2.0 2.272727272727273 2.272727272727273 2.0 2.0 
38 1.0 1.0 1.0 1.0 1.1904761904761905 1.1904761904761905 1.0 1.0 1.1363636363636365 1.1363636363636365 1.0 1.0 1.1363636363636365 1.1363636363636365 1.0 1.0 
40 2.0 2.0 2.0 2.0 2.380952380952381 2.380952380952381 2.0 2.0 2.272727272727273 2.272727272727273 2.0 2.0 2.272727272727273 2.272727272727273 2.0 2.0 
;
set c_0 := 0;
param d := 
[0,*,*] : 
0 1 2 3 4 := 
0 0 0.024072 0 0 0 
1 1.031657142857143 0 0.012036 0.012036 0 
2 0 0.039718800000000005 0 0 0.012036 
3 0 0.039718800000000005 0 0 0.012036 
4 0 0 0.35349732000000006 0.35349732000000006 0 
[1,*,*] : 
0 5 6 7 8 9 10 := 
0 0 0.003902 0.003902 0.003902 0.003902 0 0 
5 1.09256 0 0 0 0 0.003902 0 
6 1.09256 0 0 0 0 0.003902 0 
7 1.09256 0 0 0 0 0.003902 0 
8 1.09256 0 0 0 0 0.003902 0 
9 0 0.0054628 0.0054628 0.0054628 0.0054628 0 0.015608 
10 0 0 0 0 0 0.00218512 0 
[2,*,*] : 
0 11 12 13 14 15 16 17 18 19 20 21 22 23 24 25 26 27 28 29 30 31 := 
0 0 0.0015949473684210528 0.0015949473684210528 0.0015949473684210528 0.0015949473684210528 0.0015949473684210528 0.0015949473684210528 0.0015949473684210528 0.0015949473684210528 0.0015949473684210528 0.0015949473684210528 0.0015949473684210528 0.0015949473684210528 0.0015949473684210528 0.0015949473684210528 0.0015949473684210528 0.0015949473684210528 0.0015949473684210528 0.0015949473684210528 0.0015949473684210528 0 0 
11 0.44658526315789476 0 0 0 0 0 0 0 0 0 0 0 0 0 0 0 0 0 0 0 0.0015949473684210528 0 
12 0.44658526315789476 0 0 0 0 0 0 0 0 0 0 0 0 0 0 0 0 0 0 0 0.0015949473684210528 0 
13 0.44658526315789476 0 0 0 0 0 0 0 0 0 0 0 0 0 0 0 0 0 0 0 0.0015949473684210528 0 
14 0.44658526315789476 0 0 0 0 0 0 0 0 0 0 0 0 0 0 0 0 0 0 0 0.0015949473684210528 0 
15 0.44658526315789476 0 0 0 0 0 0 0 0 0 0 0 0 0 0 0 0 0 0 0 0.0015949473684210528 0 
16 0.44658526315789476 0 0 0 0 0 0 0 0 0 0 0 0 0 0 0 0 0 0 0 0.0015949473684210528 0 
17 0.44658526315789476 0 0 0 0 0 0 0 0 0 0 0 0 0 0 0 0 0 0 0 0.0015949473684210528 0 
18 0.44658526315789476 0 0 0 0 0 0 0 0 0 0 0 0 0 0 0 0 0 0 0 0.0015949473684210528 0 
19 0.44658526315789476 0 0 0 0 0 0 0 0 0 0 0 0 0 0 0 0 0 0 0 0.0015949473684210528 0 
20 0.44658526315789476 0 0 0 0 0 0 0 0 0 0 0 0 0 0 0 0 0 0 0 0.0015949473684210528 0 
21 0.44658526315789476 0 0 0 0 0 0 0 0 0 0 0 0 0 0 0 0 0 0 0 0.0015949473684210528 0 
22 0.44658526315789476 0 0 0 0 0 0 0 0 0 0 0 0 0 0 0 0 0 0 0 0.0015949473684210528 0 
23 0.44658526315789476 0 0 0 0 0 0 0 0 0 0 0 0 0 0 0 0 0 0 0 0.0015949473684210528 0 
24 0.44658526315789476 0 0 0 0 0 0 0 0 0 0 0 0 0 0 0 0 0 0 0 0.0015949473684210528 0 
25 0.44658526315789476 0 0 0 0 0 0 0 0 0 0 0 0 0 0 0 0 0 0 0 0.0015949473684210528 0 
26 0.44658526315789476 0 0 0 0 0 0 0 0 0 0 0 0 0 0 0 0 0 0 0 0.0015949473684210528 0 
27 0.44658526315789476 0 0 0 0 0 0 0 0 0 0 0 0 0 0 0 0 0 0 0 0.0015949473684210528 0 
28 0.44658526315789476 0 0 0 0 0 0 0 0 0 0 0 0 0 0 0 0 0 0 0 0.0015949473684210528 0 
29 0.44658526315789476 0 0 0 0 0 0 0 0 0 0 0 0 0 0 0 0 0 0 0 0.0015949473684210528 0 
30 0 0.0022329263157894737 0.0022329263157894737 0.0022329263157894737 0.0022329263157894737 0.0022329263157894737 0.0022329263157894737 0.0022329263157894737 0.0022329263157894737 0.0022329263157894737 0.0022329263157894737 0.0022329263157894737 0.0022329263157894737 0.0022329263157894737 0.0022329263157894737 0.0022329263157894737 0.0022329263157894737 0.0022329263157894737 0.0022329263157894737 0.0022329263157894737 0 0.030304 
31 0 0 0 0 0 0 0 0 0 0 0 0 0 0 0 0 0 0 0 0 0.30122176 0 
[3,*,*] : 
0 32 33 34 35 39 := 
0 0 0.00414 0.00414 0 0 0 
32 1.1591999999999998 0 0 0.00414 0 0 
33 1.1591999999999998 0 0 0.00414 0 0 
34 0 0.005795999999999999 0.005795999999999999 0 0.00414 0.00414 
35 0 0 0 0.03883319999999999 0 0 
39 0 0 0 0.03883319999999999 0 0 
[4,*,*] : 
0 36 37 38 40 := 
0 0 0.006272 0 0 0 
36 1.75616 0 0.003136 0 0.003136 
37 0 0.0043904 0 0.003136 0 
38 0 0 0.02502528 0 0.02502528 
40 0 0.0043904 0 0.003136 0 
;
param x_bar : 0 1 2 3 4 5 6 7 8 9 10 11 12 13 14 15  := 
0 0 0 0 0 0 0 0 0 0 0 0 0 0 0 0 0 
;
