data;
set C_bar :=  ;
set C :=  1 2 3 4 26 27 28 29 30 31 32 33 5 6 7 8 9 10 11 12 13 35 36 37 14 15 16 17 21 22 34 38 39 40 18 19 20 23 24 25 ;
set R := 0 1 2 3 4 ;
set C_r[0] :=  
1 2 3 4 26 27 28 29 30 31 32 33 ;
set C_r[1] :=  
5 6 7 8 9 10 ;
set C_r[2] :=  
11 12 13 35 36 37 ;
set C_r[3] :=  
14 15 16 17 21 22 34 38 39 40 ;
set C_r[4] :=  
18 19 20 23 24 25 ;
set S :=  0 1 2 3 4 5 6 7 8 9 10 11 12 13 14 15 ;
set S_u :=  0 1 2 3 4 5 6 7 8 9 10 11 12 13 14 15 ;
set Rack :=  0 1 2 3 4 5 6 7 ;
param COST : 0 1 2 3 4 5 6 7 8 9 10 11 12 13 14 15 :=
0 0 1 3 3 5 5 5 5 5 5 5 5 5 5 5 5 
1 1 0 3 3 5 5 5 5 5 5 5 5 5 5 5 5 
2 3 3 0 1 5 5 5 5 5 5 5 5 5 5 5 5 
3 3 3 1 0 5 5 5 5 5 5 5 5 5 5 5 5 
4 5 5 5 5 0 1 3 3 5 5 5 5 5 5 5 5 
5 5 5 5 5 1 0 3 3 5 5 5 5 5 5 5 5 
6 5 5 5 5 3 3 0 1 5 5 5 5 5 5 5 5 
7 5 5 5 5 3 3 1 0 5 5 5 5 5 5 5 5 
8 5 5 5 5 5 5 5 5 0 1 3 3 5 5 5 5 
9 5 5 5 5 5 5 5 5 1 0 3 3 5 5 5 5 
10 5 5 5 5 5 5 5 5 3 3 0 1 5 5 5 5 
11 5 5 5 5 5 5 5 5 3 3 1 0 5 5 5 5 
12 5 5 5 5 5 5 5 5 5 5 5 5 0 1 3 3 
13 5 5 5 5 5 5 5 5 5 5 5 5 1 0 3 3 
14 5 5 5 5 5 5 5 5 5 5 5 5 3 3 0 1 
15 5 5 5 5 5 5 5 5 5 5 5 5 3 3 1 0 
;
set S_rack[0] :=  
0 1 ;
set S_rack[1] :=  
2 3 ;
set S_rack[2] :=  
4 5 ;
set S_rack[3] :=  
6 7 ;
set S_rack[4] :=  
8 9 ;
set S_rack[5] :=  
10 11 ;
set S_rack[6] :=  
12 13 ;
set S_rack[7] :=  
14 15 ;
param CPU := 
0 56.0
1 56.0
2 28.0
3 28.0
4 44.0
5 44.0
6 56.0
7 56.0
8 56.0
9 56.0
10 56.0
11 56.0
12 56.0
13 56.0
14 56.0
15 56.0
;
param MEM := 
0 192.0
1 192.0
2 192.0
3 192.0
4 128.0
5 128.0
6 192.0
7 192.0
8 192.0
9 192.0
10 192.0
11 192.0
12 192.0
13 192.0
14 192.0
15 192.0
;
param DISK := 
0 384.0
1 384.0
2 384.0
3 384.0
4 256.0
5 256.0
6 384.0
7 384.0
8 384.0
9 384.0
10 384.0
11 384.0
12 384.0
13 384.0
14 384.0
15 384.0
;
param BDW_out := 
0 10.0
1 10.0
2 10.0
3 10.0
4 10.0
5 10.0
6 10.0
7 10.0
8 10.0
9 10.0
10 10.0
11 10.0
12 10.0
13 10.0
14 10.0
15 10.0
;
param BDW_in := 
0 10.0
1 10.0
2 10.0
3 10.0
4 10.0
5 10.0
6 10.0
7 10.0
8 10.0
9 10.0
10 10.0
11 10.0
12 10.0
13 10.0
14 10.0
15 10.0
;
param mem := 
1 32.0
2 32.0
3 1.0
4 32.0
26 1.0
27 32.0
28 32.0
29 1.0
30 32.0
31 32.0
32 32.0
33 32.0
5 4.0
6 4.0
7 4.0
8 4.0
9 16.0
10 16.0
11 16.0
12 32.0
13 16.0
35 32.0
36 16.0
37 16.0
14 8.0
15 8.0
16 4.0
17 16.0
21 16.0
22 16.0
34 16.0
38 16.0
39 16.0
40 16.0
18 4.0
19 8.0
20 8.0
23 8.0
24 8.0
25 4.0
;
param disk := 
1 43.2
2 43.2
3 4.0
4 43.2
26 4.0
27 43.2
28 43.2
29 4.0
30 43.2
31 43.2
32 43.2
33 43.2
5 16.0
6 16.0
7 16.0
8 16.0
9 36.0
10 36.0
11 36.0
12 50.0
13 36.0
35 50.0
36 36.0
37 36.0
14 24.0
15 24.0
16 16.0
17 36.0
21 36.0
22 36.0
34 36.0
38 36.0
39 36.0
40 36.0
18 16.0
19 24.0
20 24.0
23 24.0
24 24.0
25 16.0
;
param cpu : 
0 1 2 3 4 5 6 7 8 9 10 11 12 13 14 15 := 
1 8.0 8.0 8.0 8.0 9.090909090909092 9.090909090909092 8.0 8.0 8.0 8.0 8.0 8.0 8.0 8.0 8.0 8.0 
2 8.0 8.0 8.0 8.0 9.090909090909092 9.090909090909092 8.0 8.0 8.0 8.0 8.0 8.0 8.0 8.0 8.0 8.0 
3 1.0 1.0 1.0 1.0 1.1363636363636365 1.1363636363636365 1.0 1.0 1.0 1.0 1.0 1.0 1.0 1.0 1.0 1.0 
4 8.0 8.0 8.0 8.0 9.090909090909092 9.090909090909092 8.0 8.0 8.0 8.0 8.0 8.0 8.0 8.0 8.0 8.0 
26 1.0 1.0 1.0 1.0 1.1363636363636365 1.1363636363636365 1.0 1.0 1.0 1.0 1.0 1.0 1.0 1.0 1.0 1.0 
27 8.0 8.0 8.0 8.0 9.090909090909092 9.090909090909092 8.0 8.0 8.0 8.0 8.0 8.0 8.0 8.0 8.0 8.0 
28 8.0 8.0 8.0 8.0 9.090909090909092 9.090909090909092 8.0 8.0 8.0 8.0 8.0 8.0 8.0 8.0 8.0 8.0 
29 1.0 1.0 1.0 1.0 1.1363636363636365 1.1363636363636365 1.0 1.0 1.0 1.0 1.0 1.0 1.0 1.0 1.0 1.0 
30 8.0 8.0 8.0 8.0 9.090909090909092 9.090909090909092 8.0 8.0 8.0 8.0 8.0 8.0 8.0 8.0 8.0 8.0 
31 8.0 8.0 8.0 8.0 9.090909090909092 9.090909090909092 8.0 8.0 8.0 8.0 8.0 8.0 8.0 8.0 8.0 8.0 
32 8.0 8.0 8.0 8.0 9.090909090909092 9.090909090909092 8.0 8.0 8.0 8.0 8.0 8.0 8.0 8.0 8.0 8.0 
33 8.0 8.0 8.0 8.0 9.090909090909092 9.090909090909092 8.0 8.0 8.0 8.0 8.0 8.0 8.0 8.0 8.0 8.0 
5 2.0 2.0 2.0 2.0 2.272727272727273 2.272727272727273 2.0 2.0 2.0 2.0 2.0 2.0 2.0 2.0 2.0 2.0 
6 2.0 2.0 2.0 2.0 2.272727272727273 2.272727272727273 2.0 2.0 2.0 2.0 2.0 2.0 2.0 2.0 2.0 2.0 
7 2.0 2.0 2.0 2.0 2.272727272727273 2.272727272727273 2.0 2.0 2.0 2.0 2.0 2.0 2.0 2.0 2.0 2.0 
8 2.0 2.0 2.0 2.0 2.272727272727273 2.272727272727273 2.0 2.0 2.0 2.0 2.0 2.0 2.0 2.0 2.0 2.0 
9 4.0 4.0 4.0 4.0 4.545454545454546 4.545454545454546 4.0 4.0 4.0 4.0 4.0 4.0 4.0 4.0 4.0 4.0 
10 4.0 4.0 4.0 4.0 4.545454545454546 4.545454545454546 4.0 4.0 4.0 4.0 4.0 4.0 4.0 4.0 4.0 4.0 
11 4.0 4.0 4.0 4.0 4.545454545454546 4.545454545454546 4.0 4.0 4.0 4.0 4.0 4.0 4.0 4.0 4.0 4.0 
12 8.0 8.0 8.0 8.0 9.090909090909092 9.090909090909092 8.0 8.0 8.0 8.0 8.0 8.0 8.0 8.0 8.0 8.0 
13 4.0 4.0 4.0 4.0 4.545454545454546 4.545454545454546 4.0 4.0 4.0 4.0 4.0 4.0 4.0 4.0 4.0 4.0 
35 8.0 8.0 8.0 8.0 9.090909090909092 9.090909090909092 8.0 8.0 8.0 8.0 8.0 8.0 8.0 8.0 8.0 8.0 
36 4.0 4.0 4.0 4.0 4.545454545454546 4.545454545454546 4.0 4.0 4.0 4.0 4.0 4.0 4.0 4.0 4.0 4.0 
37 4.0 4.0 4.0 4.0 4.545454545454546 4.545454545454546 4.0 4.0 4.0 4.0 4.0 4.0 4.0 4.0 4.0 4.0 
14 2.0 2.0 2.0 2.0 2.272727272727273 2.272727272727273 2.0 2.0 2.0 2.0 2.0 2.0 2.0 2.0 2.0 2.0 
15 2.0 2.0 2.0 2.0 2.272727272727273 2.272727272727273 2.0 2.0 2.0 2.0 2.0 2.0 2.0 2.0 2.0 2.0 
16 2.0 2.0 2.0 2.0 2.272727272727273 2.272727272727273 2.0 2.0 2.0 2.0 2.0 2.0 2.0 2.0 2.0 2.0 
17 4.0 4.0 4.0 4.0 4.545454545454546 4.545454545454546 4.0 4.0 4.0 4.0 4.0 4.0 4.0 4.0 4.0 4.0 
21 4.0 4.0 4.0 4.0 4.545454545454546 4.545454545454546 4.0 4.0 4.0 4.0 4.0 4.0 4.0 4.0 4.0 4.0 
22 4.0 4.0 4.0 4.0 4.545454545454546 4.545454545454546 4.0 4.0 4.0 4.0 4.0 4.0 4.0 4.0 4.0 4.0 
34 4.0 4.0 4.0 4.0 4.545454545454546 4.545454545454546 4.0 4.0 4.0 4.0 4.0 4.0 4.0 4.0 4.0 4.0 
38 4.0 4.0 4.0 4.0 4.545454545454546 4.545454545454546 4.0 4.0 4.0 4.0 4.0 4.0 4.0 4.0 4.0 4.0 
39 4.0 4.0 4.0 4.0 4.545454545454546 4.545454545454546 4.0 4.0 4.0 4.0 4.0 4.0 4.0 4.0 4.0 4.0 
40 4.0 4.0 4.0 4.0 4.545454545454546 4.545454545454546 4.0 4.0 4.0 4.0 4.0 4.0 4.0 4.0 4.0 4.0 
18 2.0 2.0 2.0 2.0 2.272727272727273 2.272727272727273 2.0 2.0 2.0 2.0 2.0 2.0 2.0 2.0 2.0 2.0 
19 2.0 2.0 2.0 2.0 2.272727272727273 2.272727272727273 2.0 2.0 2.0 2.0 2.0 2.0 2.0 2.0 2.0 2.0 
20 2.0 2.0 2.0 2.0 2.272727272727273 2.272727272727273 2.0 2.0 2.0 2.0 2.0 2.0 2.0 2.0 2.0 2.0 
23 2.0 2.0 2.0 2.0 2.272727272727273 2.272727272727273 2.0 2.0 2.0 2.0 2.0 2.0 2.0 2.0 2.0 2.0 
24 2.0 2.0 2.0 2.0 2.272727272727273 2.272727272727273 2.0 2.0 2.0 2.0 2.0 2.0 2.0 2.0 2.0 2.0 
25 2.0 2.0 2.0 2.0 2.272727272727273 2.272727272727273 2.0 2.0 2.0 2.0 2.0 2.0 2.0 2.0 2.0 2.0 
;
set c_0 := 0;
param d := 
[0,*,*] : 
0 1 2 3 4 26 27 28 29 30 31 32 33 := 
0 0 0.004416 0.004416 0 0 0 0 0.004416 0 0 0.004416 0 0 
1 1.23648 0 0 0.001472 0 0.001472 0 0 0.001472 0 0 0 0 
2 1.23648 0 0 0.001472 0 0.001472 0 0 0.001472 0 0 0 0 
3 0 0.0020608000000000002 0.0020608000000000002 0 0.0011776 0 0.0011776 0.0020608000000000002 0 0.0011776 0.0020608000000000002 0.0011776 0.0011776 
4 0 0 0 0.008572928 0 0.008572928 0 0 0.008572928 0 0 0 0 
26 0 0.0020608000000000002 0.0020608000000000002 0 0.0011776 0 0.0011776 0.0020608000000000002 0 0.0011776 0.0020608000000000002 0.0011776 0.0011776 
27 0 0 0 0.008572928 0 0.008572928 0 0 0.008572928 0 0 0 0 
28 1.23648 0 0 0.001472 0 0.001472 0 0 0.001472 0 0 0 0 
29 0 0.0020608000000000002 0.0020608000000000002 0 0.0011776 0 0.0011776 0.0020608000000000002 0 0.0011776 0.0020608000000000002 0.0011776 0.0011776 
30 0 0 0 0.008572928 0 0.008572928 0 0 0.008572928 0 0 0 0 
31 1.23648 0 0 0.001472 0 0.001472 0 0 0.001472 0 0 0 0 
32 0 0 0 0.008572928 0 0.008572928 0 0 0.008572928 0 0 0 0 
33 0 0 0 0.008572928 0 0.008572928 0 0 0.008572928 0 0 0 0 
[1,*,*] : 
0 5 6 7 8 9 10 := 
0 0 0.004888 0.004888 0.004888 0.004888 0 0 
5 1.36864 0 0 0 0 0.004888 0 
6 1.36864 0 0 0 0 0.004888 0 
7 1.36864 0 0 0 0 0.004888 0 
8 1.36864 0 0 0 0 0.004888 0 
9 0 0.006843200000000001 0.006843200000000001 0.006843200000000001 0.006843200000000001 0 0.019552 
10 0 0 0 0 0 0.18613504 0 
[2,*,*] : 
0 11 12 13 35 36 37 := 
0 0 0.014424 0 0 0 0 0 
11 0.6181714285714286 0 0.007212 0 0.007212 0 0 
12 0 0.0237996 0 0.002404 0 0.002404 0.002404 
13 0 0 0.06029232 0 0.06029232 0 0 
35 0 0.0237996 0 0.002404 0 0.002404 0.002404 
36 0 0 0.06029232 0 0.06029232 0 0 
37 0 0 0.06029232 0 0.06029232 0 0 
[3,*,*] : 
0 14 15 16 17 21 22 34 38 39 40 := 
0 0 0.008672 0.008672 0 0 0 0 0 0 0 0 
14 0.3716571428571428 0 0 0.008672 0 0 0 0 0 0 0 
15 0.3716571428571428 0 0 0.008672 0 0 0 0 0 0 0 
16 0 0.028617599999999993 0.028617599999999993 0 0.0024777142857142853 0.0024777142857142853 0.0024777142857142853 0.0024777142857142853 0.0024777142857142853 0.0024777142857142853 0.0024777142857142853 
17 0 0 0 0.07440575999999997 0 0 0 0 0 0 0 
21 0 0 0 0.07440575999999997 0 0 0 0 0 0 0 
22 0 0 0 0.07440575999999997 0 0 0 0 0 0 0 
34 0 0 0 0.07440575999999997 0 0 0 0 0 0 0 
38 0 0 0 0.07440575999999997 0 0 0 0 0 0 0 
39 0 0 0 0.07440575999999997 0 0 0 0 0 0 0 
40 0 0 0 0.07440575999999997 0 0 0 0 0 0 0 
[4,*,*] : 
0 18 19 20 23 24 25 := 
0 0 0.009212 0 0 0 0 0.009212 
18 0.39480000000000004 0 0.004606 0 0 0.004606 0 
19 0 0.0151998 0 0.004606 0.004606 0 0.0151998 
20 0 0 0.018239759999999997 0 0 0.018239759999999997 0 
23 0 0 0.018239759999999997 0 0 0.018239759999999997 0 
24 0 0.0151998 0 0.004606 0.004606 0 0.0151998 
25 0.39480000000000004 0 0.004606 0 0 0.004606 0 
;
param x_bar : 0 1 2 3 4 5 6 7 8 9 10 11 12 13 14 15  := 
0 0 0 0 0 0 0 0 0 0 0 0 0 0 0 0 0 
;
