data;
set C_bar :=  1 2 3 4 5 6 7 8 9 10 11 12 13 14 15 16 17 18 19 20 21 22 23 24 25 26 ;
set C :=  27 28 29 39 40 41 50 30 31 32 33 34 35 36 37 38 42 43 48 49 44 45 46 47 51 52 53 54 55 56 ;
set R := 0 1 2 3 4 5 ;
set C_bar_r[0] :=  
1 2 3 4 ;
set C_bar_r[1] :=  
5 6 7 8 9 10 11 12 13 14 ;
set C_bar_r[2] :=  
15 16 17 18 ;
set C_bar_r[3] :=  
19 20 21 22 23 24 25 26 ;
set C_r[0] :=  
;
set C_r[1] :=  
42 43 48 49 ;
set C_r[2] :=  
44 45 46 47 ;
set C_r[3] :=  
51 52 53 54 55 56 ;
set C_r[4] :=  
27 28 29 39 40 41 50 ;
set C_r[5] :=  
30 31 32 33 34 35 36 37 38 ;
set S :=  0 1 2 3 4 5 6 7 8 9 10 11 12 13 14 15 ;
set S_u :=  0 1 2 3 4 5 6 7 8 9 10 11 12 13 14 15 ;
set S_r[0] := 
8 9 ;
set S_r[1] := 
4 5 12 14 15 ;
set S_r[2] := 
12 13 ;
set S_r[3] := 
0 1 4 5 ;
set Rack :=  0 1 2 3 4 5 6 7 ;
param COST : 0 1 2 3 4 5 6 7 8 9 10 11 12 13 14 15 :=
0 0 1 3 3 5 5 5 5 5 5 5 5 5 5 5 5 
1 1 0 3 3 5 5 5 5 5 5 5 5 5 5 5 5 
2 3 3 0 1 5 5 5 5 5 5 5 5 5 5 5 5 
3 3 3 1 0 5 5 5 5 5 5 5 5 5 5 5 5 
4 5 5 5 5 0 1 3 3 5 5 5 5 5 5 5 5 
5 5 5 5 5 1 0 3 3 5 5 5 5 5 5 5 5 
6 5 5 5 5 3 3 0 1 5 5 5 5 5 5 5 5 
7 5 5 5 5 3 3 1 0 5 5 5 5 5 5 5 5 
8 5 5 5 5 5 5 5 5 0 1 3 3 5 5 5 5 
9 5 5 5 5 5 5 5 5 1 0 3 3 5 5 5 5 
10 5 5 5 5 5 5 5 5 3 3 0 1 5 5 5 5 
11 5 5 5 5 5 5 5 5 3 3 1 0 5 5 5 5 
12 5 5 5 5 5 5 5 5 5 5 5 5 0 1 3 3 
13 5 5 5 5 5 5 5 5 5 5 5 5 1 0 3 3 
14 5 5 5 5 5 5 5 5 5 5 5 5 3 3 0 1 
15 5 5 5 5 5 5 5 5 5 5 5 5 3 3 1 0 
;
set S_rack[0] :=  
0 1 ;
set S_rack[1] :=  
2 3 ;
set S_rack[2] :=  
4 5 ;
set S_rack[3] :=  
6 7 ;
set S_rack[4] :=  
8 9 ;
set S_rack[5] :=  
10 11 ;
set S_rack[6] :=  
12 13 ;
set S_rack[7] :=  
14 15 ;
param CPU := 
0 25.0
1 26.0
2 28.0
3 28.0
4 34.0
5 48.0
6 28.0
7 28.0
8 40.0
9 52.0
10 56.0
11 56.0
12 42.0
13 50.0
14 25.0
15 26.0
;
param MEM := 
0 44.0
1 46.0
2 96.0
3 96.0
4 110.0
5 160.0
6 48.0
7 48.0
8 128.0
9 176.0
10 192.0
11 192.0
12 136.0
13 168.0
14 38.0
15 40.0
;
param DISK := 
0 32.0
1 40.0
2 96.0
3 96.0
4 72.0
5 108.0
6 48.0
7 48.0
8 70.0
9 156.0
10 192.0
11 192.0
12 70.0
13 132.0
14 16.0
15 24.0
;
param BDW_out := 
0 9.1367364
1 9.141230666666667
2 10.0
3 10.0
4 8.478656474666668
5 9.316067426666667
6 10.0
7 10.0
8 8.53499944
9 8.5409128
10 10.0
11 10.0
12 8.242288444444444
13 8.893378926222223
14 9.629268352
15 9.67380616
;
param BDW_in := 
0 9.966835551111112
1 9.997044311111111
2 10.0
3 10.0
4 9.950046983111111
5 9.995518922666667
6 10.0
7 10.0
8 9.9972496
9 9.99133624
10 10.0
11 10.0
12 9.991429982222222
13 9.996600924444444
14 9.997038328
15 9.998063128
;
param mem := 
1 16.0
2 16.0
3 32.0
4 16.0
5 8.0
6 8.0
7 8.0
8 8.0
9 8.0
10 8.0
11 8.0
12 8.0
13 64.0
14 2.0
42 8.0
43 2.0
48 8.0
49 2.0
15 8.0
16 8.0
17 32.0
18 16.0
44 32.0
45 8.0
46 16.0
47 32.0
19 1.0
20 1.0
21 1.0
22 1.0
23 1.0
24 1.0
25 2.0
26 16.0
51 2.0
52 1.0
53 1.0
54 16.0
55 1.0
56 16.0
27 32.0
28 64.0
29 1.0
39 64.0
40 32.0
41 1.0
50 32.0
30 8.0
31 8.0
32 8.0
33 8.0
34 8.0
35 8.0
36 8.0
37 2.0
38 4.0
;
param disk := 
1 36.0
2 36.0
3 50.0
4 36.0
5 24.0
6 24.0
7 24.0
8 24.0
9 24.0
10 24.0
11 24.0
12 24.0
13 64.0
14 8.0
42 24.0
43 8.0
48 24.0
49 8.0
15 24.0
16 24.0
17 50.0
18 36.0
44 50.0
45 24.0
46 36.0
47 50.0
19 4.0
20 4.0
21 4.0
22 4.0
23 4.0
24 4.0
25 8.0
26 36.0
51 8.0
52 4.0
53 4.0
54 36.0
55 4.0
56 36.0
27 50.0
28 64.0
29 4.0
39 64.0
40 50.0
41 4.0
50 50.0
30 24.0
31 24.0
32 24.0
33 24.0
34 24.0
35 24.0
36 24.0
37 8.0
38 16.0
;
param cpu : 
0 1 2 3 4 5 6 7 8 9 10 11 12 13 14 15 := 
1 4.0 4.0 4.761904761904762 4.761904761904762 4.0 4.0 4.0 4.0 4.0 4.0 4.0 4.0 4.0 4.0 4.0 4.0 
2 4.0 4.0 4.761904761904762 4.761904761904762 4.0 4.0 4.0 4.0 4.0 4.0 4.0 4.0 4.0 4.0 4.0 4.0 
3 8.0 8.0 9.523809523809524 9.523809523809524 8.0 8.0 8.0 8.0 8.0 8.0 8.0 8.0 8.0 8.0 8.0 8.0 
4 4.0 4.0 4.761904761904762 4.761904761904762 4.0 4.0 4.0 4.0 4.0 4.0 4.0 4.0 4.0 4.0 4.0 4.0 
5 2.0 2.0 2.380952380952381 2.380952380952381 2.0 2.0 2.0 2.0 2.0 2.0 2.0 2.0 2.0 2.0 2.0 2.0 
6 2.0 2.0 2.380952380952381 2.380952380952381 2.0 2.0 2.0 2.0 2.0 2.0 2.0 2.0 2.0 2.0 2.0 2.0 
7 2.0 2.0 2.380952380952381 2.380952380952381 2.0 2.0 2.0 2.0 2.0 2.0 2.0 2.0 2.0 2.0 2.0 2.0 
8 2.0 2.0 2.380952380952381 2.380952380952381 2.0 2.0 2.0 2.0 2.0 2.0 2.0 2.0 2.0 2.0 2.0 2.0 
9 2.0 2.0 2.380952380952381 2.380952380952381 2.0 2.0 2.0 2.0 2.0 2.0 2.0 2.0 2.0 2.0 2.0 2.0 
10 2.0 2.0 2.380952380952381 2.380952380952381 2.0 2.0 2.0 2.0 2.0 2.0 2.0 2.0 2.0 2.0 2.0 2.0 
11 2.0 2.0 2.380952380952381 2.380952380952381 2.0 2.0 2.0 2.0 2.0 2.0 2.0 2.0 2.0 2.0 2.0 2.0 
12 2.0 2.0 2.380952380952381 2.380952380952381 2.0 2.0 2.0 2.0 2.0 2.0 2.0 2.0 2.0 2.0 2.0 2.0 
13 16.0 16.0 19.047619047619047 19.047619047619047 16.0 16.0 16.0 16.0 16.0 16.0 16.0 16.0 16.0 16.0 16.0 16.0 
14 1.0 1.0 1.1904761904761905 1.1904761904761905 1.0 1.0 1.0 1.0 1.0 1.0 1.0 1.0 1.0 1.0 1.0 1.0 
42 2.0 2.0 2.380952380952381 2.380952380952381 2.0 2.0 2.0 2.0 2.0 2.0 2.0 2.0 2.0 2.0 2.0 2.0 
43 1.0 1.0 1.1904761904761905 1.1904761904761905 1.0 1.0 1.0 1.0 1.0 1.0 1.0 1.0 1.0 1.0 1.0 1.0 
48 2.0 2.0 2.380952380952381 2.380952380952381 2.0 2.0 2.0 2.0 2.0 2.0 2.0 2.0 2.0 2.0 2.0 2.0 
49 1.0 1.0 1.1904761904761905 1.1904761904761905 1.0 1.0 1.0 1.0 1.0 1.0 1.0 1.0 1.0 1.0 1.0 1.0 
15 2.0 2.0 2.380952380952381 2.380952380952381 2.0 2.0 2.0 2.0 2.0 2.0 2.0 2.0 2.0 2.0 2.0 2.0 
16 2.0 2.0 2.380952380952381 2.380952380952381 2.0 2.0 2.0 2.0 2.0 2.0 2.0 2.0 2.0 2.0 2.0 2.0 
17 8.0 8.0 9.523809523809524 9.523809523809524 8.0 8.0 8.0 8.0 8.0 8.0 8.0 8.0 8.0 8.0 8.0 8.0 
18 4.0 4.0 4.761904761904762 4.761904761904762 4.0 4.0 4.0 4.0 4.0 4.0 4.0 4.0 4.0 4.0 4.0 4.0 
44 8.0 8.0 9.523809523809524 9.523809523809524 8.0 8.0 8.0 8.0 8.0 8.0 8.0 8.0 8.0 8.0 8.0 8.0 
45 2.0 2.0 2.380952380952381 2.380952380952381 2.0 2.0 2.0 2.0 2.0 2.0 2.0 2.0 2.0 2.0 2.0 2.0 
46 4.0 4.0 4.761904761904762 4.761904761904762 4.0 4.0 4.0 4.0 4.0 4.0 4.0 4.0 4.0 4.0 4.0 4.0 
47 8.0 8.0 9.523809523809524 9.523809523809524 8.0 8.0 8.0 8.0 8.0 8.0 8.0 8.0 8.0 8.0 8.0 8.0 
19 1.0 1.0 1.1904761904761905 1.1904761904761905 1.0 1.0 1.0 1.0 1.0 1.0 1.0 1.0 1.0 1.0 1.0 1.0 
20 1.0 1.0 1.1904761904761905 1.1904761904761905 1.0 1.0 1.0 1.0 1.0 1.0 1.0 1.0 1.0 1.0 1.0 1.0 
21 1.0 1.0 1.1904761904761905 1.1904761904761905 1.0 1.0 1.0 1.0 1.0 1.0 1.0 1.0 1.0 1.0 1.0 1.0 
22 1.0 1.0 1.1904761904761905 1.1904761904761905 1.0 1.0 1.0 1.0 1.0 1.0 1.0 1.0 1.0 1.0 1.0 1.0 
23 1.0 1.0 1.1904761904761905 1.1904761904761905 1.0 1.0 1.0 1.0 1.0 1.0 1.0 1.0 1.0 1.0 1.0 1.0 
24 1.0 1.0 1.1904761904761905 1.1904761904761905 1.0 1.0 1.0 1.0 1.0 1.0 1.0 1.0 1.0 1.0 1.0 1.0 
25 1.0 1.0 1.1904761904761905 1.1904761904761905 1.0 1.0 1.0 1.0 1.0 1.0 1.0 1.0 1.0 1.0 1.0 1.0 
26 4.0 4.0 4.761904761904762 4.761904761904762 4.0 4.0 4.0 4.0 4.0 4.0 4.0 4.0 4.0 4.0 4.0 4.0 
51 1.0 1.0 1.1904761904761905 1.1904761904761905 1.0 1.0 1.0 1.0 1.0 1.0 1.0 1.0 1.0 1.0 1.0 1.0 
52 1.0 1.0 1.1904761904761905 1.1904761904761905 1.0 1.0 1.0 1.0 1.0 1.0 1.0 1.0 1.0 1.0 1.0 1.0 
53 1.0 1.0 1.1904761904761905 1.1904761904761905 1.0 1.0 1.0 1.0 1.0 1.0 1.0 1.0 1.0 1.0 1.0 1.0 
54 4.0 4.0 4.761904761904762 4.761904761904762 4.0 4.0 4.0 4.0 4.0 4.0 4.0 4.0 4.0 4.0 4.0 4.0 
55 1.0 1.0 1.1904761904761905 1.1904761904761905 1.0 1.0 1.0 1.0 1.0 1.0 1.0 1.0 1.0 1.0 1.0 1.0 
56 4.0 4.0 4.761904761904762 4.761904761904762 4.0 4.0 4.0 4.0 4.0 4.0 4.0 4.0 4.0 4.0 4.0 4.0 
27 8.0 8.0 9.523809523809524 9.523809523809524 8.0 8.0 8.0 8.0 8.0 8.0 8.0 8.0 8.0 8.0 8.0 8.0 
28 16.0 16.0 19.047619047619047 19.047619047619047 16.0 16.0 16.0 16.0 16.0 16.0 16.0 16.0 16.0 16.0 16.0 16.0 
29 1.0 1.0 1.1904761904761905 1.1904761904761905 1.0 1.0 1.0 1.0 1.0 1.0 1.0 1.0 1.0 1.0 1.0 1.0 
39 16.0 16.0 19.047619047619047 19.047619047619047 16.0 16.0 16.0 16.0 16.0 16.0 16.0 16.0 16.0 16.0 16.0 16.0 
40 8.0 8.0 9.523809523809524 9.523809523809524 8.0 8.0 8.0 8.0 8.0 8.0 8.0 8.0 8.0 8.0 8.0 8.0 
41 1.0 1.0 1.1904761904761905 1.1904761904761905 1.0 1.0 1.0 1.0 1.0 1.0 1.0 1.0 1.0 1.0 1.0 1.0 
50 8.0 8.0 9.523809523809524 9.523809523809524 8.0 8.0 8.0 8.0 8.0 8.0 8.0 8.0 8.0 8.0 8.0 8.0 
30 2.0 2.0 2.380952380952381 2.380952380952381 2.0 2.0 2.0 2.0 2.0 2.0 2.0 2.0 2.0 2.0 2.0 2.0 
31 2.0 2.0 2.380952380952381 2.380952380952381 2.0 2.0 2.0 2.0 2.0 2.0 2.0 2.0 2.0 2.0 2.0 2.0 
32 2.0 2.0 2.380952380952381 2.380952380952381 2.0 2.0 2.0 2.0 2.0 2.0 2.0 2.0 2.0 2.0 2.0 2.0 
33 2.0 2.0 2.380952380952381 2.380952380952381 2.0 2.0 2.0 2.0 2.0 2.0 2.0 2.0 2.0 2.0 2.0 2.0 
34 2.0 2.0 2.380952380952381 2.380952380952381 2.0 2.0 2.0 2.0 2.0 2.0 2.0 2.0 2.0 2.0 2.0 2.0 
35 2.0 2.0 2.380952380952381 2.380952380952381 2.0 2.0 2.0 2.0 2.0 2.0 2.0 2.0 2.0 2.0 2.0 2.0 
36 2.0 2.0 2.380952380952381 2.380952380952381 2.0 2.0 2.0 2.0 2.0 2.0 2.0 2.0 2.0 2.0 2.0 2.0 
37 1.0 1.0 1.1904761904761905 1.1904761904761905 1.0 1.0 1.0 1.0 1.0 1.0 1.0 1.0 1.0 1.0 1.0 1.0 
38 2.0 2.0 2.380952380952381 2.380952380952381 2.0 2.0 2.0 2.0 2.0 2.0 2.0 2.0 2.0 2.0 2.0 2.0 
;
set c_0 := 0;
param d := 
[0,*,*] : 
0 1 2 3 4 := 
0 0 0.0013752 0.0013752 0 0 
1 1.4577120000000001 0 0 0.0013752 0 
2 1.4577120000000001 0 0 0.0013752 0 
3 0 0.00728856 0.00728856 0 0.0027504 
4 0 0 0 0.125363232 0 
[1,*,*] : 
0 5 6 7 8 9 10 11 12 13 14 42 43 48 49 := 
0 0 3.0744E-4 3.0744E-4 3.0744E-4 3.0744E-4 3.0744E-4 3.0744E-4 3.0744E-4 3.0744E-4 0 0 3.0744E-4 0 3.0744E-4 0 
5 0.3258864 0 0 0 0 0 0 0 0 3.0744E-4 0 0 0 0 0 
6 0.3258864 0 0 0 0 0 0 0 0 3.0744E-4 0 0 0 0 0 
7 0.3258864 0 0 0 0 0 0 0 0 3.0744E-4 0 0 0 0 0 
8 0.3258864 0 0 0 0 0 0 0 0 3.0744E-4 0 0 0 0 0 
9 0.3258864 0 0 0 0 0 0 0 0 3.0744E-4 0 0 0 0 0 
10 0.3258864 0 0 0 0 0 0 0 0 3.0744E-4 0 0 0 0 0 
11 0.3258864 0 0 0 0 0 0 0 0 3.0744E-4 0 0 0 0 0 
12 0.3258864 0 0 0 0 0 0 0 0 3.0744E-4 0 0 0 0 0 
13 0 0.001629432 0.001629432 0.001629432 0.001629432 0.001629432 0.001629432 0.001629432 0.001629432 0 0.0010248 0.001629432 0.0010248 0.001629432 0.0010248 
14 0 0 0 0 0 0 0 0 0 0.044537808000000005 0 0 0 0 0 
42 0.3258864 0 0 0 0 0 0 0 0 3.0744E-4 0 0 0 0 0 
43 0 0 0 0 0 0 0 0 0 0.044537808000000005 0 0 0 0 0 
48 0.3258864 0 0 0 0 0 0 0 0 3.0744E-4 0 0 0 0 0 
49 0 0 0 0 0 0 0 0 0 0.044537808000000005 0 0 0 0 0 
[2,*,*] : 
0 15 16 17 18 44 45 46 47 := 
0 0 0.0010405333333333333 0.0010405333333333333 0 0 0 0.0010405333333333333 0 0 
15 1.1029653333333334 0 0 3.468444444444444E-4 0 3.468444444444444E-4 0 0 3.468444444444444E-4 
16 1.1029653333333334 0 0 3.468444444444444E-4 0 3.468444444444444E-4 0 0 3.468444444444444E-4 
17 0 0.0018382755555555557 0.0018382755555555557 0 5.202666666666667E-4 0 0.0018382755555555557 5.202666666666667E-4 0 
18 0 0 0 0.003308896 0 0.003308896 0 0 0.003308896 
44 0 0.0018382755555555557 0.0018382755555555557 0 5.202666666666667E-4 0 0.0018382755555555557 5.202666666666667E-4 0 
45 1.1029653333333334 0 0 3.468444444444444E-4 0 3.468444444444444E-4 0 0 3.468444444444444E-4 
46 0 0 0 0.003308896 0 0.003308896 0 0 0.003308896 
47 0 0.0018382755555555557 0.0018382755555555557 0 5.202666666666667E-4 0 0.0018382755555555557 5.202666666666667E-4 0 
[3,*,*] : 
0 19 20 21 22 23 24 25 26 51 52 53 54 55 56 := 
0 0 4.048888888888889E-4 4.048888888888889E-4 4.048888888888889E-4 4.048888888888889E-4 4.048888888888889E-4 4.048888888888889E-4 0 0 0 4.048888888888889E-4 4.048888888888889E-4 0 4.048888888888889E-4 0 
19 0.42918222222222224 0 0 0 0 0 0 2.0244444444444444E-4 0 2.0244444444444444E-4 0 0 0 0 0 
20 0.42918222222222224 0 0 0 0 0 0 2.0244444444444444E-4 0 2.0244444444444444E-4 0 0 0 0 0 
21 0.42918222222222224 0 0 0 0 0 0 2.0244444444444444E-4 0 2.0244444444444444E-4 0 0 0 0 0 
22 0.42918222222222224 0 0 0 0 0 0 2.0244444444444444E-4 0 2.0244444444444444E-4 0 0 0 0 0 
23 0.42918222222222224 0 0 0 0 0 0 2.0244444444444444E-4 0 2.0244444444444444E-4 0 0 0 0 0 
24 0.42918222222222224 0 0 0 0 0 0 2.0244444444444444E-4 0 2.0244444444444444E-4 0 0 0 0 0 
25 0 0.0010729555555555558 0.0010729555555555558 0.0010729555555555558 0.0010729555555555558 0.0010729555555555558 0.0010729555555555558 0 6.073333333333333E-4 0 0.0010729555555555558 0.0010729555555555558 6.073333333333333E-4 0.0010729555555555558 6.073333333333333E-4 
26 0 0 0 0 0 0 0 0.03154489333333334 0 0.03154489333333334 0 0 0 0 0 
51 0 0.0010729555555555558 0.0010729555555555558 0.0010729555555555558 0.0010729555555555558 0.0010729555555555558 0.0010729555555555558 0 6.073333333333333E-4 0 0.0010729555555555558 0.0010729555555555558 6.073333333333333E-4 0.0010729555555555558 6.073333333333333E-4 
52 0.42918222222222224 0 0 0 0 0 0 2.0244444444444444E-4 0 2.0244444444444444E-4 0 0 0 0 0 
53 0.42918222222222224 0 0 0 0 0 0 2.0244444444444444E-4 0 2.0244444444444444E-4 0 0 0 0 0 
54 0 0 0 0 0 0 0 0.03154489333333334 0 0.03154489333333334 0 0 0 0 0 
55 0.42918222222222224 0 0 0 0 0 0 2.0244444444444444E-4 0 2.0244444444444444E-4 0 0 0 0 0 
56 0 0 0 0 0 0 0 0.03154489333333334 0 0.03154489333333334 0 0 0 0 0 
[4,*,*] : 
0 27 28 29 39 40 41 50 := 
0 0 2.5813333333333334E-4 0 0 0 2.5813333333333334E-4 0 2.5813333333333334E-4 
27 0.2736213333333333 0 1.2906666666666667E-4 0 1.2906666666666667E-4 0 0 0 
28 0 6.840533333333333E-4 0 1.936E-4 0 6.840533333333333E-4 1.936E-4 6.840533333333333E-4 
29 0 0 0.001231296 0 0.001231296 0 0 0 
39 0 6.840533333333333E-4 0 1.936E-4 0 6.840533333333333E-4 1.936E-4 6.840533333333333E-4 
40 0.2736213333333333 0 1.2906666666666667E-4 0 1.2906666666666667E-4 0 0 0 
41 0 0 0.001231296 0 0.001231296 0 0 0 
50 0.2736213333333333 0 1.2906666666666667E-4 0 1.2906666666666667E-4 0 0 0 
[5,*,*] : 
0 30 31 32 33 34 35 36 37 38 := 
0 0 4.141714285714286E-4 4.141714285714286E-4 4.141714285714286E-4 4.141714285714286E-4 4.141714285714286E-4 4.141714285714286E-4 4.141714285714286E-4 0 0 
30 0.43902171428571435 0 0 0 0 0 0 0 4.141714285714286E-4 0 
31 0.43902171428571435 0 0 0 0 0 0 0 4.141714285714286E-4 0 
32 0.43902171428571435 0 0 0 0 0 0 0 4.141714285714286E-4 0 
33 0.43902171428571435 0 0 0 0 0 0 0 4.141714285714286E-4 0 
34 0.43902171428571435 0 0 0 0 0 0 0 4.141714285714286E-4 0 
35 0.43902171428571435 0 0 0 0 0 0 0 4.141714285714286E-4 0 
36 0.43902171428571435 0 0 0 0 0 0 0 4.141714285714286E-4 0 
37 0 0.002195108571428572 0.002195108571428572 0.002195108571428572 0.002195108571428572 0.002195108571428572 0.002195108571428572 0.002195108571428572 0 0.0028992 
38 0 0 0 0 0 0 0 0 0.07375564800000001 0 
;
param x_bar : 0 1 2 3 4 5 6 7 8 9 10 11 12 13 14 15  := 
0 0 0 0 0 0 0 0 0 0 0 0 0 0 0 0 0 
1 0 0 0 0 0 0 0 0 1 0 0 0 0 0 0 0 
2 0 0 0 0 0 0 0 0 0 1 0 0 0 0 0 0 
3 0 0 0 0 0 0 0 0 1 0 0 0 0 0 0 0 
4 0 0 0 0 0 0 0 0 1 0 0 0 0 0 0 0 
5 0 0 0 0 0 0 0 0 0 0 0 0 0 0 1 0 
6 0 0 0 0 0 0 0 0 0 0 0 0 0 0 0 1 
7 0 0 0 0 1 0 0 0 0 0 0 0 0 0 0 0 
8 0 0 0 0 1 0 0 0 0 0 0 0 0 0 0 0 
9 0 0 0 0 0 1 0 0 0 0 0 0 0 0 0 0 
10 0 0 0 0 0 1 0 0 0 0 0 0 0 0 0 0 
11 0 0 0 0 0 0 0 0 0 0 0 0 1 0 0 0 
12 0 0 0 0 0 0 0 0 0 0 0 0 1 0 0 0 
13 0 0 0 0 1 0 0 0 0 0 0 0 0 0 0 0 
14 0 0 0 0 0 0 0 0 0 0 0 0 0 0 1 0 
15 0 0 0 0 0 0 0 0 0 0 0 0 1 0 0 0 
16 0 0 0 0 0 0 0 0 0 0 0 0 0 1 0 0 
17 0 0 0 0 0 0 0 0 0 0 0 0 1 0 0 0 
18 0 0 0 0 0 0 0 0 0 0 0 0 0 1 0 0 
19 1 0 0 0 0 0 0 0 0 0 0 0 0 0 0 0 
20 1 0 0 0 0 0 0 0 0 0 0 0 0 0 0 0 
21 0 1 0 0 0 0 0 0 0 0 0 0 0 0 0 0 
22 0 1 0 0 0 0 0 0 0 0 0 0 0 0 0 0 
23 0 0 0 0 1 0 0 0 0 0 0 0 0 0 0 0 
24 0 0 0 0 1 0 0 0 0 0 0 0 0 0 0 0 
25 1 0 0 0 0 0 0 0 0 0 0 0 0 0 0 0 
26 0 0 0 0 0 1 0 0 0 0 0 0 0 0 0 0 
;
