data;
set C_bar :=  1 2 3 4 5 6 7 8 9 10 11 12 13 14 15 16 17 18 19 20 21 22 23 24 25 26 27 28 29 30 31 32 33 34 35 36 37 ;
set C :=  38 39 40 41 42 43 44 45 59 46 47 48 49 50 51 66 67 55 56 57 58 60 61 62 63 64 65 52 53 54 ;
set R := 0 1 2 3 4 5 ;
set C_bar_r[0] :=  
1 2 3 4 5 6 7 8 9 10 11 12 ;
set C_bar_r[1] :=  
13 14 15 16 17 18 19 20 21 ;
set C_bar_r[2] :=  
22 23 24 25 26 27 28 29 ;
set C_bar_r[3] :=  
30 31 32 33 34 35 36 37 ;
set C_r[0] :=  
55 56 57 ;
set C_r[1] :=  
58 ;
set C_r[2] :=  
60 61 62 63 64 65 ;
set C_r[3] :=  
52 53 54 ;
set C_r[4] :=  
38 39 40 41 42 43 44 45 59 ;
set C_r[5] :=  
46 47 48 49 50 51 66 67 ;
set S :=  0 1 2 3 4 5 6 7 8 9 10 11 12 13 14 15 ;
set S_u :=  0 1 2 3 4 5 6 7 8 9 10 11 12 13 14 15 ;
set S_r[0] := 
6 7 8 9 12 14 15 ;
set S_r[1] := 
0 1 6 7 ;
set S_r[2] := 
4 5 10 11 ;
set S_r[3] := 
1 2 7 10 11 ;
set Rack :=  0 1 2 3 4 5 6 7 ;
param COST : 0 1 2 3 4 5 6 7 8 9 10 11 12 13 14 15 :=
0 0 1 3 3 5 5 5 5 5 5 5 5 5 5 5 5 
1 1 0 3 3 5 5 5 5 5 5 5 5 5 5 5 5 
2 3 3 0 1 5 5 5 5 5 5 5 5 5 5 5 5 
3 3 3 1 0 5 5 5 5 5 5 5 5 5 5 5 5 
4 5 5 5 5 0 1 3 3 5 5 5 5 5 5 5 5 
5 5 5 5 5 1 0 3 3 5 5 5 5 5 5 5 5 
6 5 5 5 5 3 3 0 1 5 5 5 5 5 5 5 5 
7 5 5 5 5 3 3 1 0 5 5 5 5 5 5 5 5 
8 5 5 5 5 5 5 5 5 0 1 3 3 5 5 5 5 
9 5 5 5 5 5 5 5 5 1 0 3 3 5 5 5 5 
10 5 5 5 5 5 5 5 5 3 3 0 1 5 5 5 5 
11 5 5 5 5 5 5 5 5 3 3 1 0 5 5 5 5 
12 5 5 5 5 5 5 5 5 5 5 5 5 0 1 3 3 
13 5 5 5 5 5 5 5 5 5 5 5 5 1 0 3 3 
14 5 5 5 5 5 5 5 5 5 5 5 5 3 3 0 1 
15 5 5 5 5 5 5 5 5 5 5 5 5 3 3 1 0 
;
set S_rack[0] :=  
0 1 ;
set S_rack[1] :=  
2 3 ;
set S_rack[2] :=  
4 5 ;
set S_rack[3] :=  
6 7 ;
set S_rack[4] :=  
8 9 ;
set S_rack[5] :=  
10 11 ;
set S_rack[6] :=  
12 13 ;
set S_rack[7] :=  
14 15 ;
param CPU := 
0 23.2380952835083
1 23.2380952835083
2 23.2380952835083
3 28.0
4 20.85714292526245
5 20.85714292526245
6 45.0
7 46.0
8 22.047619104385376
9 23.2380952835083
10 42.0
11 42.0
12 26.0
13 28.0
14 26.0
15 26.0
;
param MEM := 
0 80.0
1 80.0
2 80.0
3 96.0
4 72.0
5 72.0
6 154.0
7 152.0
8 79.0
9 80.0
10 136.0
11 136.0
12 40.0
13 48.0
14 40.0
15 40.0
;
param DISK := 
0 48.0
1 48.0
2 48.0
3 96.0
4 36.0
5 36.0
6 72.0
7 72.0
8 44.0
9 48.0
10 70.0
11 76.8
12 24.0
13 48.0
14 24.0
15 24.0
;
param BDW_out := 
0 9.191699885714286
1 9.274185142857142
2 9.3566704
3 10.0
4 9.694380361111111
5 9.687775612
6 8.480268419047619
7 8.16793601904762
8 9.633498993333333
9 9.297900933333333
10 9.068062676190475
11 9.053049377333334
12 9.648950466666667
13 10.0
14 9.648950466666667
15 9.648950466666667
;
param BDW_in := 
0 9.99520048
1 9.996493142857142
2 9.997785805714285
3 10.0
4 9.989950978666666
5 9.998955607777777
6 9.99316468
7 9.989924462857143
8 9.996691333333333
9 9.99583108
10 9.977946170666666
11 9.99678122952381
12 9.99791554
13 10.0
14 9.99791554
15 9.99791554
;
param mem := 
1 8.0
2 8.0
3 8.0
4 8.0
5 8.0
6 8.0
7 8.0
8 8.0
9 8.0
10 8.0
11 8.0
12 1.0
55 8.0
56 1.0
57 8.0
13 8.0
14 8.0
15 8.0
16 8.0
17 8.0
18 8.0
19 8.0
20 4.0
21 2.0
58 2.0
22 8.0
23 8.0
24 8.0
25 8.0
26 8.0
27 8.0
28 16.0
29 16.0
60 16.0
61 8.0
62 16.0
63 16.0
64 16.0
65 8.0
30 8.0
31 8.0
32 8.0
33 8.0
34 8.0
35 8.0
36 32.0
37 32.0
52 32.0
53 32.0
54 8.0
38 1.0
39 1.0
40 1.0
41 1.0
42 1.0
43 1.0
44 1.0
45 16.0
59 1.0
46 2.0
47 2.0
48 2.0
49 2.0
50 32.0
51 64.0
66 32.0
67 32.0
;
param disk := 
1 24.0
2 24.0
3 24.0
4 24.0
5 24.0
6 24.0
7 24.0
8 24.0
9 24.0
10 24.0
11 24.0
12 4.0
55 24.0
56 4.0
57 24.0
13 24.0
14 24.0
15 24.0
16 24.0
17 24.0
18 24.0
19 24.0
20 16.0
21 8.0
58 8.0
22 24.0
23 24.0
24 24.0
25 24.0
26 24.0
27 24.0
28 36.0
29 36.0
60 36.0
61 24.0
62 36.0
63 36.0
64 36.0
65 24.0
30 24.0
31 24.0
32 24.0
33 24.0
34 24.0
35 24.0
36 50.0
37 43.2
52 50.0
53 43.2
54 24.0
38 4.0
39 4.0
40 4.0
41 4.0
42 4.0
43 4.0
44 4.0
45 36.0
59 4.0
46 8.0
47 8.0
48 8.0
49 8.0
50 50.0
51 64.0
66 50.0
67 50.0
;
param cpu : 
0 1 2 3 4 5 6 7 8 9 10 11 12 13 14 15 := 
1 2.380952380952381 2.380952380952381 2.380952380952381 2.380952380952381 2.380952380952381 2.380952380952381 2.0 2.0 2.380952380952381 2.380952380952381 2.0 2.0 2.0 2.0 2.0 2.0 
2 2.380952380952381 2.380952380952381 2.380952380952381 2.380952380952381 2.380952380952381 2.380952380952381 2.0 2.0 2.380952380952381 2.380952380952381 2.0 2.0 2.0 2.0 2.0 2.0 
3 2.380952380952381 2.380952380952381 2.380952380952381 2.380952380952381 2.380952380952381 2.380952380952381 2.0 2.0 2.380952380952381 2.380952380952381 2.0 2.0 2.0 2.0 2.0 2.0 
4 2.380952380952381 2.380952380952381 2.380952380952381 2.380952380952381 2.380952380952381 2.380952380952381 2.0 2.0 2.380952380952381 2.380952380952381 2.0 2.0 2.0 2.0 2.0 2.0 
5 2.380952380952381 2.380952380952381 2.380952380952381 2.380952380952381 2.380952380952381 2.380952380952381 2.0 2.0 2.380952380952381 2.380952380952381 2.0 2.0 2.0 2.0 2.0 2.0 
6 2.380952380952381 2.380952380952381 2.380952380952381 2.380952380952381 2.380952380952381 2.380952380952381 2.0 2.0 2.380952380952381 2.380952380952381 2.0 2.0 2.0 2.0 2.0 2.0 
7 2.380952380952381 2.380952380952381 2.380952380952381 2.380952380952381 2.380952380952381 2.380952380952381 2.0 2.0 2.380952380952381 2.380952380952381 2.0 2.0 2.0 2.0 2.0 2.0 
8 2.380952380952381 2.380952380952381 2.380952380952381 2.380952380952381 2.380952380952381 2.380952380952381 2.0 2.0 2.380952380952381 2.380952380952381 2.0 2.0 2.0 2.0 2.0 2.0 
9 2.380952380952381 2.380952380952381 2.380952380952381 2.380952380952381 2.380952380952381 2.380952380952381 2.0 2.0 2.380952380952381 2.380952380952381 2.0 2.0 2.0 2.0 2.0 2.0 
10 2.380952380952381 2.380952380952381 2.380952380952381 2.380952380952381 2.380952380952381 2.380952380952381 2.0 2.0 2.380952380952381 2.380952380952381 2.0 2.0 2.0 2.0 2.0 2.0 
11 2.380952380952381 2.380952380952381 2.380952380952381 2.380952380952381 2.380952380952381 2.380952380952381 2.0 2.0 2.380952380952381 2.380952380952381 2.0 2.0 2.0 2.0 2.0 2.0 
12 1.1904761904761905 1.1904761904761905 1.1904761904761905 1.1904761904761905 1.1904761904761905 1.1904761904761905 1.0 1.0 1.1904761904761905 1.1904761904761905 1.0 1.0 1.0 1.0 1.0 1.0 
55 2.380952380952381 2.380952380952381 2.380952380952381 2.380952380952381 2.380952380952381 2.380952380952381 2.0 2.0 2.380952380952381 2.380952380952381 2.0 2.0 2.0 2.0 2.0 2.0 
56 1.1904761904761905 1.1904761904761905 1.1904761904761905 1.1904761904761905 1.1904761904761905 1.1904761904761905 1.0 1.0 1.1904761904761905 1.1904761904761905 1.0 1.0 1.0 1.0 1.0 1.0 
57 2.380952380952381 2.380952380952381 2.380952380952381 2.380952380952381 2.380952380952381 2.380952380952381 2.0 2.0 2.380952380952381 2.380952380952381 2.0 2.0 2.0 2.0 2.0 2.0 
13 2.380952380952381 2.380952380952381 2.380952380952381 2.380952380952381 2.380952380952381 2.380952380952381 2.0 2.0 2.380952380952381 2.380952380952381 2.0 2.0 2.0 2.0 2.0 2.0 
14 2.380952380952381 2.380952380952381 2.380952380952381 2.380952380952381 2.380952380952381 2.380952380952381 2.0 2.0 2.380952380952381 2.380952380952381 2.0 2.0 2.0 2.0 2.0 2.0 
15 2.380952380952381 2.380952380952381 2.380952380952381 2.380952380952381 2.380952380952381 2.380952380952381 2.0 2.0 2.380952380952381 2.380952380952381 2.0 2.0 2.0 2.0 2.0 2.0 
16 2.380952380952381 2.380952380952381 2.380952380952381 2.380952380952381 2.380952380952381 2.380952380952381 2.0 2.0 2.380952380952381 2.380952380952381 2.0 2.0 2.0 2.0 2.0 2.0 
17 2.380952380952381 2.380952380952381 2.380952380952381 2.380952380952381 2.380952380952381 2.380952380952381 2.0 2.0 2.380952380952381 2.380952380952381 2.0 2.0 2.0 2.0 2.0 2.0 
18 2.380952380952381 2.380952380952381 2.380952380952381 2.380952380952381 2.380952380952381 2.380952380952381 2.0 2.0 2.380952380952381 2.380952380952381 2.0 2.0 2.0 2.0 2.0 2.0 
19 2.380952380952381 2.380952380952381 2.380952380952381 2.380952380952381 2.380952380952381 2.380952380952381 2.0 2.0 2.380952380952381 2.380952380952381 2.0 2.0 2.0 2.0 2.0 2.0 
20 2.380952380952381 2.380952380952381 2.380952380952381 2.380952380952381 2.380952380952381 2.380952380952381 2.0 2.0 2.380952380952381 2.380952380952381 2.0 2.0 2.0 2.0 2.0 2.0 
21 1.1904761904761905 1.1904761904761905 1.1904761904761905 1.1904761904761905 1.1904761904761905 1.1904761904761905 1.0 1.0 1.1904761904761905 1.1904761904761905 1.0 1.0 1.0 1.0 1.0 1.0 
58 1.1904761904761905 1.1904761904761905 1.1904761904761905 1.1904761904761905 1.1904761904761905 1.1904761904761905 1.0 1.0 1.1904761904761905 1.1904761904761905 1.0 1.0 1.0 1.0 1.0 1.0 
22 2.380952380952381 2.380952380952381 2.380952380952381 2.380952380952381 2.380952380952381 2.380952380952381 2.0 2.0 2.380952380952381 2.380952380952381 2.0 2.0 2.0 2.0 2.0 2.0 
23 2.380952380952381 2.380952380952381 2.380952380952381 2.380952380952381 2.380952380952381 2.380952380952381 2.0 2.0 2.380952380952381 2.380952380952381 2.0 2.0 2.0 2.0 2.0 2.0 
24 2.380952380952381 2.380952380952381 2.380952380952381 2.380952380952381 2.380952380952381 2.380952380952381 2.0 2.0 2.380952380952381 2.380952380952381 2.0 2.0 2.0 2.0 2.0 2.0 
25 2.380952380952381 2.380952380952381 2.380952380952381 2.380952380952381 2.380952380952381 2.380952380952381 2.0 2.0 2.380952380952381 2.380952380952381 2.0 2.0 2.0 2.0 2.0 2.0 
26 2.380952380952381 2.380952380952381 2.380952380952381 2.380952380952381 2.380952380952381 2.380952380952381 2.0 2.0 2.380952380952381 2.380952380952381 2.0 2.0 2.0 2.0 2.0 2.0 
27 2.380952380952381 2.380952380952381 2.380952380952381 2.380952380952381 2.380952380952381 2.380952380952381 2.0 2.0 2.380952380952381 2.380952380952381 2.0 2.0 2.0 2.0 2.0 2.0 
28 4.761904761904762 4.761904761904762 4.761904761904762 4.761904761904762 4.761904761904762 4.761904761904762 4.0 4.0 4.761904761904762 4.761904761904762 4.0 4.0 4.0 4.0 4.0 4.0 
29 4.761904761904762 4.761904761904762 4.761904761904762 4.761904761904762 4.761904761904762 4.761904761904762 4.0 4.0 4.761904761904762 4.761904761904762 4.0 4.0 4.0 4.0 4.0 4.0 
60 4.761904761904762 4.761904761904762 4.761904761904762 4.761904761904762 4.761904761904762 4.761904761904762 4.0 4.0 4.761904761904762 4.761904761904762 4.0 4.0 4.0 4.0 4.0 4.0 
61 2.380952380952381 2.380952380952381 2.380952380952381 2.380952380952381 2.380952380952381 2.380952380952381 2.0 2.0 2.380952380952381 2.380952380952381 2.0 2.0 2.0 2.0 2.0 2.0 
62 4.761904761904762 4.761904761904762 4.761904761904762 4.761904761904762 4.761904761904762 4.761904761904762 4.0 4.0 4.761904761904762 4.761904761904762 4.0 4.0 4.0 4.0 4.0 4.0 
63 4.761904761904762 4.761904761904762 4.761904761904762 4.761904761904762 4.761904761904762 4.761904761904762 4.0 4.0 4.761904761904762 4.761904761904762 4.0 4.0 4.0 4.0 4.0 4.0 
64 4.761904761904762 4.761904761904762 4.761904761904762 4.761904761904762 4.761904761904762 4.761904761904762 4.0 4.0 4.761904761904762 4.761904761904762 4.0 4.0 4.0 4.0 4.0 4.0 
65 2.380952380952381 2.380952380952381 2.380952380952381 2.380952380952381 2.380952380952381 2.380952380952381 2.0 2.0 2.380952380952381 2.380952380952381 2.0 2.0 2.0 2.0 2.0 2.0 
30 2.380952380952381 2.380952380952381 2.380952380952381 2.380952380952381 2.380952380952381 2.380952380952381 2.0 2.0 2.380952380952381 2.380952380952381 2.0 2.0 2.0 2.0 2.0 2.0 
31 2.380952380952381 2.380952380952381 2.380952380952381 2.380952380952381 2.380952380952381 2.380952380952381 2.0 2.0 2.380952380952381 2.380952380952381 2.0 2.0 2.0 2.0 2.0 2.0 
32 2.380952380952381 2.380952380952381 2.380952380952381 2.380952380952381 2.380952380952381 2.380952380952381 2.0 2.0 2.380952380952381 2.380952380952381 2.0 2.0 2.0 2.0 2.0 2.0 
33 2.380952380952381 2.380952380952381 2.380952380952381 2.380952380952381 2.380952380952381 2.380952380952381 2.0 2.0 2.380952380952381 2.380952380952381 2.0 2.0 2.0 2.0 2.0 2.0 
34 2.380952380952381 2.380952380952381 2.380952380952381 2.380952380952381 2.380952380952381 2.380952380952381 2.0 2.0 2.380952380952381 2.380952380952381 2.0 2.0 2.0 2.0 2.0 2.0 
35 2.380952380952381 2.380952380952381 2.380952380952381 2.380952380952381 2.380952380952381 2.380952380952381 2.0 2.0 2.380952380952381 2.380952380952381 2.0 2.0 2.0 2.0 2.0 2.0 
36 9.523809523809524 9.523809523809524 9.523809523809524 9.523809523809524 9.523809523809524 9.523809523809524 8.0 8.0 9.523809523809524 9.523809523809524 8.0 8.0 8.0 8.0 8.0 8.0 
37 9.523809523809524 9.523809523809524 9.523809523809524 9.523809523809524 9.523809523809524 9.523809523809524 8.0 8.0 9.523809523809524 9.523809523809524 8.0 8.0 8.0 8.0 8.0 8.0 
52 9.523809523809524 9.523809523809524 9.523809523809524 9.523809523809524 9.523809523809524 9.523809523809524 8.0 8.0 9.523809523809524 9.523809523809524 8.0 8.0 8.0 8.0 8.0 8.0 
53 9.523809523809524 9.523809523809524 9.523809523809524 9.523809523809524 9.523809523809524 9.523809523809524 8.0 8.0 9.523809523809524 9.523809523809524 8.0 8.0 8.0 8.0 8.0 8.0 
54 2.380952380952381 2.380952380952381 2.380952380952381 2.380952380952381 2.380952380952381 2.380952380952381 2.0 2.0 2.380952380952381 2.380952380952381 2.0 2.0 2.0 2.0 2.0 2.0 
38 1.1904761904761905 1.1904761904761905 1.1904761904761905 1.1904761904761905 1.1904761904761905 1.1904761904761905 1.0 1.0 1.1904761904761905 1.1904761904761905 1.0 1.0 1.0 1.0 1.0 1.0 
39 1.1904761904761905 1.1904761904761905 1.1904761904761905 1.1904761904761905 1.1904761904761905 1.1904761904761905 1.0 1.0 1.1904761904761905 1.1904761904761905 1.0 1.0 1.0 1.0 1.0 1.0 
40 1.1904761904761905 1.1904761904761905 1.1904761904761905 1.1904761904761905 1.1904761904761905 1.1904761904761905 1.0 1.0 1.1904761904761905 1.1904761904761905 1.0 1.0 1.0 1.0 1.0 1.0 
41 1.1904761904761905 1.1904761904761905 1.1904761904761905 1.1904761904761905 1.1904761904761905 1.1904761904761905 1.0 1.0 1.1904761904761905 1.1904761904761905 1.0 1.0 1.0 1.0 1.0 1.0 
42 1.1904761904761905 1.1904761904761905 1.1904761904761905 1.1904761904761905 1.1904761904761905 1.1904761904761905 1.0 1.0 1.1904761904761905 1.1904761904761905 1.0 1.0 1.0 1.0 1.0 1.0 
43 1.1904761904761905 1.1904761904761905 1.1904761904761905 1.1904761904761905 1.1904761904761905 1.1904761904761905 1.0 1.0 1.1904761904761905 1.1904761904761905 1.0 1.0 1.0 1.0 1.0 1.0 
44 1.1904761904761905 1.1904761904761905 1.1904761904761905 1.1904761904761905 1.1904761904761905 1.1904761904761905 1.0 1.0 1.1904761904761905 1.1904761904761905 1.0 1.0 1.0 1.0 1.0 1.0 
45 4.761904761904762 4.761904761904762 4.761904761904762 4.761904761904762 4.761904761904762 4.761904761904762 4.0 4.0 4.761904761904762 4.761904761904762 4.0 4.0 4.0 4.0 4.0 4.0 
59 1.1904761904761905 1.1904761904761905 1.1904761904761905 1.1904761904761905 1.1904761904761905 1.1904761904761905 1.0 1.0 1.1904761904761905 1.1904761904761905 1.0 1.0 1.0 1.0 1.0 1.0 
46 1.1904761904761905 1.1904761904761905 1.1904761904761905 1.1904761904761905 1.1904761904761905 1.1904761904761905 1.0 1.0 1.1904761904761905 1.1904761904761905 1.0 1.0 1.0 1.0 1.0 1.0 
47 1.1904761904761905 1.1904761904761905 1.1904761904761905 1.1904761904761905 1.1904761904761905 1.1904761904761905 1.0 1.0 1.1904761904761905 1.1904761904761905 1.0 1.0 1.0 1.0 1.0 1.0 
48 1.1904761904761905 1.1904761904761905 1.1904761904761905 1.1904761904761905 1.1904761904761905 1.1904761904761905 1.0 1.0 1.1904761904761905 1.1904761904761905 1.0 1.0 1.0 1.0 1.0 1.0 
49 1.1904761904761905 1.1904761904761905 1.1904761904761905 1.1904761904761905 1.1904761904761905 1.1904761904761905 1.0 1.0 1.1904761904761905 1.1904761904761905 1.0 1.0 1.0 1.0 1.0 1.0 
50 9.523809523809524 9.523809523809524 9.523809523809524 9.523809523809524 9.523809523809524 9.523809523809524 8.0 8.0 9.523809523809524 9.523809523809524 8.0 8.0 8.0 8.0 8.0 8.0 
51 19.047619047619047 19.047619047619047 19.047619047619047 19.047619047619047 19.047619047619047 19.047619047619047 16.0 16.0 19.047619047619047 19.047619047619047 16.0 16.0 16.0 16.0 16.0 16.0 
66 9.523809523809524 9.523809523809524 9.523809523809524 9.523809523809524 9.523809523809524 9.523809523809524 8.0 8.0 9.523809523809524 9.523809523809524 8.0 8.0 8.0 8.0 8.0 8.0 
67 9.523809523809524 9.523809523809524 9.523809523809524 9.523809523809524 9.523809523809524 9.523809523809524 8.0 8.0 9.523809523809524 9.523809523809524 8.0 8.0 8.0 8.0 8.0 8.0 
;
set c_0 := 0;
param d := 
[0,*,*] : 
0 1 2 3 4 5 6 7 8 9 10 11 12 55 56 57 := 
0 0 3.3086666666666667E-4 3.3086666666666667E-4 3.3086666666666667E-4 3.3086666666666667E-4 3.3086666666666667E-4 3.3086666666666667E-4 3.3086666666666667E-4 3.3086666666666667E-4 3.3086666666666667E-4 3.3086666666666667E-4 0 0 3.3086666666666667E-4 0 3.3086666666666667E-4 
1 0.3507186666666666 0 0 0 0 0 0 0 0 0 0 3.3086666666666667E-4 0 0 0 0 
2 0.3507186666666666 0 0 0 0 0 0 0 0 0 0 3.3086666666666667E-4 0 0 0 0 
3 0.3507186666666666 0 0 0 0 0 0 0 0 0 0 3.3086666666666667E-4 0 0 0 0 
4 0.3507186666666666 0 0 0 0 0 0 0 0 0 0 3.3086666666666667E-4 0 0 0 0 
5 0.3507186666666666 0 0 0 0 0 0 0 0 0 0 3.3086666666666667E-4 0 0 0 0 
6 0.3507186666666666 0 0 0 0 0 0 0 0 0 0 3.3086666666666667E-4 0 0 0 0 
7 0.3507186666666666 0 0 0 0 0 0 0 0 0 0 3.3086666666666667E-4 0 0 0 0 
8 0.3507186666666666 0 0 0 0 0 0 0 0 0 0 3.3086666666666667E-4 0 0 0 0 
9 0.3507186666666666 0 0 0 0 0 0 0 0 0 0 3.3086666666666667E-4 0 0 0 0 
10 0.3507186666666666 0 0 0 0 0 0 0 0 0 0 3.3086666666666667E-4 0 0 0 0 
11 0 0.0017535933333333333 0.0017535933333333333 0.0017535933333333333 0.0017535933333333333 0.0017535933333333333 0.0017535933333333333 0.0017535933333333333 0.0017535933333333333 0.0017535933333333333 0.0017535933333333333 0 0.0019852 0.0017535933333333333 0.0019852 0.0017535933333333333 
12 0 0 0 0 0 0 0 0 0 0 0 0.071546608 0 0 0 0 
55 0.3507186666666666 0 0 0 0 0 0 0 0 0 0 3.3086666666666667E-4 0 0 0 0 
56 0 0 0 0 0 0 0 0 0 0 0 0.071546608 0 0 0 0 
57 0.3507186666666666 0 0 0 0 0 0 0 0 0 0 3.3086666666666667E-4 0 0 0 0 
[1,*,*] : 
0 13 14 15 16 17 18 19 20 21 58 := 
0 0 3.809142857142857E-4 3.809142857142857E-4 3.809142857142857E-4 3.809142857142857E-4 3.809142857142857E-4 3.809142857142857E-4 3.809142857142857E-4 0 0 0 
13 0.4037691428571429 0 0 0 0 0 0 0 3.809142857142857E-4 0 0 
14 0.4037691428571429 0 0 0 0 0 0 0 3.809142857142857E-4 0 0 
15 0.4037691428571429 0 0 0 0 0 0 0 3.809142857142857E-4 0 0 
16 0.4037691428571429 0 0 0 0 0 0 0 3.809142857142857E-4 0 0 
17 0.4037691428571429 0 0 0 0 0 0 0 3.809142857142857E-4 0 0 
18 0.4037691428571429 0 0 0 0 0 0 0 3.809142857142857E-4 0 0 
19 0.4037691428571429 0 0 0 0 0 0 0 3.809142857142857E-4 0 0 
20 0 0.0020188457142857144 0.0020188457142857144 0.0020188457142857144 0.0020188457142857144 0.0020188457142857144 0.0020188457142857144 0.0020188457142857144 0 0.0013332 0.0013332 
21 0 0 0 0 0 0 0 0 0.062887044 0 0 
58 0 0 0 0 0 0 0 0 0.062887044 0 0 
[2,*,*] : 
0 22 23 24 25 26 27 28 29 60 61 62 63 64 65 := 
0 0 2.857E-4 2.857E-4 2.857E-4 2.857E-4 2.857E-4 2.857E-4 0 0 0 2.857E-4 0 0 0 2.857E-4 
22 0.302842 0 0 0 0 0 0 9.523333333333334E-5 0 9.523333333333334E-5 0 0 9.523333333333334E-5 0 0 
23 0.302842 0 0 0 0 0 0 9.523333333333334E-5 0 9.523333333333334E-5 0 0 9.523333333333334E-5 0 0 
24 0.302842 0 0 0 0 0 0 9.523333333333334E-5 0 9.523333333333334E-5 0 0 9.523333333333334E-5 0 0 
25 0.302842 0 0 0 0 0 0 9.523333333333334E-5 0 9.523333333333334E-5 0 0 9.523333333333334E-5 0 0 
26 0.302842 0 0 0 0 0 0 9.523333333333334E-5 0 9.523333333333334E-5 0 0 9.523333333333334E-5 0 0 
27 0.302842 0 0 0 0 0 0 9.523333333333334E-5 0 9.523333333333334E-5 0 0 9.523333333333334E-5 0 0 
28 0 5.047366666666666E-4 5.047366666666666E-4 5.047366666666666E-4 5.047366666666666E-4 5.047366666666666E-4 5.047366666666666E-4 0 2.5395555555555554E-4 0 5.047366666666666E-4 2.5395555555555554E-4 0 2.5395555555555554E-4 5.047366666666666E-4 
29 0 0 0 0 0 0 0 0.009287154666666667 0 0.009287154666666667 0 0 0.009287154666666667 0 0 
60 0 5.047366666666666E-4 5.047366666666666E-4 5.047366666666666E-4 5.047366666666666E-4 5.047366666666666E-4 5.047366666666666E-4 0 2.5395555555555554E-4 0 5.047366666666666E-4 2.5395555555555554E-4 0 2.5395555555555554E-4 5.047366666666666E-4 
61 0.302842 0 0 0 0 0 0 9.523333333333334E-5 0 9.523333333333334E-5 0 0 9.523333333333334E-5 0 0 
62 0 0 0 0 0 0 0 0.009287154666666667 0 0.009287154666666667 0 0 0.009287154666666667 0 0 
63 0 5.047366666666666E-4 5.047366666666666E-4 5.047366666666666E-4 5.047366666666666E-4 5.047366666666666E-4 5.047366666666666E-4 0 2.5395555555555554E-4 0 5.047366666666666E-4 2.5395555555555554E-4 0 2.5395555555555554E-4 5.047366666666666E-4 
64 0 0 0 0 0 0 0 0.009287154666666667 0 0.009287154666666667 0 0 0.009287154666666667 0 0 
65 0.302842 0 0 0 0 0 0 9.523333333333334E-5 0 9.523333333333334E-5 0 0 9.523333333333334E-5 0 0 
[3,*,*] : 
0 30 31 32 33 34 35 36 37 52 53 54 := 
0 0 3.0331428571428573E-4 3.0331428571428573E-4 3.0331428571428573E-4 3.0331428571428573E-4 3.0331428571428573E-4 3.0331428571428573E-4 0 0 0 0 3.0331428571428573E-4 
30 0.3215131428571429 0 0 0 0 0 0 1.5165714285714286E-4 0 1.5165714285714286E-4 0 0 
31 0.3215131428571429 0 0 0 0 0 0 1.5165714285714286E-4 0 1.5165714285714286E-4 0 0 
32 0.3215131428571429 0 0 0 0 0 0 1.5165714285714286E-4 0 1.5165714285714286E-4 0 0 
33 0.3215131428571429 0 0 0 0 0 0 1.5165714285714286E-4 0 1.5165714285714286E-4 0 0 
34 0.3215131428571429 0 0 0 0 0 0 1.5165714285714286E-4 0 1.5165714285714286E-4 0 0 
35 0.3215131428571429 0 0 0 0 0 0 1.5165714285714286E-4 0 1.5165714285714286E-4 0 0 
36 0 8.037828571428572E-4 8.037828571428572E-4 8.037828571428572E-4 8.037828571428572E-4 8.037828571428572E-4 8.037828571428572E-4 0 5.308E-4 0 5.308E-4 8.037828571428572E-4 
37 0 0 0 0 0 0 0 0.019411356000000005 0 0.019411356000000005 0 0 
52 0 8.037828571428572E-4 8.037828571428572E-4 8.037828571428572E-4 8.037828571428572E-4 8.037828571428572E-4 8.037828571428572E-4 0 5.308E-4 0 5.308E-4 8.037828571428572E-4 
53 0 0 0 0 0 0 0 0.019411356000000005 0 0.019411356000000005 0 0 
54 0.3215131428571429 0 0 0 0 0 0 1.5165714285714286E-4 0 1.5165714285714286E-4 0 0 
[4,*,*] : 
0 38 39 40 41 42 43 44 45 59 := 
0 0 6.336E-4 6.336E-4 6.336E-4 6.336E-4 6.336E-4 6.336E-4 0 0 0 
38 0.6716160000000001 0 0 0 0 0 0 3.168E-4 0 3.168E-4 
39 0.6716160000000001 0 0 0 0 0 0 3.168E-4 0 3.168E-4 
40 0.6716160000000001 0 0 0 0 0 0 3.168E-4 0 3.168E-4 
41 0.6716160000000001 0 0 0 0 0 0 3.168E-4 0 3.168E-4 
42 0.6716160000000001 0 0 0 0 0 0 3.168E-4 0 3.168E-4 
43 0.6716160000000001 0 0 0 0 0 0 3.168E-4 0 3.168E-4 
44 0 0.0016790400000000003 0.0016790400000000003 0.0016790400000000003 0.0016790400000000003 0.0016790400000000003 0.0016790400000000003 0 0.0019008 0 
45 0 0 0 0 0 0 0 0.081601344 0 0.081601344 
59 0 0.0016790400000000003 0.0016790400000000003 0.0016790400000000003 0.0016790400000000003 0.0016790400000000003 0.0016790400000000003 0 0.0019008 0 
[5,*,*] : 
0 46 47 48 49 50 51 66 67 := 
0 0 8.308E-4 8.308E-4 8.308E-4 8.308E-4 0 0 0 0 
46 0.880648 0 0 0 0 2.7693333333333336E-4 0 2.7693333333333336E-4 2.7693333333333336E-4 
47 0.880648 0 0 0 0 2.7693333333333336E-4 0 2.7693333333333336E-4 2.7693333333333336E-4 
48 0.880648 0 0 0 0 2.7693333333333336E-4 0 2.7693333333333336E-4 2.7693333333333336E-4 
49 0.880648 0 0 0 0 2.7693333333333336E-4 0 2.7693333333333336E-4 2.7693333333333336E-4 
50 0 0.0014677466666666668 0.0014677466666666668 0.0014677466666666668 0.0014677466666666668 0 0.0011077333333333334 0 0 
51 0 0 0 0 0 0.021722650666666666 0 0.021722650666666666 0.021722650666666666 
66 0 0.0014677466666666668 0.0014677466666666668 0.0014677466666666668 0.0014677466666666668 0 0.0011077333333333334 0 0 
67 0 0.0014677466666666668 0.0014677466666666668 0.0014677466666666668 0.0014677466666666668 0 0.0011077333333333334 0 0 
;
param x_bar : 0 1 2 3 4 5 6 7 8 9 10 11 12 13 14 15  := 
0 0 0 0 0 0 0 0 0 0 0 0 0 0 0 0 0 
1 0 0 0 0 0 0 0 0 1 0 0 0 0 0 0 0 
2 0 0 0 0 0 0 0 0 0 1 0 0 0 0 0 0 
3 0 0 0 0 0 0 0 0 0 1 0 0 0 0 0 0 
4 0 0 0 0 0 0 0 0 0 0 0 0 0 0 1 0 
5 0 0 0 0 0 0 0 0 0 0 0 0 0 0 0 1 
6 0 0 0 0 0 0 1 0 0 0 0 0 0 0 0 0 
7 0 0 0 0 0 0 1 0 0 0 0 0 0 0 0 0 
8 0 0 0 0 0 0 0 1 0 0 0 0 0 0 0 0 
9 0 0 0 0 0 0 0 1 0 0 0 0 0 0 0 0 
10 0 0 0 0 0 0 0 0 0 0 0 0 1 0 0 0 
11 0 0 0 0 0 0 0 0 1 0 0 0 0 0 0 0 
12 0 0 0 0 0 0 0 0 1 0 0 0 0 0 0 0 
13 0 0 0 0 0 0 1 0 0 0 0 0 0 0 0 0 
14 0 0 0 0 0 0 1 0 0 0 0 0 0 0 0 0 
15 0 0 0 0 0 0 0 1 0 0 0 0 0 0 0 0 
16 0 0 0 0 0 0 0 1 0 0 0 0 0 0 0 0 
17 1 0 0 0 0 0 0 0 0 0 0 0 0 0 0 0 
18 1 0 0 0 0 0 0 0 0 0 0 0 0 0 0 0 
19 0 1 0 0 0 0 0 0 0 0 0 0 0 0 0 0 
20 0 0 0 0 0 0 1 0 0 0 0 0 0 0 0 0 
21 0 0 0 0 0 0 1 0 0 0 0 0 0 0 0 0 
22 0 0 0 0 1 0 0 0 0 0 0 0 0 0 0 0 
23 0 0 0 0 0 1 0 0 0 0 0 0 0 0 0 0 
24 0 0 0 0 0 0 0 0 0 0 1 0 0 0 0 0 
25 0 0 0 0 0 0 0 0 0 0 1 0 0 0 0 0 
26 0 0 0 0 0 0 0 0 0 0 0 1 0 0 0 0 
27 0 0 0 0 0 0 0 0 0 0 0 1 0 0 0 0 
28 0 0 0 0 1 0 0 0 0 0 0 0 0 0 0 0 
29 0 0 0 0 0 1 0 0 0 0 0 0 0 0 0 0 
30 0 0 0 0 0 0 0 1 0 0 0 0 0 0 0 0 
31 0 1 0 0 0 0 0 0 0 0 0 0 0 0 0 0 
32 0 0 0 0 0 0 0 0 0 0 1 0 0 0 0 0 
33 0 0 0 0 0 0 0 0 0 0 0 1 0 0 0 0 
34 0 0 1 0 0 0 0 0 0 0 0 0 0 0 0 0 
35 0 0 1 0 0 0 0 0 0 0 0 0 0 0 0 0 
36 0 0 0 0 0 0 0 0 0 0 1 0 0 0 0 0 
37 0 0 0 0 0 0 0 0 0 0 0 1 0 0 0 0 
;
