data;
set C_bar :=  1 2 3 4 5 6 7 8 9 10 11 12 13 14 15 16 17 18 19 20 21 22 23 ;
set C :=  24 25 26 27 36 37 38 51 52 53 28 29 30 31 32 49 50 34 35 39 40 41 42 43 44 45 46 47 48 33 ;
set R := 0 1 2 3 4 5 ;
set C_bar_r[0] :=  
1 2 3 4 5 ;
set C_bar_r[1] :=  
6 7 8 9 10 ;
set C_bar_r[2] :=  
11 12 13 14 15 16 17 18 ;
set C_bar_r[3] :=  
19 20 21 22 23 ;
set C_r[0] :=  
34 35 39 40 41 42 43 44 45 46 47 48 ;
set C_r[1] :=  
;
set C_r[2] :=  
;
set C_r[3] :=  
33 ;
set C_r[4] :=  
24 25 26 27 36 37 38 51 52 53 ;
set C_r[5] :=  
28 29 30 31 32 49 50 ;
set S :=  0 1 2 3 4 5 6 7 8 9 10 11 12 13 14 15 ;
set S_u :=  0 1 2 3 4 5 6 7 8 9 10 11 12 13 14 15 ;
set S_r[0] := 
2 3 ;
set S_r[1] := 
2 3 12 13 14 ;
set S_r[2] := 
4 5 14 15 ;
set S_r[3] := 
0 1 4 5 ;
set Rack :=  0 1 2 3 4 5 6 7 ;
param COST : 0 1 2 3 4 5 6 7 8 9 10 11 12 13 14 15 :=
0 0 1 3 3 5 5 5 5 5 5 5 5 5 5 5 5 
1 1 0 3 3 5 5 5 5 5 5 5 5 5 5 5 5 
2 3 3 0 1 5 5 5 5 5 5 5 5 5 5 5 5 
3 3 3 1 0 5 5 5 5 5 5 5 5 5 5 5 5 
4 5 5 5 5 0 1 3 3 5 5 5 5 5 5 5 5 
5 5 5 5 5 1 0 3 3 5 5 5 5 5 5 5 5 
6 5 5 5 5 3 3 0 1 5 5 5 5 5 5 5 5 
7 5 5 5 5 3 3 1 0 5 5 5 5 5 5 5 5 
8 5 5 5 5 5 5 5 5 0 1 3 3 5 5 5 5 
9 5 5 5 5 5 5 5 5 1 0 3 3 5 5 5 5 
10 5 5 5 5 5 5 5 5 3 3 0 1 5 5 5 5 
11 5 5 5 5 5 5 5 5 3 3 1 0 5 5 5 5 
12 5 5 5 5 5 5 5 5 5 5 5 5 0 1 3 3 
13 5 5 5 5 5 5 5 5 5 5 5 5 1 0 3 3 
14 5 5 5 5 5 5 5 5 5 5 5 5 3 3 0 1 
15 5 5 5 5 5 5 5 5 5 5 5 5 3 3 1 0 
;
set S_rack[0] :=  
0 1 ;
set S_rack[1] :=  
2 3 ;
set S_rack[2] :=  
4 5 ;
set S_rack[3] :=  
6 7 ;
set S_rack[4] :=  
8 9 ;
set S_rack[5] :=  
10 11 ;
set S_rack[6] :=  
12 13 ;
set S_rack[7] :=  
14 15 ;
param CPU := 
0 40.0
1 48.0
2 30.0
3 38.0
4 15.0
5 16.0
6 28.0
7 28.0
8 28.0
9 28.0
10 28.0
11 28.0
12 18.4761905670166
13 18.4761905670166
14 32.63636374473572
15 23.545454740524292
;
param MEM := 
0 128.0
1 160.0
2 93.0
3 120.0
4 142.0
5 144.0
6 96.0
7 96.0
8 48.0
9 48.0
10 48.0
11 48.0
12 64.0
13 64.0
14 88.0
15 56.0
;
param DISK := 
0 92.0
1 142.0
2 66.0
3 68.0
4 92.8
5 94.0
6 96.0
7 96.0
8 48.0
9 48.0
10 48.0
11 48.0
12 46.0
13 46.0
14 54.0
15 40.0
;
param BDW_out := 
0 9.154566728
1 9.1707224
2 9.465905977142857
3 9.000403542857143
4 9.1825502
5 8.4025584
6 10.0
7 10.0
8 10.0
9 10.0
10 10.0
11 10.0
12 9.06632
13 9.06632
14 8.682238
15 9.604515
;
param BDW_in := 
0 9.99390352
1 9.99507592
2 9.996763942857143
3 9.953754777142857
4 9.974766328
5 9.99051472
6 10.0
7 10.0
8 10.0
9 10.0
10 10.0
11 10.0
12 9.994456
13 9.994456
14 9.9921754
15 9.96214204
;
param mem := 
1 32.0
2 32.0
3 32.0
4 2.0
5 64.0
34 2.0
35 64.0
39 2.0
40 64.0
41 2.0
42 2.0
43 2.0
44 2.0
45 32.0
46 32.0
47 64.0
48 32.0
6 32.0
7 32.0
8 32.0
9 8.0
10 1.0
11 8.0
12 8.0
13 8.0
14 8.0
15 8.0
16 8.0
17 64.0
18 32.0
19 32.0
20 32.0
21 32.0
22 2.0
23 32.0
33 32.0
24 32.0
25 32.0
26 4.0
27 16.0
36 4.0
37 32.0
38 32.0
51 32.0
52 16.0
53 32.0
28 64.0
29 64.0
30 2.0
31 64.0
32 64.0
49 64.0
50 64.0
;
param disk := 
1 50.0
2 50.0
3 50.0
4 8.0
5 64.0
34 8.0
35 64.0
39 8.0
40 64.0
41 8.0
42 8.0
43 8.0
44 8.0
45 50.0
46 50.0
47 64.0
48 50.0
6 50.0
7 50.0
8 50.0
9 24.0
10 4.0
11 24.0
12 24.0
13 24.0
14 24.0
15 24.0
16 24.0
17 64.0
18 43.2
19 50.0
20 50.0
21 50.0
22 8.0
23 50.0
33 50.0
24 50.0
25 50.0
26 16.0
27 36.0
36 16.0
37 50.0
38 50.0
51 50.0
52 36.0
53 50.0
28 64.0
29 64.0
30 8.0
31 64.0
32 64.0
49 64.0
50 64.0
;
param cpu : 
0 1 2 3 4 5 6 7 8 9 10 11 12 13 14 15 := 
1 8.0 8.0 8.0 8.0 8.0 8.0 9.523809523809524 9.523809523809524 8.0 8.0 8.0 8.0 9.523809523809524 9.523809523809524 9.090909090909092 9.090909090909092 
2 8.0 8.0 8.0 8.0 8.0 8.0 9.523809523809524 9.523809523809524 8.0 8.0 8.0 8.0 9.523809523809524 9.523809523809524 9.090909090909092 9.090909090909092 
3 8.0 8.0 8.0 8.0 8.0 8.0 9.523809523809524 9.523809523809524 8.0 8.0 8.0 8.0 9.523809523809524 9.523809523809524 9.090909090909092 9.090909090909092 
4 1.0 1.0 1.0 1.0 1.0 1.0 1.1904761904761905 1.1904761904761905 1.0 1.0 1.0 1.0 1.1904761904761905 1.1904761904761905 1.1363636363636365 1.1363636363636365 
5 16.0 16.0 16.0 16.0 16.0 16.0 19.047619047619047 19.047619047619047 16.0 16.0 16.0 16.0 19.047619047619047 19.047619047619047 18.181818181818183 18.181818181818183 
34 1.0 1.0 1.0 1.0 1.0 1.0 1.1904761904761905 1.1904761904761905 1.0 1.0 1.0 1.0 1.1904761904761905 1.1904761904761905 1.1363636363636365 1.1363636363636365 
35 16.0 16.0 16.0 16.0 16.0 16.0 19.047619047619047 19.047619047619047 16.0 16.0 16.0 16.0 19.047619047619047 19.047619047619047 18.181818181818183 18.181818181818183 
39 1.0 1.0 1.0 1.0 1.0 1.0 1.1904761904761905 1.1904761904761905 1.0 1.0 1.0 1.0 1.1904761904761905 1.1904761904761905 1.1363636363636365 1.1363636363636365 
40 16.0 16.0 16.0 16.0 16.0 16.0 19.047619047619047 19.047619047619047 16.0 16.0 16.0 16.0 19.047619047619047 19.047619047619047 18.181818181818183 18.181818181818183 
41 1.0 1.0 1.0 1.0 1.0 1.0 1.1904761904761905 1.1904761904761905 1.0 1.0 1.0 1.0 1.1904761904761905 1.1904761904761905 1.1363636363636365 1.1363636363636365 
42 1.0 1.0 1.0 1.0 1.0 1.0 1.1904761904761905 1.1904761904761905 1.0 1.0 1.0 1.0 1.1904761904761905 1.1904761904761905 1.1363636363636365 1.1363636363636365 
43 1.0 1.0 1.0 1.0 1.0 1.0 1.1904761904761905 1.1904761904761905 1.0 1.0 1.0 1.0 1.1904761904761905 1.1904761904761905 1.1363636363636365 1.1363636363636365 
44 1.0 1.0 1.0 1.0 1.0 1.0 1.1904761904761905 1.1904761904761905 1.0 1.0 1.0 1.0 1.1904761904761905 1.1904761904761905 1.1363636363636365 1.1363636363636365 
45 8.0 8.0 8.0 8.0 8.0 8.0 9.523809523809524 9.523809523809524 8.0 8.0 8.0 8.0 9.523809523809524 9.523809523809524 9.090909090909092 9.090909090909092 
46 8.0 8.0 8.0 8.0 8.0 8.0 9.523809523809524 9.523809523809524 8.0 8.0 8.0 8.0 9.523809523809524 9.523809523809524 9.090909090909092 9.090909090909092 
47 16.0 16.0 16.0 16.0 16.0 16.0 19.047619047619047 19.047619047619047 16.0 16.0 16.0 16.0 19.047619047619047 19.047619047619047 18.181818181818183 18.181818181818183 
48 8.0 8.0 8.0 8.0 8.0 8.0 9.523809523809524 9.523809523809524 8.0 8.0 8.0 8.0 9.523809523809524 9.523809523809524 9.090909090909092 9.090909090909092 
6 8.0 8.0 8.0 8.0 8.0 8.0 9.523809523809524 9.523809523809524 8.0 8.0 8.0 8.0 9.523809523809524 9.523809523809524 9.090909090909092 9.090909090909092 
7 8.0 8.0 8.0 8.0 8.0 8.0 9.523809523809524 9.523809523809524 8.0 8.0 8.0 8.0 9.523809523809524 9.523809523809524 9.090909090909092 9.090909090909092 
8 8.0 8.0 8.0 8.0 8.0 8.0 9.523809523809524 9.523809523809524 8.0 8.0 8.0 8.0 9.523809523809524 9.523809523809524 9.090909090909092 9.090909090909092 
9 2.0 2.0 2.0 2.0 2.0 2.0 2.380952380952381 2.380952380952381 2.0 2.0 2.0 2.0 2.380952380952381 2.380952380952381 2.272727272727273 2.272727272727273 
10 1.0 1.0 1.0 1.0 1.0 1.0 1.1904761904761905 1.1904761904761905 1.0 1.0 1.0 1.0 1.1904761904761905 1.1904761904761905 1.1363636363636365 1.1363636363636365 
11 2.0 2.0 2.0 2.0 2.0 2.0 2.380952380952381 2.380952380952381 2.0 2.0 2.0 2.0 2.380952380952381 2.380952380952381 2.272727272727273 2.272727272727273 
12 2.0 2.0 2.0 2.0 2.0 2.0 2.380952380952381 2.380952380952381 2.0 2.0 2.0 2.0 2.380952380952381 2.380952380952381 2.272727272727273 2.272727272727273 
13 2.0 2.0 2.0 2.0 2.0 2.0 2.380952380952381 2.380952380952381 2.0 2.0 2.0 2.0 2.380952380952381 2.380952380952381 2.272727272727273 2.272727272727273 
14 2.0 2.0 2.0 2.0 2.0 2.0 2.380952380952381 2.380952380952381 2.0 2.0 2.0 2.0 2.380952380952381 2.380952380952381 2.272727272727273 2.272727272727273 
15 2.0 2.0 2.0 2.0 2.0 2.0 2.380952380952381 2.380952380952381 2.0 2.0 2.0 2.0 2.380952380952381 2.380952380952381 2.272727272727273 2.272727272727273 
16 2.0 2.0 2.0 2.0 2.0 2.0 2.380952380952381 2.380952380952381 2.0 2.0 2.0 2.0 2.380952380952381 2.380952380952381 2.272727272727273 2.272727272727273 
17 16.0 16.0 16.0 16.0 16.0 16.0 19.047619047619047 19.047619047619047 16.0 16.0 16.0 16.0 19.047619047619047 19.047619047619047 18.181818181818183 18.181818181818183 
18 8.0 8.0 8.0 8.0 8.0 8.0 9.523809523809524 9.523809523809524 8.0 8.0 8.0 8.0 9.523809523809524 9.523809523809524 9.090909090909092 9.090909090909092 
19 8.0 8.0 8.0 8.0 8.0 8.0 9.523809523809524 9.523809523809524 8.0 8.0 8.0 8.0 9.523809523809524 9.523809523809524 9.090909090909092 9.090909090909092 
20 8.0 8.0 8.0 8.0 8.0 8.0 9.523809523809524 9.523809523809524 8.0 8.0 8.0 8.0 9.523809523809524 9.523809523809524 9.090909090909092 9.090909090909092 
21 8.0 8.0 8.0 8.0 8.0 8.0 9.523809523809524 9.523809523809524 8.0 8.0 8.0 8.0 9.523809523809524 9.523809523809524 9.090909090909092 9.090909090909092 
22 1.0 1.0 1.0 1.0 1.0 1.0 1.1904761904761905 1.1904761904761905 1.0 1.0 1.0 1.0 1.1904761904761905 1.1904761904761905 1.1363636363636365 1.1363636363636365 
23 8.0 8.0 8.0 8.0 8.0 8.0 9.523809523809524 9.523809523809524 8.0 8.0 8.0 8.0 9.523809523809524 9.523809523809524 9.090909090909092 9.090909090909092 
33 8.0 8.0 8.0 8.0 8.0 8.0 9.523809523809524 9.523809523809524 8.0 8.0 8.0 8.0 9.523809523809524 9.523809523809524 9.090909090909092 9.090909090909092 
24 8.0 8.0 8.0 8.0 8.0 8.0 9.523809523809524 9.523809523809524 8.0 8.0 8.0 8.0 9.523809523809524 9.523809523809524 9.090909090909092 9.090909090909092 
25 8.0 8.0 8.0 8.0 8.0 8.0 9.523809523809524 9.523809523809524 8.0 8.0 8.0 8.0 9.523809523809524 9.523809523809524 9.090909090909092 9.090909090909092 
26 2.0 2.0 2.0 2.0 2.0 2.0 2.380952380952381 2.380952380952381 2.0 2.0 2.0 2.0 2.380952380952381 2.380952380952381 2.272727272727273 2.272727272727273 
27 4.0 4.0 4.0 4.0 4.0 4.0 4.761904761904762 4.761904761904762 4.0 4.0 4.0 4.0 4.761904761904762 4.761904761904762 4.545454545454546 4.545454545454546 
36 2.0 2.0 2.0 2.0 2.0 2.0 2.380952380952381 2.380952380952381 2.0 2.0 2.0 2.0 2.380952380952381 2.380952380952381 2.272727272727273 2.272727272727273 
37 8.0 8.0 8.0 8.0 8.0 8.0 9.523809523809524 9.523809523809524 8.0 8.0 8.0 8.0 9.523809523809524 9.523809523809524 9.090909090909092 9.090909090909092 
38 8.0 8.0 8.0 8.0 8.0 8.0 9.523809523809524 9.523809523809524 8.0 8.0 8.0 8.0 9.523809523809524 9.523809523809524 9.090909090909092 9.090909090909092 
51 8.0 8.0 8.0 8.0 8.0 8.0 9.523809523809524 9.523809523809524 8.0 8.0 8.0 8.0 9.523809523809524 9.523809523809524 9.090909090909092 9.090909090909092 
52 4.0 4.0 4.0 4.0 4.0 4.0 4.761904761904762 4.761904761904762 4.0 4.0 4.0 4.0 4.761904761904762 4.761904761904762 4.545454545454546 4.545454545454546 
53 8.0 8.0 8.0 8.0 8.0 8.0 9.523809523809524 9.523809523809524 8.0 8.0 8.0 8.0 9.523809523809524 9.523809523809524 9.090909090909092 9.090909090909092 
28 16.0 16.0 16.0 16.0 16.0 16.0 19.047619047619047 19.047619047619047 16.0 16.0 16.0 16.0 19.047619047619047 19.047619047619047 18.181818181818183 18.181818181818183 
29 16.0 16.0 16.0 16.0 16.0 16.0 19.047619047619047 19.047619047619047 16.0 16.0 16.0 16.0 19.047619047619047 19.047619047619047 18.181818181818183 18.181818181818183 
30 1.0 1.0 1.0 1.0 1.0 1.0 1.1904761904761905 1.1904761904761905 1.0 1.0 1.0 1.0 1.1904761904761905 1.1904761904761905 1.1363636363636365 1.1363636363636365 
31 16.0 16.0 16.0 16.0 16.0 16.0 19.047619047619047 19.047619047619047 16.0 16.0 16.0 16.0 19.047619047619047 19.047619047619047 18.181818181818183 18.181818181818183 
32 16.0 16.0 16.0 16.0 16.0 16.0 19.047619047619047 19.047619047619047 16.0 16.0 16.0 16.0 19.047619047619047 19.047619047619047 18.181818181818183 18.181818181818183 
49 16.0 16.0 16.0 16.0 16.0 16.0 19.047619047619047 19.047619047619047 16.0 16.0 16.0 16.0 19.047619047619047 19.047619047619047 18.181818181818183 18.181818181818183 
50 16.0 16.0 16.0 16.0 16.0 16.0 19.047619047619047 19.047619047619047 16.0 16.0 16.0 16.0 19.047619047619047 19.047619047619047 18.181818181818183 18.181818181818183 
;
set c_0 := 0;
param d := 
[0,*,*] : 
0 1 2 3 4 5 34 35 39 40 41 42 43 44 45 46 47 48 := 
0 0 4.636E-4 4.636E-4 4.636E-4 0 0 0 0 0 0 0 0 0 0 4.636E-4 4.636E-4 0 4.636E-4 
1 0.491416 0 0 0 6.622857142857143E-5 0 6.622857142857143E-5 0 6.622857142857143E-5 0 6.622857142857143E-5 6.622857142857143E-5 6.622857142857143E-5 6.622857142857143E-5 0 0 0 0 
2 0.491416 0 0 0 6.622857142857143E-5 0 6.622857142857143E-5 0 6.622857142857143E-5 0 6.622857142857143E-5 6.622857142857143E-5 6.622857142857143E-5 6.622857142857143E-5 0 0 0 0 
3 0.491416 0 0 0 6.622857142857143E-5 0 6.622857142857143E-5 0 6.622857142857143E-5 0 6.622857142857143E-5 6.622857142857143E-5 6.622857142857143E-5 6.622857142857143E-5 0 0 0 0 
4 0 3.5101142857142854E-4 3.5101142857142854E-4 3.5101142857142854E-4 0 9.934285714285714E-5 0 9.934285714285714E-5 0 9.934285714285714E-5 0 0 0 0 3.5101142857142854E-4 3.5101142857142854E-4 9.934285714285714E-5 3.5101142857142854E-4 
5 0 0 0 0 0.0014742479999999998 0 0.0014742479999999998 0 0.0014742479999999998 0 0.0014742479999999998 0.0014742479999999998 0.0014742479999999998 0.0014742479999999998 0 0 0 0 
34 0 3.5101142857142854E-4 3.5101142857142854E-4 3.5101142857142854E-4 0 9.934285714285714E-5 0 9.934285714285714E-5 0 9.934285714285714E-5 0 0 0 0 3.5101142857142854E-4 3.5101142857142854E-4 9.934285714285714E-5 3.5101142857142854E-4 
35 0 0 0 0 0.0014742479999999998 0 0.0014742479999999998 0 0.0014742479999999998 0 0.0014742479999999998 0.0014742479999999998 0.0014742479999999998 0.0014742479999999998 0 0 0 0 
39 0 3.5101142857142854E-4 3.5101142857142854E-4 3.5101142857142854E-4 0 9.934285714285714E-5 0 9.934285714285714E-5 0 9.934285714285714E-5 0 0 0 0 3.5101142857142854E-4 3.5101142857142854E-4 9.934285714285714E-5 3.5101142857142854E-4 
40 0 0 0 0 0.0014742479999999998 0 0.0014742479999999998 0 0.0014742479999999998 0 0.0014742479999999998 0.0014742479999999998 0.0014742479999999998 0.0014742479999999998 0 0 0 0 
41 0 3.5101142857142854E-4 3.5101142857142854E-4 3.5101142857142854E-4 0 9.934285714285714E-5 0 9.934285714285714E-5 0 9.934285714285714E-5 0 0 0 0 3.5101142857142854E-4 3.5101142857142854E-4 9.934285714285714E-5 3.5101142857142854E-4 
42 0 3.5101142857142854E-4 3.5101142857142854E-4 3.5101142857142854E-4 0 9.934285714285714E-5 0 9.934285714285714E-5 0 9.934285714285714E-5 0 0 0 0 3.5101142857142854E-4 3.5101142857142854E-4 9.934285714285714E-5 3.5101142857142854E-4 
43 0 3.5101142857142854E-4 3.5101142857142854E-4 3.5101142857142854E-4 0 9.934285714285714E-5 0 9.934285714285714E-5 0 9.934285714285714E-5 0 0 0 0 3.5101142857142854E-4 3.5101142857142854E-4 9.934285714285714E-5 3.5101142857142854E-4 
44 0 3.5101142857142854E-4 3.5101142857142854E-4 3.5101142857142854E-4 0 9.934285714285714E-5 0 9.934285714285714E-5 0 9.934285714285714E-5 0 0 0 0 3.5101142857142854E-4 3.5101142857142854E-4 9.934285714285714E-5 3.5101142857142854E-4 
45 0.491416 0 0 0 6.622857142857143E-5 0 6.622857142857143E-5 0 6.622857142857143E-5 0 6.622857142857143E-5 6.622857142857143E-5 6.622857142857143E-5 6.622857142857143E-5 0 0 0 0 
46 0.491416 0 0 0 6.622857142857143E-5 0 6.622857142857143E-5 0 6.622857142857143E-5 0 6.622857142857143E-5 6.622857142857143E-5 6.622857142857143E-5 6.622857142857143E-5 0 0 0 0 
47 0 0 0 0 0.0014742479999999998 0 0.0014742479999999998 0 0.0014742479999999998 0 0.0014742479999999998 0.0014742479999999998 0.0014742479999999998 0.0014742479999999998 0 0 0 0 
48 0.491416 0 0 0 6.622857142857143E-5 0 6.622857142857143E-5 0 6.622857142857143E-5 0 6.622857142857143E-5 6.622857142857143E-5 6.622857142857143E-5 6.622857142857143E-5 0 0 0 0 
[1,*,*] : 
0 6 7 8 9 10 := 
0 0 8.8E-4 8.8E-4 8.8E-4 0 0 
6 0.9328 0 0 0 8.8E-4 0 
7 0.9328 0 0 0 8.8E-4 0 
8 0.9328 0 0 0 8.8E-4 0 
9 0 0.004664000000000001 0.004664000000000001 0.004664000000000001 0 0.00264 
10 0 0 0 0 0.041976 0 
[2,*,*] : 
0 11 12 13 14 15 16 17 18 := 
0 0 3.6199999999999996E-4 3.6199999999999996E-4 3.6199999999999996E-4 3.6199999999999996E-4 3.6199999999999996E-4 3.6199999999999996E-4 0 0 
11 0.38372 0 0 0 0 0 0 3.6199999999999996E-4 0 
12 0.38372 0 0 0 0 0 0 3.6199999999999996E-4 0 
13 0.38372 0 0 0 0 0 0 3.6199999999999996E-4 0 
14 0.38372 0 0 0 0 0 0 3.6199999999999996E-4 0 
15 0.38372 0 0 0 0 0 0 3.6199999999999996E-4 0 
16 0.38372 0 0 0 0 0 0 3.6199999999999996E-4 0 
17 0 0.0019186000000000001 0.0019186000000000001 0.0019186000000000001 0.0019186000000000001 0.0019186000000000001 0.0019186000000000001 0 0.002172 
18 0 0 0 0 0 0 0 0.03568596 0 
[3,*,*] : 
0 19 20 21 22 23 33 := 
0 0 7.816E-4 7.816E-4 7.816E-4 0 0 0 
19 0.828496 0 0 0 7.816E-4 0 0 
20 0.828496 0 0 0 7.816E-4 0 0 
21 0.828496 0 0 0 7.816E-4 0 0 
22 0 0.0041424800000000005 0.0041424800000000005 0.0041424800000000005 0 0.0011724 0.0011724 
23 0 0 0 0 0.016155672000000003 0 0 
33 0 0 0 0 0.016155672000000003 0 0 
[4,*,*] : 
0 24 25 26 27 36 37 38 51 52 53 := 
0 0 2.316E-4 2.316E-4 0 0 0 2.316E-4 2.316E-4 2.316E-4 0 2.316E-4 
24 0.24549599999999996 0 0 1.158E-4 0 1.158E-4 0 0 0 0 0 
25 0.24549599999999996 0 0 1.158E-4 0 1.158E-4 0 0 0 0 0 
26 0 6.137399999999999E-4 6.137399999999999E-4 0 3.474E-4 0 6.137399999999999E-4 6.137399999999999E-4 6.137399999999999E-4 3.474E-4 6.137399999999999E-4 
27 0 0 0 0.017859833999999995 0 0.017859833999999995 0 0 0 0 0 
36 0 6.137399999999999E-4 6.137399999999999E-4 0 3.474E-4 0 6.137399999999999E-4 6.137399999999999E-4 6.137399999999999E-4 3.474E-4 6.137399999999999E-4 
37 0.24549599999999996 0 0 1.158E-4 0 1.158E-4 0 0 0 0 0 
38 0.24549599999999996 0 0 1.158E-4 0 1.158E-4 0 0 0 0 0 
51 0.24549599999999996 0 0 1.158E-4 0 1.158E-4 0 0 0 0 0 
52 0 0 0 0.017859833999999995 0 0.017859833999999995 0 0 0 0 0 
53 0.24549599999999996 0 0 1.158E-4 0 1.158E-4 0 0 0 0 0 
[5,*,*] : 
0 28 29 30 31 32 49 50 := 
0 0 4.293333333333334E-4 0 0 4.293333333333334E-4 0 0 4.293333333333334E-4 
28 0.45509333333333335 0 1.4311111111111114E-4 0 0 1.4311111111111114E-4 1.4311111111111114E-4 0 
29 0 7.58488888888889E-4 0 4.293333333333334E-4 7.58488888888889E-4 0 0 7.58488888888889E-4 
30 0 0 0.010239600000000001 0 0 0.010239600000000001 0.010239600000000001 0 
31 0.45509333333333335 0 1.4311111111111114E-4 0 0 1.4311111111111114E-4 1.4311111111111114E-4 0 
32 0 7.58488888888889E-4 0 4.293333333333334E-4 7.58488888888889E-4 0 0 7.58488888888889E-4 
49 0 7.58488888888889E-4 0 4.293333333333334E-4 7.58488888888889E-4 0 0 7.58488888888889E-4 
50 0.45509333333333335 0 1.4311111111111114E-4 0 0 1.4311111111111114E-4 1.4311111111111114E-4 0 
;
param x_bar : 0 1 2 3 4 5 6 7 8 9 10 11 12 13 14 15  := 
0 0 0 0 0 0 0 0 0 0 0 0 0 0 0 0 0 
1 0 0 1 0 0 0 0 0 0 0 0 0 0 0 0 0 
2 0 0 0 1 0 0 0 0 0 0 0 0 0 0 0 0 
3 0 0 0 1 0 0 0 0 0 0 0 0 0 0 0 0 
4 0 0 1 0 0 0 0 0 0 0 0 0 0 0 0 0 
5 0 0 1 0 0 0 0 0 0 0 0 0 0 0 0 0 
6 0 0 0 0 0 0 0 0 0 0 0 0 1 0 0 0 
7 0 0 0 0 0 0 0 0 0 0 0 0 0 1 0 0 
8 0 0 0 0 0 0 0 0 0 0 0 0 0 0 1 0 
9 0 0 0 1 0 0 0 0 0 0 0 0 0 0 0 0 
10 0 0 1 0 0 0 0 0 0 0 0 0 0 0 0 0 
11 0 0 0 0 0 0 0 0 0 0 0 0 0 0 1 0 
12 0 0 0 0 0 0 0 0 0 0 0 0 0 0 0 1 
13 0 0 0 0 1 0 0 0 0 0 0 0 0 0 0 0 
14 0 0 0 0 1 0 0 0 0 0 0 0 0 0 0 0 
15 0 0 0 0 0 1 0 0 0 0 0 0 0 0 0 0 
16 0 0 0 0 0 1 0 0 0 0 0 0 0 0 0 0 
17 0 0 0 0 0 0 0 0 0 0 0 0 0 0 0 1 
18 0 0 0 0 1 0 0 0 0 0 0 0 0 0 0 0 
19 0 0 0 0 0 1 0 0 0 0 0 0 0 0 0 0 
20 1 0 0 0 0 0 0 0 0 0 0 0 0 0 0 0 
21 0 1 0 0 0 0 0 0 0 0 0 0 0 0 0 0 
22 0 0 0 0 1 0 0 0 0 0 0 0 0 0 0 0 
23 1 0 0 0 0 0 0 0 0 0 0 0 0 0 0 0 
;
