data;
set C_bar :=  1 2 3 4 5 6 7 8 9 10 11 12 13 14 15 16 17 18 ;
set C :=  19 20 21 22 23 24 25 38 47 48 32 33 34 35 36 37 43 44 45 46 39 40 41 42 26 27 28 29 30 31 ;
set R := 0 1 2 3 4 5 ;
set C_bar_r[0] :=  
1 2 3 ;
set C_bar_r[1] :=  
4 5 6 7 8 9 10 11 ;
set C_bar_r[2] :=  
12 13 14 ;
set C_bar_r[3] :=  
15 16 17 18 ;
set C_r[0] :=  
;
set C_r[1] :=  
32 33 34 35 36 37 43 44 45 46 ;
set C_r[2] :=  
39 40 41 42 ;
set C_r[3] :=  
26 27 28 29 30 31 ;
set C_r[4] :=  
19 20 21 ;
set C_r[5] :=  
22 23 24 25 38 47 48 ;
set S :=  0 1 2 3 4 5 6 7 8 9 10 11 12 13 14 15 ;
set S_u :=  2 3 4 5 6 7 8 9 10 11 12 13 14 15 ;
set S_r[0] := 
0 1 ;
set S_r[1] := 
1 10 11 14 15 ;
set S_r[2] := 
4 5 ;
set S_r[3] := 
2 3 10 ;
set Rack :=  0 1 2 3 4 5 6 7 ;
param COST : 0 1 2 3 4 5 6 7 8 9 10 11 12 13 14 15 :=
0 0 1 3 3 5 5 5 5 5 5 5 5 5 5 5 5 
1 1 0 3 3 5 5 5 5 5 5 5 5 5 5 5 5 
2 3 3 0 1 5 5 5 5 5 5 5 5 5 5 5 5 
3 3 3 1 0 5 5 5 5 5 5 5 5 5 5 5 5 
4 5 5 5 5 0 1 3 3 5 5 5 5 5 5 5 5 
5 5 5 5 5 1 0 3 3 5 5 5 5 5 5 5 5 
6 5 5 5 5 3 3 0 1 5 5 5 5 5 5 5 5 
7 5 5 5 5 3 3 1 0 5 5 5 5 5 5 5 5 
8 5 5 5 5 5 5 5 5 0 1 3 3 5 5 5 5 
9 5 5 5 5 5 5 5 5 1 0 3 3 5 5 5 5 
10 5 5 5 5 5 5 5 5 3 3 0 1 5 5 5 5 
11 5 5 5 5 5 5 5 5 3 3 1 0 5 5 5 5 
12 5 5 5 5 5 5 5 5 5 5 5 5 0 1 3 3 
13 5 5 5 5 5 5 5 5 5 5 5 5 1 0 3 3 
14 5 5 5 5 5 5 5 5 5 5 5 5 3 3 0 1 
15 5 5 5 5 5 5 5 5 5 5 5 5 3 3 1 0 
;
set S_rack[0] :=  
0 1 ;
set S_rack[1] :=  
2 3 ;
set S_rack[2] :=  
4 5 ;
set S_rack[3] :=  
6 7 ;
set S_rack[4] :=  
8 9 ;
set S_rack[5] :=  
10 11 ;
set S_rack[6] :=  
12 13 ;
set S_rack[7] :=  
14 15 ;
param CPU := 
0 10.0
1 10.0
2 30.36363649368286
3 39.45454549789429
4 22.047619104385376
5 25.61904764175415
6 28.0
7 28.0
8 28.0
9 28.0
10 25.0
11 26.0
12 56.0
13 56.0
14 34.909090995788574
15 23.545454740524292
;
param MEM := 
0 124.0
1 120.0
2 80.0
3 112.0
4 78.0
5 88.0
6 96.0
7 96.0
8 96.0
9 96.0
10 38.0
11 40.0
12 192.0
13 192.0
14 96.0
15 56.0
;
param DISK := 
0 112.0
1 104.0
2 42.0
3 92.0
4 52.0
5 72.0
6 96.0
7 96.0
8 96.0
9 96.0
10 16.0
11 24.0
12 192.0
13 192.0
14 44.0
15 40.0
;
param BDW_out := 
0 8.6088168
1 9.657773473777779
2 9.268402575
3 9.26948775
4 9.019827866666667
5 9.9877517
6 10.0
7 10.0
8 10.0
9 10.0
10 9.708119922777778
11 9.719622777777778
12 10.0
13 10.0
14 9.437857222222222
15 9.715018667777779
;
param BDW_in := 
0 9.936839496
1 9.998073966666666
2 9.987635895
3 9.998398075
4 9.9868273
5 9.999691866666666
6 10.0
7 10.0
8 10.0
9 10.0
10 9.999040666666666
11 9.999385166666666
12 10.0
13 10.0
14 9.994602556666667
15 9.999266166666667
;
param mem := 
1 64.0
2 4.0
3 64.0
4 8.0
5 8.0
6 8.0
7 8.0
8 8.0
9 8.0
10 16.0
11 64.0
32 16.0
33 8.0
34 8.0
35 16.0
36 64.0
37 64.0
43 64.0
44 16.0
45 64.0
46 8.0
12 16.0
13 2.0
14 8.0
39 8.0
40 16.0
41 2.0
42 8.0
15 16.0
16 16.0
17 32.0
18 2.0
26 16.0
27 32.0
28 32.0
29 16.0
30 32.0
31 2.0
19 64.0
20 1.0
21 32.0
22 32.0
23 32.0
24 8.0
25 32.0
38 32.0
47 8.0
48 8.0
;
param disk := 
1 64.0
2 16.0
3 64.0
4 24.0
5 24.0
6 24.0
7 24.0
8 24.0
9 24.0
10 36.0
11 64.0
32 36.0
33 24.0
34 24.0
35 36.0
36 64.0
37 64.0
43 64.0
44 36.0
45 64.0
46 24.0
12 36.0
13 8.0
14 24.0
39 24.0
40 36.0
41 8.0
42 24.0
15 36.0
16 36.0
17 50.0
18 8.0
26 36.0
27 50.0
28 50.0
29 36.0
30 50.0
31 8.0
19 64.0
20 4.0
21 50.0
22 50.0
23 50.0
24 24.0
25 43.2
38 43.2
47 24.0
48 24.0
;
param cpu : 
0 1 2 3 4 5 6 7 8 9 10 11 12 13 14 15 := 
1 16.0 16.0 18.181818181818183 18.181818181818183 19.047619047619047 19.047619047619047 19.047619047619047 19.047619047619047 19.047619047619047 19.047619047619047 16.0 16.0 16.0 16.0 18.181818181818183 18.181818181818183 
2 2.0 2.0 2.272727272727273 2.272727272727273 2.380952380952381 2.380952380952381 2.380952380952381 2.380952380952381 2.380952380952381 2.380952380952381 2.0 2.0 2.0 2.0 2.272727272727273 2.272727272727273 
3 16.0 16.0 18.181818181818183 18.181818181818183 19.047619047619047 19.047619047619047 19.047619047619047 19.047619047619047 19.047619047619047 19.047619047619047 16.0 16.0 16.0 16.0 18.181818181818183 18.181818181818183 
4 2.0 2.0 2.272727272727273 2.272727272727273 2.380952380952381 2.380952380952381 2.380952380952381 2.380952380952381 2.380952380952381 2.380952380952381 2.0 2.0 2.0 2.0 2.272727272727273 2.272727272727273 
5 2.0 2.0 2.272727272727273 2.272727272727273 2.380952380952381 2.380952380952381 2.380952380952381 2.380952380952381 2.380952380952381 2.380952380952381 2.0 2.0 2.0 2.0 2.272727272727273 2.272727272727273 
6 2.0 2.0 2.272727272727273 2.272727272727273 2.380952380952381 2.380952380952381 2.380952380952381 2.380952380952381 2.380952380952381 2.380952380952381 2.0 2.0 2.0 2.0 2.272727272727273 2.272727272727273 
7 2.0 2.0 2.272727272727273 2.272727272727273 2.380952380952381 2.380952380952381 2.380952380952381 2.380952380952381 2.380952380952381 2.380952380952381 2.0 2.0 2.0 2.0 2.272727272727273 2.272727272727273 
8 2.0 2.0 2.272727272727273 2.272727272727273 2.380952380952381 2.380952380952381 2.380952380952381 2.380952380952381 2.380952380952381 2.380952380952381 2.0 2.0 2.0 2.0 2.272727272727273 2.272727272727273 
9 2.0 2.0 2.272727272727273 2.272727272727273 2.380952380952381 2.380952380952381 2.380952380952381 2.380952380952381 2.380952380952381 2.380952380952381 2.0 2.0 2.0 2.0 2.272727272727273 2.272727272727273 
10 4.0 4.0 4.545454545454546 4.545454545454546 4.761904761904762 4.761904761904762 4.761904761904762 4.761904761904762 4.761904761904762 4.761904761904762 4.0 4.0 4.0 4.0 4.545454545454546 4.545454545454546 
11 16.0 16.0 18.181818181818183 18.181818181818183 19.047619047619047 19.047619047619047 19.047619047619047 19.047619047619047 19.047619047619047 19.047619047619047 16.0 16.0 16.0 16.0 18.181818181818183 18.181818181818183 
32 4.0 4.0 4.545454545454546 4.545454545454546 4.761904761904762 4.761904761904762 4.761904761904762 4.761904761904762 4.761904761904762 4.761904761904762 4.0 4.0 4.0 4.0 4.545454545454546 4.545454545454546 
33 2.0 2.0 2.272727272727273 2.272727272727273 2.380952380952381 2.380952380952381 2.380952380952381 2.380952380952381 2.380952380952381 2.380952380952381 2.0 2.0 2.0 2.0 2.272727272727273 2.272727272727273 
34 2.0 2.0 2.272727272727273 2.272727272727273 2.380952380952381 2.380952380952381 2.380952380952381 2.380952380952381 2.380952380952381 2.380952380952381 2.0 2.0 2.0 2.0 2.272727272727273 2.272727272727273 
35 4.0 4.0 4.545454545454546 4.545454545454546 4.761904761904762 4.761904761904762 4.761904761904762 4.761904761904762 4.761904761904762 4.761904761904762 4.0 4.0 4.0 4.0 4.545454545454546 4.545454545454546 
36 16.0 16.0 18.181818181818183 18.181818181818183 19.047619047619047 19.047619047619047 19.047619047619047 19.047619047619047 19.047619047619047 19.047619047619047 16.0 16.0 16.0 16.0 18.181818181818183 18.181818181818183 
37 16.0 16.0 18.181818181818183 18.181818181818183 19.047619047619047 19.047619047619047 19.047619047619047 19.047619047619047 19.047619047619047 19.047619047619047 16.0 16.0 16.0 16.0 18.181818181818183 18.181818181818183 
43 16.0 16.0 18.181818181818183 18.181818181818183 19.047619047619047 19.047619047619047 19.047619047619047 19.047619047619047 19.047619047619047 19.047619047619047 16.0 16.0 16.0 16.0 18.181818181818183 18.181818181818183 
44 4.0 4.0 4.545454545454546 4.545454545454546 4.761904761904762 4.761904761904762 4.761904761904762 4.761904761904762 4.761904761904762 4.761904761904762 4.0 4.0 4.0 4.0 4.545454545454546 4.545454545454546 
45 16.0 16.0 18.181818181818183 18.181818181818183 19.047619047619047 19.047619047619047 19.047619047619047 19.047619047619047 19.047619047619047 19.047619047619047 16.0 16.0 16.0 16.0 18.181818181818183 18.181818181818183 
46 2.0 2.0 2.272727272727273 2.272727272727273 2.380952380952381 2.380952380952381 2.380952380952381 2.380952380952381 2.380952380952381 2.380952380952381 2.0 2.0 2.0 2.0 2.272727272727273 2.272727272727273 
12 4.0 4.0 4.545454545454546 4.545454545454546 4.761904761904762 4.761904761904762 4.761904761904762 4.761904761904762 4.761904761904762 4.761904761904762 4.0 4.0 4.0 4.0 4.545454545454546 4.545454545454546 
13 1.0 1.0 1.1363636363636365 1.1363636363636365 1.1904761904761905 1.1904761904761905 1.1904761904761905 1.1904761904761905 1.1904761904761905 1.1904761904761905 1.0 1.0 1.0 1.0 1.1363636363636365 1.1363636363636365 
14 2.0 2.0 2.272727272727273 2.272727272727273 2.380952380952381 2.380952380952381 2.380952380952381 2.380952380952381 2.380952380952381 2.380952380952381 2.0 2.0 2.0 2.0 2.272727272727273 2.272727272727273 
39 2.0 2.0 2.272727272727273 2.272727272727273 2.380952380952381 2.380952380952381 2.380952380952381 2.380952380952381 2.380952380952381 2.380952380952381 2.0 2.0 2.0 2.0 2.272727272727273 2.272727272727273 
40 4.0 4.0 4.545454545454546 4.545454545454546 4.761904761904762 4.761904761904762 4.761904761904762 4.761904761904762 4.761904761904762 4.761904761904762 4.0 4.0 4.0 4.0 4.545454545454546 4.545454545454546 
41 1.0 1.0 1.1363636363636365 1.1363636363636365 1.1904761904761905 1.1904761904761905 1.1904761904761905 1.1904761904761905 1.1904761904761905 1.1904761904761905 1.0 1.0 1.0 1.0 1.1363636363636365 1.1363636363636365 
42 2.0 2.0 2.272727272727273 2.272727272727273 2.380952380952381 2.380952380952381 2.380952380952381 2.380952380952381 2.380952380952381 2.380952380952381 2.0 2.0 2.0 2.0 2.272727272727273 2.272727272727273 
15 4.0 4.0 4.545454545454546 4.545454545454546 4.761904761904762 4.761904761904762 4.761904761904762 4.761904761904762 4.761904761904762 4.761904761904762 4.0 4.0 4.0 4.0 4.545454545454546 4.545454545454546 
16 4.0 4.0 4.545454545454546 4.545454545454546 4.761904761904762 4.761904761904762 4.761904761904762 4.761904761904762 4.761904761904762 4.761904761904762 4.0 4.0 4.0 4.0 4.545454545454546 4.545454545454546 
17 8.0 8.0 9.090909090909092 9.090909090909092 9.523809523809524 9.523809523809524 9.523809523809524 9.523809523809524 9.523809523809524 9.523809523809524 8.0 8.0 8.0 8.0 9.090909090909092 9.090909090909092 
18 1.0 1.0 1.1363636363636365 1.1363636363636365 1.1904761904761905 1.1904761904761905 1.1904761904761905 1.1904761904761905 1.1904761904761905 1.1904761904761905 1.0 1.0 1.0 1.0 1.1363636363636365 1.1363636363636365 
26 4.0 4.0 4.545454545454546 4.545454545454546 4.761904761904762 4.761904761904762 4.761904761904762 4.761904761904762 4.761904761904762 4.761904761904762 4.0 4.0 4.0 4.0 4.545454545454546 4.545454545454546 
27 8.0 8.0 9.090909090909092 9.090909090909092 9.523809523809524 9.523809523809524 9.523809523809524 9.523809523809524 9.523809523809524 9.523809523809524 8.0 8.0 8.0 8.0 9.090909090909092 9.090909090909092 
28 8.0 8.0 9.090909090909092 9.090909090909092 9.523809523809524 9.523809523809524 9.523809523809524 9.523809523809524 9.523809523809524 9.523809523809524 8.0 8.0 8.0 8.0 9.090909090909092 9.090909090909092 
29 4.0 4.0 4.545454545454546 4.545454545454546 4.761904761904762 4.761904761904762 4.761904761904762 4.761904761904762 4.761904761904762 4.761904761904762 4.0 4.0 4.0 4.0 4.545454545454546 4.545454545454546 
30 8.0 8.0 9.090909090909092 9.090909090909092 9.523809523809524 9.523809523809524 9.523809523809524 9.523809523809524 9.523809523809524 9.523809523809524 8.0 8.0 8.0 8.0 9.090909090909092 9.090909090909092 
31 1.0 1.0 1.1363636363636365 1.1363636363636365 1.1904761904761905 1.1904761904761905 1.1904761904761905 1.1904761904761905 1.1904761904761905 1.1904761904761905 1.0 1.0 1.0 1.0 1.1363636363636365 1.1363636363636365 
19 16.0 16.0 18.181818181818183 18.181818181818183 19.047619047619047 19.047619047619047 19.047619047619047 19.047619047619047 19.047619047619047 19.047619047619047 16.0 16.0 16.0 16.0 18.181818181818183 18.181818181818183 
20 1.0 1.0 1.1363636363636365 1.1363636363636365 1.1904761904761905 1.1904761904761905 1.1904761904761905 1.1904761904761905 1.1904761904761905 1.1904761904761905 1.0 1.0 1.0 1.0 1.1363636363636365 1.1363636363636365 
21 8.0 8.0 9.090909090909092 9.090909090909092 9.523809523809524 9.523809523809524 9.523809523809524 9.523809523809524 9.523809523809524 9.523809523809524 8.0 8.0 8.0 8.0 9.090909090909092 9.090909090909092 
22 8.0 8.0 9.090909090909092 9.090909090909092 9.523809523809524 9.523809523809524 9.523809523809524 9.523809523809524 9.523809523809524 9.523809523809524 8.0 8.0 8.0 8.0 9.090909090909092 9.090909090909092 
23 8.0 8.0 9.090909090909092 9.090909090909092 9.523809523809524 9.523809523809524 9.523809523809524 9.523809523809524 9.523809523809524 9.523809523809524 8.0 8.0 8.0 8.0 9.090909090909092 9.090909090909092 
24 2.0 2.0 2.272727272727273 2.272727272727273 2.380952380952381 2.380952380952381 2.380952380952381 2.380952380952381 2.380952380952381 2.380952380952381 2.0 2.0 2.0 2.0 2.272727272727273 2.272727272727273 
25 8.0 8.0 9.090909090909092 9.090909090909092 9.523809523809524 9.523809523809524 9.523809523809524 9.523809523809524 9.523809523809524 9.523809523809524 8.0 8.0 8.0 8.0 9.090909090909092 9.090909090909092 
38 8.0 8.0 9.090909090909092 9.090909090909092 9.523809523809524 9.523809523809524 9.523809523809524 9.523809523809524 9.523809523809524 9.523809523809524 8.0 8.0 8.0 8.0 9.090909090909092 9.090909090909092 
47 2.0 2.0 2.272727272727273 2.272727272727273 2.380952380952381 2.380952380952381 2.380952380952381 2.380952380952381 2.380952380952381 2.380952380952381 2.0 2.0 2.0 2.0 2.272727272727273 2.272727272727273 
48 2.0 2.0 2.272727272727273 2.272727272727273 2.380952380952381 2.380952380952381 2.380952380952381 2.380952380952381 2.380952380952381 2.380952380952381 2.0 2.0 2.0 2.0 2.272727272727273 2.272727272727273 
;
set c_0 := 0;
param d := 
[0,*,*] : 
0 1 2 3 := 
0 0 0.0013112 0 0 
1 1.389872 0 0.0013112 0 
2 0 0.00694936 0 0.0013112 
3 0 0 0.061849304 0 
[1,*,*] : 
0 4 5 6 7 8 9 10 11 32 33 34 35 36 37 43 44 45 46 := 
0 0 2.644444444444445E-4 2.644444444444445E-4 2.644444444444445E-4 2.644444444444445E-4 2.644444444444445E-4 2.644444444444445E-4 0 0 0 2.644444444444445E-4 2.644444444444445E-4 0 0 0 0 0 0 2.644444444444445E-4 
4 0.2803111111111111 0 0 0 0 0 0 6.611111111111112E-5 0 6.611111111111112E-5 0 0 6.611111111111112E-5 0 0 0 6.611111111111112E-5 0 0 
5 0.2803111111111111 0 0 0 0 0 0 6.611111111111112E-5 0 6.611111111111112E-5 0 0 6.611111111111112E-5 0 0 0 6.611111111111112E-5 0 0 
6 0.2803111111111111 0 0 0 0 0 0 6.611111111111112E-5 0 6.611111111111112E-5 0 0 6.611111111111112E-5 0 0 0 6.611111111111112E-5 0 0 
7 0.2803111111111111 0 0 0 0 0 0 6.611111111111112E-5 0 6.611111111111112E-5 0 0 6.611111111111112E-5 0 0 0 6.611111111111112E-5 0 0 
8 0.2803111111111111 0 0 0 0 0 0 6.611111111111112E-5 0 6.611111111111112E-5 0 0 6.611111111111112E-5 0 0 0 6.611111111111112E-5 0 0 
9 0.2803111111111111 0 0 0 0 0 0 6.611111111111112E-5 0 6.611111111111112E-5 0 0 6.611111111111112E-5 0 0 0 6.611111111111112E-5 0 0 
10 0 3.503888888888889E-4 3.503888888888889E-4 3.503888888888889E-4 3.503888888888889E-4 3.503888888888889E-4 3.503888888888889E-4 0 1.19E-4 0 3.503888888888889E-4 3.503888888888889E-4 0 1.19E-4 1.19E-4 1.19E-4 0 1.19E-4 3.503888888888889E-4 
11 0 0 0 0 0 0 0 0.00460411 0 0.00460411 0 0 0.00460411 0 0 0 0.00460411 0 0 
32 0 3.503888888888889E-4 3.503888888888889E-4 3.503888888888889E-4 3.503888888888889E-4 3.503888888888889E-4 3.503888888888889E-4 0 1.19E-4 0 3.503888888888889E-4 3.503888888888889E-4 0 1.19E-4 1.19E-4 1.19E-4 0 1.19E-4 3.503888888888889E-4 
33 0.2803111111111111 0 0 0 0 0 0 6.611111111111112E-5 0 6.611111111111112E-5 0 0 6.611111111111112E-5 0 0 0 6.611111111111112E-5 0 0 
34 0.2803111111111111 0 0 0 0 0 0 6.611111111111112E-5 0 6.611111111111112E-5 0 0 6.611111111111112E-5 0 0 0 6.611111111111112E-5 0 0 
35 0 3.503888888888889E-4 3.503888888888889E-4 3.503888888888889E-4 3.503888888888889E-4 3.503888888888889E-4 3.503888888888889E-4 0 1.19E-4 0 3.503888888888889E-4 3.503888888888889E-4 0 1.19E-4 1.19E-4 1.19E-4 0 1.19E-4 3.503888888888889E-4 
36 0 0 0 0 0 0 0 0.00460411 0 0.00460411 0 0 0.00460411 0 0 0 0.00460411 0 0 
37 0 0 0 0 0 0 0 0.00460411 0 0.00460411 0 0 0.00460411 0 0 0 0.00460411 0 0 
43 0 0 0 0 0 0 0 0.00460411 0 0.00460411 0 0 0.00460411 0 0 0 0.00460411 0 0 
44 0 3.503888888888889E-4 3.503888888888889E-4 3.503888888888889E-4 3.503888888888889E-4 3.503888888888889E-4 3.503888888888889E-4 0 1.19E-4 0 3.503888888888889E-4 3.503888888888889E-4 0 1.19E-4 1.19E-4 1.19E-4 0 1.19E-4 3.503888888888889E-4 
45 0 0 0 0 0 0 0 0.00460411 0 0.00460411 0 0 0.00460411 0 0 0 0.00460411 0 0 
46 0.2803111111111111 0 0 0 0 0 0 6.611111111111112E-5 0 6.611111111111112E-5 0 0 6.611111111111112E-5 0 0 0 6.611111111111112E-5 0 0 
[2,*,*] : 
0 12 13 14 39 40 41 42 := 
0 0 9.244E-4 0 0 0 9.244E-4 0 0 
12 0.9798640000000001 0 4.622E-4 0 0 0 4.622E-4 0 
13 0 0.00244966 0 3.0813333333333336E-4 3.0813333333333336E-4 0.00244966 0 3.0813333333333336E-4 
14 0 0 0.012248300000000002 0 0 0 0.012248300000000002 0 
39 0 0 0.012248300000000002 0 0 0 0.012248300000000002 0 
40 0.9798640000000001 0 4.622E-4 0 0 0 4.622E-4 0 
41 0 0.00244966 0 3.0813333333333336E-4 3.0813333333333336E-4 0.00244966 0 3.0813333333333336E-4 
42 0 0 0.012248300000000002 0 0 0 0.012248300000000002 0 
[3,*,*] : 
0 15 16 17 18 26 27 28 29 30 31 := 
0 0 6.89E-4 6.89E-4 0 0 6.89E-4 0 0 6.89E-4 0 0 
15 0.7303400000000001 0 0 1.7225E-4 0 0 1.7225E-4 1.7225E-4 0 1.7225E-4 0 
16 0.7303400000000001 0 0 1.7225E-4 0 0 1.7225E-4 1.7225E-4 0 1.7225E-4 0 
17 0 9.129250000000002E-4 9.129250000000002E-4 0 3.445E-4 9.129250000000002E-4 0 0 9.129250000000002E-4 0 3.445E-4 
18 0 0 0 0.011502855000000003 0 0 0.011502855000000003 0.011502855000000003 0 0.011502855000000003 0 
26 0.7303400000000001 0 0 1.7225E-4 0 0 1.7225E-4 1.7225E-4 0 1.7225E-4 0 
27 0 9.129250000000002E-4 9.129250000000002E-4 0 3.445E-4 9.129250000000002E-4 0 0 9.129250000000002E-4 0 3.445E-4 
28 0 9.129250000000002E-4 9.129250000000002E-4 0 3.445E-4 9.129250000000002E-4 0 0 9.129250000000002E-4 0 3.445E-4 
29 0.7303400000000001 0 0 1.7225E-4 0 0 1.7225E-4 1.7225E-4 0 1.7225E-4 0 
30 0 9.129250000000002E-4 9.129250000000002E-4 0 3.445E-4 9.129250000000002E-4 0 0 9.129250000000002E-4 0 3.445E-4 
31 0 0 0 0.011502855000000003 0 0 0.011502855000000003 0.011502855000000003 0 0.011502855000000003 0 
[4,*,*] : 
0 19 20 21 := 
0 0 9.896E-4 0 0 
19 1.048976 0 9.896E-4 0 
20 0 0.0052448799999999995 0 9.896E-4 
21 0 0 0.016259127999999998 0 
[5,*,*] : 
0 22 23 24 25 38 47 48 := 
0 0 6.412E-4 6.412E-4 0 0 0 0 0 
22 0.6796719999999999 0 0 2.1373333333333332E-4 0 0 2.1373333333333332E-4 2.1373333333333332E-4 
23 0.6796719999999999 0 0 2.1373333333333332E-4 0 0 2.1373333333333332E-4 2.1373333333333332E-4 
24 0 0.0011327866666666665 0.0011327866666666665 0 2.1373333333333332E-4 2.1373333333333332E-4 0 0 
25 0 0 0 0.008495899999999999 0 0 0.008495899999999999 0.008495899999999999 
38 0 0 0 0.008495899999999999 0 0 0.008495899999999999 0.008495899999999999 
47 0 0.0011327866666666665 0.0011327866666666665 0 2.1373333333333332E-4 2.1373333333333332E-4 0 0 
48 0 0.0011327866666666665 0.0011327866666666665 0 2.1373333333333332E-4 2.1373333333333332E-4 0 0 
;
param x_bar : 0 1 2 3 4 5 6 7 8 9 10 11 12 13 14 15  := 
0 0 0 0 0 0 0 0 0 0 0 0 0 0 0 0 0 
1 1 0 0 0 0 0 0 0 0 0 0 0 0 0 0 0 
2 1 0 0 0 0 0 0 0 0 0 0 0 0 0 0 0 
3 0 1 0 0 0 0 0 0 0 0 0 0 0 0 0 0 
4 0 0 0 0 0 0 0 0 0 0 0 0 0 0 1 0 
5 0 0 0 0 0 0 0 0 0 0 0 0 0 0 1 0 
6 0 0 0 0 0 0 0 0 0 0 0 0 0 0 0 1 
7 0 0 0 0 0 0 0 0 0 0 1 0 0 0 0 0 
8 0 0 0 0 0 0 0 0 0 0 0 1 0 0 0 0 
9 0 1 0 0 0 0 0 0 0 0 0 0 0 0 0 0 
10 0 0 0 0 0 0 0 0 0 0 0 0 0 0 1 0 
11 0 0 0 0 0 0 0 0 0 0 0 0 0 0 0 1 
12 0 0 0 0 1 0 0 0 0 0 0 0 0 0 0 0 
13 0 0 0 0 1 0 0 0 0 0 0 0 0 0 0 0 
14 0 0 0 0 0 1 0 0 0 0 0 0 0 0 0 0 
15 0 0 1 0 0 0 0 0 0 0 0 0 0 0 0 0 
16 0 0 0 1 0 0 0 0 0 0 0 0 0 0 0 0 
17 0 0 1 0 0 0 0 0 0 0 0 0 0 0 0 0 
18 0 0 0 0 0 0 0 0 0 0 1 0 0 0 0 0 
;
