data;
set C_bar :=  1 2 3 4 5 6 7 8 9 10 11 12 13 14 15 ;
set C :=  16 17 18 19 20 21 22 23 24 31 33 34 35 25 26 27 28 29 30 36 37 38 39 40 41 42 43 44 45 32 ;
set R := 0 1 2 3 4 5 ;
set C_bar_r[0] :=  
1 2 3 4 ;
set C_bar_r[1] :=  
5 6 7 ;
set C_bar_r[2] :=  
8 9 10 11 12 ;
set C_bar_r[3] :=  
13 14 15 ;
set C_r[0] :=  
;
set C_r[1] :=  
25 26 27 28 29 30 ;
set C_r[2] :=  
36 37 38 39 40 41 42 43 44 45 ;
set C_r[3] :=  
32 ;
set C_r[4] :=  
16 17 18 19 ;
set C_r[5] :=  
20 21 22 23 24 31 33 34 35 ;
set S :=  0 1 2 3 4 5 6 7 8 9 10 11 12 13 14 15 ;
set S_u :=  0 1 2 3 4 5 6 7 8 9 10 11 12 13 14 15 ;
set S_r[0] := 
8 9 ;
set S_r[1] := 
0 ;
set S_r[2] := 
12 13 ;
set S_r[3] := 
2 ;
set Rack :=  0 1 2 3 4 5 6 7 ;
param COST : 0 1 2 3 4 5 6 7 8 9 10 11 12 13 14 15 :=
0 0 1 3 3 5 5 5 5 5 5 5 5 5 5 5 5 
1 1 0 3 3 5 5 5 5 5 5 5 5 5 5 5 5 
2 3 3 0 1 5 5 5 5 5 5 5 5 5 5 5 5 
3 3 3 1 0 5 5 5 5 5 5 5 5 5 5 5 5 
4 5 5 5 5 0 1 3 3 5 5 5 5 5 5 5 5 
5 5 5 5 5 1 0 3 3 5 5 5 5 5 5 5 5 
6 5 5 5 5 3 3 0 1 5 5 5 5 5 5 5 5 
7 5 5 5 5 3 3 1 0 5 5 5 5 5 5 5 5 
8 5 5 5 5 5 5 5 5 0 1 3 3 5 5 5 5 
9 5 5 5 5 5 5 5 5 1 0 3 3 5 5 5 5 
10 5 5 5 5 5 5 5 5 3 3 0 1 5 5 5 5 
11 5 5 5 5 5 5 5 5 3 3 1 0 5 5 5 5 
12 5 5 5 5 5 5 5 5 5 5 5 5 0 1 3 3 
13 5 5 5 5 5 5 5 5 5 5 5 5 1 0 3 3 
14 5 5 5 5 5 5 5 5 5 5 5 5 3 3 0 1 
15 5 5 5 5 5 5 5 5 5 5 5 5 3 3 1 0 
;
set S_rack[0] :=  
0 1 ;
set S_rack[1] :=  
2 3 ;
set S_rack[2] :=  
4 5 ;
set S_rack[3] :=  
6 7 ;
set S_rack[4] :=  
8 9 ;
set S_rack[5] :=  
10 11 ;
set S_rack[6] :=  
12 13 ;
set S_rack[7] :=  
14 15 ;
param CPU := 
0 46.0
1 56.0
2 52.0
3 56.0
4 28.0
5 28.0
6 56.0
7 56.0
8 16.095238208770752
9 16.095238208770752
10 56.0
11 56.0
12 42.0
13 40.0
14 28.0
15 28.0
;
param MEM := 
0 156.0
1 192.0
2 185.0
3 192.0
4 96.0
5 96.0
6 192.0
7 192.0
8 60.0
9 60.0
10 192.0
11 192.0
12 140.0
13 128.0
14 192.0
15 192.0
;
param DISK := 
0 104.0
1 192.0
2 164.0
3 192.0
4 96.0
5 96.0
6 192.0
7 192.0
8 30.0
9 36.8
10 192.0
11 192.0
12 90.0
13 92.0
14 192.0
15 192.0
;
param BDW_out := 
0 9.76468
1 10.0
2 9.559888
3 10.0
4 10.0
5 10.0
6 10.0
7 10.0
8 9.09962572
9 9.039662632
10 10.0
11 10.0
12 9.341436537142858
13 8.684574742857142
14 10.0
15 10.0
;
param BDW_in := 
0 9.999778
1 10.0
2 9.9995848
3 10.0
4 10.0
5 10.0
6 10.0
7 10.0
8 9.933035032
9 9.99299812
10 10.0
11 10.0
12 9.999202342857142
13 9.997819737142857
14 10.0
15 10.0
;
param mem := 
1 4.0
2 4.0
3 32.0
4 32.0
5 4.0
6 16.0
7 16.0
25 16.0
26 16.0
27 4.0
28 16.0
29 16.0
30 16.0
8 32.0
9 32.0
10 32.0
11 4.0
12 16.0
36 4.0
37 4.0
38 4.0
39 32.0
40 16.0
41 4.0
42 16.0
43 4.0
44 16.0
45 4.0
13 1.0
14 2.0
15 4.0
32 2.0
16 2.0
17 2.0
18 16.0
19 8.0
20 16.0
21 16.0
22 16.0
23 1.0
24 2.0
31 1.0
33 16.0
34 1.0
35 1.0
;
param disk := 
1 16.0
2 16.0
3 50.0
4 43.2
5 16.0
6 36.0
7 36.0
25 36.0
26 36.0
27 16.0
28 36.0
29 36.0
30 36.0
8 50.0
9 50.0
10 50.0
11 16.0
12 36.0
36 16.0
37 16.0
38 16.0
39 50.0
40 36.0
41 16.0
42 36.0
43 16.0
44 36.0
45 16.0
13 4.0
14 8.0
15 16.0
32 8.0
16 8.0
17 8.0
18 36.0
19 24.0
20 36.0
21 36.0
22 36.0
23 4.0
24 8.0
31 4.0
33 36.0
34 4.0
35 4.0
;
param cpu : 
0 1 2 3 4 5 6 7 8 9 10 11 12 13 14 15 := 
1 2.0 2.0 2.0 2.0 2.380952380952381 2.380952380952381 2.0 2.0 2.380952380952381 2.380952380952381 2.0 2.0 2.0 2.0 2.0 2.0 
2 2.0 2.0 2.0 2.0 2.380952380952381 2.380952380952381 2.0 2.0 2.380952380952381 2.380952380952381 2.0 2.0 2.0 2.0 2.0 2.0 
3 8.0 8.0 8.0 8.0 9.523809523809524 9.523809523809524 8.0 8.0 9.523809523809524 9.523809523809524 8.0 8.0 8.0 8.0 8.0 8.0 
4 8.0 8.0 8.0 8.0 9.523809523809524 9.523809523809524 8.0 8.0 9.523809523809524 9.523809523809524 8.0 8.0 8.0 8.0 8.0 8.0 
5 2.0 2.0 2.0 2.0 2.380952380952381 2.380952380952381 2.0 2.0 2.380952380952381 2.380952380952381 2.0 2.0 2.0 2.0 2.0 2.0 
6 4.0 4.0 4.0 4.0 4.761904761904762 4.761904761904762 4.0 4.0 4.761904761904762 4.761904761904762 4.0 4.0 4.0 4.0 4.0 4.0 
7 4.0 4.0 4.0 4.0 4.761904761904762 4.761904761904762 4.0 4.0 4.761904761904762 4.761904761904762 4.0 4.0 4.0 4.0 4.0 4.0 
25 4.0 4.0 4.0 4.0 4.761904761904762 4.761904761904762 4.0 4.0 4.761904761904762 4.761904761904762 4.0 4.0 4.0 4.0 4.0 4.0 
26 4.0 4.0 4.0 4.0 4.761904761904762 4.761904761904762 4.0 4.0 4.761904761904762 4.761904761904762 4.0 4.0 4.0 4.0 4.0 4.0 
27 2.0 2.0 2.0 2.0 2.380952380952381 2.380952380952381 2.0 2.0 2.380952380952381 2.380952380952381 2.0 2.0 2.0 2.0 2.0 2.0 
28 4.0 4.0 4.0 4.0 4.761904761904762 4.761904761904762 4.0 4.0 4.761904761904762 4.761904761904762 4.0 4.0 4.0 4.0 4.0 4.0 
29 4.0 4.0 4.0 4.0 4.761904761904762 4.761904761904762 4.0 4.0 4.761904761904762 4.761904761904762 4.0 4.0 4.0 4.0 4.0 4.0 
30 4.0 4.0 4.0 4.0 4.761904761904762 4.761904761904762 4.0 4.0 4.761904761904762 4.761904761904762 4.0 4.0 4.0 4.0 4.0 4.0 
8 8.0 8.0 8.0 8.0 9.523809523809524 9.523809523809524 8.0 8.0 9.523809523809524 9.523809523809524 8.0 8.0 8.0 8.0 8.0 8.0 
9 8.0 8.0 8.0 8.0 9.523809523809524 9.523809523809524 8.0 8.0 9.523809523809524 9.523809523809524 8.0 8.0 8.0 8.0 8.0 8.0 
10 8.0 8.0 8.0 8.0 9.523809523809524 9.523809523809524 8.0 8.0 9.523809523809524 9.523809523809524 8.0 8.0 8.0 8.0 8.0 8.0 
11 2.0 2.0 2.0 2.0 2.380952380952381 2.380952380952381 2.0 2.0 2.380952380952381 2.380952380952381 2.0 2.0 2.0 2.0 2.0 2.0 
12 4.0 4.0 4.0 4.0 4.761904761904762 4.761904761904762 4.0 4.0 4.761904761904762 4.761904761904762 4.0 4.0 4.0 4.0 4.0 4.0 
36 2.0 2.0 2.0 2.0 2.380952380952381 2.380952380952381 2.0 2.0 2.380952380952381 2.380952380952381 2.0 2.0 2.0 2.0 2.0 2.0 
37 2.0 2.0 2.0 2.0 2.380952380952381 2.380952380952381 2.0 2.0 2.380952380952381 2.380952380952381 2.0 2.0 2.0 2.0 2.0 2.0 
38 2.0 2.0 2.0 2.0 2.380952380952381 2.380952380952381 2.0 2.0 2.380952380952381 2.380952380952381 2.0 2.0 2.0 2.0 2.0 2.0 
39 8.0 8.0 8.0 8.0 9.523809523809524 9.523809523809524 8.0 8.0 9.523809523809524 9.523809523809524 8.0 8.0 8.0 8.0 8.0 8.0 
40 4.0 4.0 4.0 4.0 4.761904761904762 4.761904761904762 4.0 4.0 4.761904761904762 4.761904761904762 4.0 4.0 4.0 4.0 4.0 4.0 
41 2.0 2.0 2.0 2.0 2.380952380952381 2.380952380952381 2.0 2.0 2.380952380952381 2.380952380952381 2.0 2.0 2.0 2.0 2.0 2.0 
42 4.0 4.0 4.0 4.0 4.761904761904762 4.761904761904762 4.0 4.0 4.761904761904762 4.761904761904762 4.0 4.0 4.0 4.0 4.0 4.0 
43 2.0 2.0 2.0 2.0 2.380952380952381 2.380952380952381 2.0 2.0 2.380952380952381 2.380952380952381 2.0 2.0 2.0 2.0 2.0 2.0 
44 4.0 4.0 4.0 4.0 4.761904761904762 4.761904761904762 4.0 4.0 4.761904761904762 4.761904761904762 4.0 4.0 4.0 4.0 4.0 4.0 
45 2.0 2.0 2.0 2.0 2.380952380952381 2.380952380952381 2.0 2.0 2.380952380952381 2.380952380952381 2.0 2.0 2.0 2.0 2.0 2.0 
13 1.0 1.0 1.0 1.0 1.1904761904761905 1.1904761904761905 1.0 1.0 1.1904761904761905 1.1904761904761905 1.0 1.0 1.0 1.0 1.0 1.0 
14 1.0 1.0 1.0 1.0 1.1904761904761905 1.1904761904761905 1.0 1.0 1.1904761904761905 1.1904761904761905 1.0 1.0 1.0 1.0 1.0 1.0 
15 2.0 2.0 2.0 2.0 2.380952380952381 2.380952380952381 2.0 2.0 2.380952380952381 2.380952380952381 2.0 2.0 2.0 2.0 2.0 2.0 
32 1.0 1.0 1.0 1.0 1.1904761904761905 1.1904761904761905 1.0 1.0 1.1904761904761905 1.1904761904761905 1.0 1.0 1.0 1.0 1.0 1.0 
16 1.0 1.0 1.0 1.0 1.1904761904761905 1.1904761904761905 1.0 1.0 1.1904761904761905 1.1904761904761905 1.0 1.0 1.0 1.0 1.0 1.0 
17 1.0 1.0 1.0 1.0 1.1904761904761905 1.1904761904761905 1.0 1.0 1.1904761904761905 1.1904761904761905 1.0 1.0 1.0 1.0 1.0 1.0 
18 4.0 4.0 4.0 4.0 4.761904761904762 4.761904761904762 4.0 4.0 4.761904761904762 4.761904761904762 4.0 4.0 4.0 4.0 4.0 4.0 
19 2.0 2.0 2.0 2.0 2.380952380952381 2.380952380952381 2.0 2.0 2.380952380952381 2.380952380952381 2.0 2.0 2.0 2.0 2.0 2.0 
20 4.0 4.0 4.0 4.0 4.761904761904762 4.761904761904762 4.0 4.0 4.761904761904762 4.761904761904762 4.0 4.0 4.0 4.0 4.0 4.0 
21 4.0 4.0 4.0 4.0 4.761904761904762 4.761904761904762 4.0 4.0 4.761904761904762 4.761904761904762 4.0 4.0 4.0 4.0 4.0 4.0 
22 4.0 4.0 4.0 4.0 4.761904761904762 4.761904761904762 4.0 4.0 4.761904761904762 4.761904761904762 4.0 4.0 4.0 4.0 4.0 4.0 
23 1.0 1.0 1.0 1.0 1.1904761904761905 1.1904761904761905 1.0 1.0 1.1904761904761905 1.1904761904761905 1.0 1.0 1.0 1.0 1.0 1.0 
24 1.0 1.0 1.0 1.0 1.1904761904761905 1.1904761904761905 1.0 1.0 1.1904761904761905 1.1904761904761905 1.0 1.0 1.0 1.0 1.0 1.0 
31 1.0 1.0 1.0 1.0 1.1904761904761905 1.1904761904761905 1.0 1.0 1.1904761904761905 1.1904761904761905 1.0 1.0 1.0 1.0 1.0 1.0 
33 4.0 4.0 4.0 4.0 4.761904761904762 4.761904761904762 4.0 4.0 4.761904761904762 4.761904761904762 4.0 4.0 4.0 4.0 4.0 4.0 
34 1.0 1.0 1.0 1.0 1.1904761904761905 1.1904761904761905 1.0 1.0 1.1904761904761905 1.1904761904761905 1.0 1.0 1.0 1.0 1.0 1.0 
35 1.0 1.0 1.0 1.0 1.1904761904761905 1.1904761904761905 1.0 1.0 1.1904761904761905 1.1904761904761905 1.0 1.0 1.0 1.0 1.0 1.0 
;
set c_0 := 0;
param d := 
[0,*,*] : 
0 1 2 3 4 := 
0 0 8.436E-4 8.436E-4 0 0 
1 0.894216 0 0 8.436E-4 0 
2 0.894216 0 0 8.436E-4 0 
3 0 0.0044710800000000005 0.0044710800000000005 0 0.0016872 
4 0 0 0 0.065277768 0 
[1,*,*] : 
0 5 6 7 25 26 27 28 29 30 := 
0 0 2.22E-4 0 0 0 0 2.22E-4 0 0 0 
5 0.23532 0 5.55E-5 0 5.55E-5 5.55E-5 0 5.55E-5 0 0 
6 0 2.9415E-4 0 3.7E-5 0 0 2.9415E-4 0 3.7E-5 3.7E-5 
7 0 0 1.1766000000000001E-4 0 1.1766000000000001E-4 1.1766000000000001E-4 0 1.1766000000000001E-4 0 0 
25 0 2.9415E-4 0 3.7E-5 0 0 2.9415E-4 0 3.7E-5 3.7E-5 
26 0 2.9415E-4 0 3.7E-5 0 0 2.9415E-4 0 3.7E-5 3.7E-5 
27 0.23532 0 5.55E-5 0 5.55E-5 5.55E-5 0 5.55E-5 0 0 
28 0 2.9415E-4 0 3.7E-5 0 0 2.9415E-4 0 3.7E-5 3.7E-5 
29 0 0 1.1766000000000001E-4 0 1.1766000000000001E-4 1.1766000000000001E-4 0 1.1766000000000001E-4 0 0 
30 0 0 1.1766000000000001E-4 0 1.1766000000000001E-4 1.1766000000000001E-4 0 1.1766000000000001E-4 0 0 
[2,*,*] : 
0 8 9 10 11 12 36 37 38 39 40 41 42 43 44 45 := 
0 0 6.204E-4 6.204E-4 6.204E-4 0 0 0 0 0 6.204E-4 0 0 0 0 0 0 
8 0.657624 0 0 0 8.862857142857143E-5 0 8.862857142857143E-5 8.862857142857143E-5 8.862857142857143E-5 0 0 8.862857142857143E-5 0 8.862857142857143E-5 0 8.862857142857143E-5 
9 0.657624 0 0 0 8.862857142857143E-5 0 8.862857142857143E-5 8.862857142857143E-5 8.862857142857143E-5 0 0 8.862857142857143E-5 0 8.862857142857143E-5 0 8.862857142857143E-5 
10 0.657624 0 0 0 8.862857142857143E-5 0 8.862857142857143E-5 8.862857142857143E-5 8.862857142857143E-5 0 0 8.862857142857143E-5 0 8.862857142857143E-5 0 8.862857142857143E-5 
11 0 4.6973142857142854E-4 4.6973142857142854E-4 4.6973142857142854E-4 0 8.862857142857143E-5 0 0 0 4.6973142857142854E-4 8.862857142857143E-5 0 8.862857142857143E-5 0 8.862857142857143E-5 0 
12 0 0 0 0 7.515702857142857E-4 0 7.515702857142857E-4 7.515702857142857E-4 7.515702857142857E-4 0 0 7.515702857142857E-4 0 7.515702857142857E-4 0 7.515702857142857E-4 
36 0 4.6973142857142854E-4 4.6973142857142854E-4 4.6973142857142854E-4 0 8.862857142857143E-5 0 0 0 4.6973142857142854E-4 8.862857142857143E-5 0 8.862857142857143E-5 0 8.862857142857143E-5 0 
37 0 4.6973142857142854E-4 4.6973142857142854E-4 4.6973142857142854E-4 0 8.862857142857143E-5 0 0 0 4.6973142857142854E-4 8.862857142857143E-5 0 8.862857142857143E-5 0 8.862857142857143E-5 0 
38 0 4.6973142857142854E-4 4.6973142857142854E-4 4.6973142857142854E-4 0 8.862857142857143E-5 0 0 0 4.6973142857142854E-4 8.862857142857143E-5 0 8.862857142857143E-5 0 8.862857142857143E-5 0 
39 0.657624 0 0 0 8.862857142857143E-5 0 8.862857142857143E-5 8.862857142857143E-5 8.862857142857143E-5 0 0 8.862857142857143E-5 0 8.862857142857143E-5 0 8.862857142857143E-5 
40 0 0 0 0 7.515702857142857E-4 0 7.515702857142857E-4 7.515702857142857E-4 7.515702857142857E-4 0 0 7.515702857142857E-4 0 7.515702857142857E-4 0 7.515702857142857E-4 
41 0 4.6973142857142854E-4 4.6973142857142854E-4 4.6973142857142854E-4 0 8.862857142857143E-5 0 0 0 4.6973142857142854E-4 8.862857142857143E-5 0 8.862857142857143E-5 0 8.862857142857143E-5 0 
42 0 0 0 0 7.515702857142857E-4 0 7.515702857142857E-4 7.515702857142857E-4 7.515702857142857E-4 0 0 7.515702857142857E-4 0 7.515702857142857E-4 0 7.515702857142857E-4 
43 0 4.6973142857142854E-4 4.6973142857142854E-4 4.6973142857142854E-4 0 8.862857142857143E-5 0 0 0 4.6973142857142854E-4 8.862857142857143E-5 0 8.862857142857143E-5 0 8.862857142857143E-5 0 
44 0 0 0 0 7.515702857142857E-4 0 7.515702857142857E-4 7.515702857142857E-4 7.515702857142857E-4 0 0 7.515702857142857E-4 0 7.515702857142857E-4 0 7.515702857142857E-4 
45 0 4.6973142857142854E-4 4.6973142857142854E-4 4.6973142857142854E-4 0 8.862857142857143E-5 0 0 0 4.6973142857142854E-4 8.862857142857143E-5 0 8.862857142857143E-5 0 8.862857142857143E-5 0 
[3,*,*] : 
0 13 14 15 32 := 
0 0 4.152E-4 0 0 0 
13 0.440112 0 2.076E-4 0 2.076E-4 
14 0 0.0011002800000000001 0 2.076E-4 0 
15 0 0 0.0024206160000000004 0 0.0024206160000000004 
32 0 0.0011002800000000001 0 2.076E-4 0 
[4,*,*] : 
0 16 17 18 19 := 
0 0 5.916E-4 5.916E-4 0 0 
16 0.627096 0 0 5.916E-4 0 
17 0.627096 0 0 5.916E-4 0 
18 0 0.00313548 0.00313548 0 0.0011832 
19 0 0 0 0.02194836 0 
[5,*,*] : 
0 20 21 22 23 24 31 33 34 35 := 
0 0 4.374E-4 4.374E-4 4.374E-4 0 0 0 4.374E-4 0 0 
20 0.463644 0 0 0 1.0935E-4 0 1.0935E-4 0 1.0935E-4 1.0935E-4 
21 0.463644 0 0 0 1.0935E-4 0 1.0935E-4 0 1.0935E-4 1.0935E-4 
22 0.463644 0 0 0 1.0935E-4 0 1.0935E-4 0 1.0935E-4 1.0935E-4 
23 0 5.79555E-4 5.79555E-4 5.79555E-4 0 4.374E-4 0 5.79555E-4 0 0 
24 0 0 0 0 0.003940974 0 0.003940974 0 0.003940974 0.003940974 
31 0 5.79555E-4 5.79555E-4 5.79555E-4 0 4.374E-4 0 5.79555E-4 0 0 
33 0.463644 0 0 0 1.0935E-4 0 1.0935E-4 0 1.0935E-4 1.0935E-4 
34 0 5.79555E-4 5.79555E-4 5.79555E-4 0 4.374E-4 0 5.79555E-4 0 0 
35 0 5.79555E-4 5.79555E-4 5.79555E-4 0 4.374E-4 0 5.79555E-4 0 0 
;
param x_bar : 0 1 2 3 4 5 6 7 8 9 10 11 12 13 14 15  := 
0 0 0 0 0 0 0 0 0 0 0 0 0 0 0 0 0 
1 0 0 0 0 0 0 0 0 1 0 0 0 0 0 0 0 
2 0 0 0 0 0 0 0 0 0 1 0 0 0 0 0 0 
3 0 0 0 0 0 0 0 0 1 0 0 0 0 0 0 0 
4 0 0 0 0 0 0 0 0 0 1 0 0 0 0 0 0 
5 1 0 0 0 0 0 0 0 0 0 0 0 0 0 0 0 
6 1 0 0 0 0 0 0 0 0 0 0 0 0 0 0 0 
7 1 0 0 0 0 0 0 0 0 0 0 0 0 0 0 0 
8 0 0 0 0 0 0 0 0 0 0 0 0 1 0 0 0 
9 0 0 0 0 0 0 0 0 0 0 0 0 0 1 0 0 
10 0 0 0 0 0 0 0 0 0 0 0 0 0 1 0 0 
11 0 0 0 0 0 0 0 0 0 0 0 0 1 0 0 0 
12 0 0 0 0 0 0 0 0 0 0 0 0 1 0 0 0 
13 0 0 1 0 0 0 0 0 0 0 0 0 0 0 0 0 
14 0 0 1 0 0 0 0 0 0 0 0 0 0 0 0 0 
15 0 0 1 0 0 0 0 0 0 0 0 0 0 0 0 0 
;
