data;
set C_bar :=  1 2 3 4 5 6 7 8 9 10 11 12 13 ;
set C :=  14 15 16 17 18 19 20 21 22 23 25 26 27 28 29 30 31 32 33 34 35 36 37 38 39 40 41 42 43 24 ;
set R := 0 1 2 3 4 5 ;
set C_bar_r[0] :=  
1 2 3 ;
set C_bar_r[1] :=  
4 5 6 ;
set C_bar_r[2] :=  
7 8 9 10 ;
set C_bar_r[3] :=  
11 12 13 ;
set C_r[0] :=  
41 42 43 ;
set C_r[1] :=  
;
set C_r[2] :=  
24 ;
set C_r[3] :=  
;
set C_r[4] :=  
14 15 16 17 18 ;
set C_r[5] :=  
19 20 21 22 23 25 26 27 28 29 30 31 32 33 34 35 36 37 38 39 40 ;
set S :=  0 1 2 3 4 5 6 7 8 9 10 11 12 13 14 15 ;
set S_u :=  0 1 2 3 4 5 7 8 9 10 11 12 13 14 15 ;
set S_r[0] := 
6 7 ;
set S_r[1] := 
8 9 ;
set S_r[2] := 
0 4 5 ;
set S_r[3] := 
6 ;
set Rack :=  0 1 2 3 4 5 6 7 ;
param COST : 0 1 2 3 4 5 6 7 8 9 10 11 12 13 14 15 :=
0 0 1 3 3 5 5 5 5 5 5 5 5 5 5 5 5 
1 1 0 3 3 5 5 5 5 5 5 5 5 5 5 5 5 
2 3 3 0 1 5 5 5 5 5 5 5 5 5 5 5 5 
3 3 3 1 0 5 5 5 5 5 5 5 5 5 5 5 5 
4 5 5 5 5 0 1 3 3 5 5 5 5 5 5 5 5 
5 5 5 5 5 1 0 3 3 5 5 5 5 5 5 5 5 
6 5 5 5 5 3 3 0 1 5 5 5 5 5 5 5 5 
7 5 5 5 5 3 3 1 0 5 5 5 5 5 5 5 5 
8 5 5 5 5 5 5 5 5 0 1 3 3 5 5 5 5 
9 5 5 5 5 5 5 5 5 1 0 3 3 5 5 5 5 
10 5 5 5 5 5 5 5 5 3 3 0 1 5 5 5 5 
11 5 5 5 5 5 5 5 5 3 3 1 0 5 5 5 5 
12 5 5 5 5 5 5 5 5 5 5 5 5 0 1 3 3 
13 5 5 5 5 5 5 5 5 5 5 5 5 1 0 3 3 
14 5 5 5 5 5 5 5 5 5 5 5 5 3 3 0 1 
15 5 5 5 5 5 5 5 5 5 5 5 5 3 3 1 0 
;
set S_rack[0] :=  
0 1 ;
set S_rack[1] :=  
2 3 ;
set S_rack[2] :=  
4 5 ;
set S_rack[3] :=  
6 7 ;
set S_rack[4] :=  
8 9 ;
set S_rack[5] :=  
10 11 ;
set S_rack[6] :=  
12 13 ;
set S_rack[7] :=  
14 15 ;
param CPU := 
0 23.2380952835083
1 28.0
2 28.0
3 28.0
4 23.545454740524292
5 25.81818199157715
6 10.0
7 12.0
8 30.36363649368286
9 25.81818199157715
10 56.0
11 56.0
12 44.0
13 44.0
14 44.0
15 44.0
;
param MEM := 
0 80.0
1 96.0
2 96.0
3 96.0
4 56.0
5 64.0
6 125.0
7 128.0
8 80.0
9 64.0
10 192.0
11 192.0
12 128.0
13 128.0
14 128.0
15 128.0
;
param DISK := 
0 60.0
1 96.0
2 96.0
3 96.0
4 40.0
5 64.0
6 58.0
7 128.0
8 42.0
9 64.0
10 192.0
11 192.0
12 128.0
13 128.0
14 128.0
15 128.0
;
param BDW_out := 
0 9.9846416
1 10.0
2 10.0
3 10.0
4 8.55032592
5 8.595236
6 8.4279352
7 9.998269656
8 8.099436688
9 9.98872048
10 10.0
11 10.0
12 10.0
13 10.0
14 10.0
15 10.0
;
param BDW_in := 
0 9.95244192
1 10.0
2 10.0
3 10.0
4 9.9903348
5 9.9916588
6 9.996786856
7 9.9997032
8 9.98693008
9 9.997260688
10 10.0
11 10.0
12 10.0
13 10.0
14 10.0
15 10.0
;
param mem := 
1 16.0
2 16.0
3 64.0
41 16.0
42 16.0
43 16.0
4 16.0
5 64.0
6 32.0
7 64.0
8 64.0
9 16.0
10 8.0
24 8.0
11 2.0
12 32.0
13 1.0
14 8.0
15 8.0
16 8.0
17 8.0
18 8.0
19 32.0
20 16.0
21 64.0
22 16.0
23 16.0
25 64.0
26 64.0
27 32.0
28 16.0
29 64.0
30 16.0
31 16.0
32 32.0
33 64.0
34 32.0
35 64.0
36 32.0
37 64.0
38 32.0
39 64.0
40 64.0
;
param disk := 
1 36.0
2 36.0
3 64.0
41 36.0
42 36.0
43 36.0
4 36.0
5 64.0
6 50.0
7 64.0
8 64.0
9 36.0
10 24.0
24 24.0
11 8.0
12 50.0
13 4.0
14 24.0
15 24.0
16 24.0
17 24.0
18 24.0
19 43.2
20 36.0
21 64.0
22 36.0
23 36.0
25 64.0
26 64.0
27 43.2
28 36.0
29 64.0
30 36.0
31 36.0
32 43.2
33 64.0
34 43.2
35 64.0
36 43.2
37 64.0
38 43.2
39 64.0
40 64.0
;
param cpu : 
0 1 2 3 4 5 6 7 8 9 10 11 12 13 14 15 := 
1 4.761904761904762 4.761904761904762 4.761904761904762 4.761904761904762 4.545454545454546 4.545454545454546 4.0 4.0 4.545454545454546 4.545454545454546 4.0 4.0 4.545454545454546 4.545454545454546 4.545454545454546 4.545454545454546 
2 4.761904761904762 4.761904761904762 4.761904761904762 4.761904761904762 4.545454545454546 4.545454545454546 4.0 4.0 4.545454545454546 4.545454545454546 4.0 4.0 4.545454545454546 4.545454545454546 4.545454545454546 4.545454545454546 
3 19.047619047619047 19.047619047619047 19.047619047619047 19.047619047619047 18.181818181818183 18.181818181818183 16.0 16.0 18.181818181818183 18.181818181818183 16.0 16.0 18.181818181818183 18.181818181818183 18.181818181818183 18.181818181818183 
41 4.761904761904762 4.761904761904762 4.761904761904762 4.761904761904762 4.545454545454546 4.545454545454546 4.0 4.0 4.545454545454546 4.545454545454546 4.0 4.0 4.545454545454546 4.545454545454546 4.545454545454546 4.545454545454546 
42 4.761904761904762 4.761904761904762 4.761904761904762 4.761904761904762 4.545454545454546 4.545454545454546 4.0 4.0 4.545454545454546 4.545454545454546 4.0 4.0 4.545454545454546 4.545454545454546 4.545454545454546 4.545454545454546 
43 4.761904761904762 4.761904761904762 4.761904761904762 4.761904761904762 4.545454545454546 4.545454545454546 4.0 4.0 4.545454545454546 4.545454545454546 4.0 4.0 4.545454545454546 4.545454545454546 4.545454545454546 4.545454545454546 
4 4.761904761904762 4.761904761904762 4.761904761904762 4.761904761904762 4.545454545454546 4.545454545454546 4.0 4.0 4.545454545454546 4.545454545454546 4.0 4.0 4.545454545454546 4.545454545454546 4.545454545454546 4.545454545454546 
5 19.047619047619047 19.047619047619047 19.047619047619047 19.047619047619047 18.181818181818183 18.181818181818183 16.0 16.0 18.181818181818183 18.181818181818183 16.0 16.0 18.181818181818183 18.181818181818183 18.181818181818183 18.181818181818183 
6 9.523809523809524 9.523809523809524 9.523809523809524 9.523809523809524 9.090909090909092 9.090909090909092 8.0 8.0 9.090909090909092 9.090909090909092 8.0 8.0 9.090909090909092 9.090909090909092 9.090909090909092 9.090909090909092 
7 19.047619047619047 19.047619047619047 19.047619047619047 19.047619047619047 18.181818181818183 18.181818181818183 16.0 16.0 18.181818181818183 18.181818181818183 16.0 16.0 18.181818181818183 18.181818181818183 18.181818181818183 18.181818181818183 
8 19.047619047619047 19.047619047619047 19.047619047619047 19.047619047619047 18.181818181818183 18.181818181818183 16.0 16.0 18.181818181818183 18.181818181818183 16.0 16.0 18.181818181818183 18.181818181818183 18.181818181818183 18.181818181818183 
9 4.761904761904762 4.761904761904762 4.761904761904762 4.761904761904762 4.545454545454546 4.545454545454546 4.0 4.0 4.545454545454546 4.545454545454546 4.0 4.0 4.545454545454546 4.545454545454546 4.545454545454546 4.545454545454546 
10 2.380952380952381 2.380952380952381 2.380952380952381 2.380952380952381 2.272727272727273 2.272727272727273 2.0 2.0 2.272727272727273 2.272727272727273 2.0 2.0 2.272727272727273 2.272727272727273 2.272727272727273 2.272727272727273 
24 2.380952380952381 2.380952380952381 2.380952380952381 2.380952380952381 2.272727272727273 2.272727272727273 2.0 2.0 2.272727272727273 2.272727272727273 2.0 2.0 2.272727272727273 2.272727272727273 2.272727272727273 2.272727272727273 
11 1.1904761904761905 1.1904761904761905 1.1904761904761905 1.1904761904761905 1.1363636363636365 1.1363636363636365 1.0 1.0 1.1363636363636365 1.1363636363636365 1.0 1.0 1.1363636363636365 1.1363636363636365 1.1363636363636365 1.1363636363636365 
12 9.523809523809524 9.523809523809524 9.523809523809524 9.523809523809524 9.090909090909092 9.090909090909092 8.0 8.0 9.090909090909092 9.090909090909092 8.0 8.0 9.090909090909092 9.090909090909092 9.090909090909092 9.090909090909092 
13 1.1904761904761905 1.1904761904761905 1.1904761904761905 1.1904761904761905 1.1363636363636365 1.1363636363636365 1.0 1.0 1.1363636363636365 1.1363636363636365 1.0 1.0 1.1363636363636365 1.1363636363636365 1.1363636363636365 1.1363636363636365 
14 2.380952380952381 2.380952380952381 2.380952380952381 2.380952380952381 2.272727272727273 2.272727272727273 2.0 2.0 2.272727272727273 2.272727272727273 2.0 2.0 2.272727272727273 2.272727272727273 2.272727272727273 2.272727272727273 
15 2.380952380952381 2.380952380952381 2.380952380952381 2.380952380952381 2.272727272727273 2.272727272727273 2.0 2.0 2.272727272727273 2.272727272727273 2.0 2.0 2.272727272727273 2.272727272727273 2.272727272727273 2.272727272727273 
16 2.380952380952381 2.380952380952381 2.380952380952381 2.380952380952381 2.272727272727273 2.272727272727273 2.0 2.0 2.272727272727273 2.272727272727273 2.0 2.0 2.272727272727273 2.272727272727273 2.272727272727273 2.272727272727273 
17 2.380952380952381 2.380952380952381 2.380952380952381 2.380952380952381 2.272727272727273 2.272727272727273 2.0 2.0 2.272727272727273 2.272727272727273 2.0 2.0 2.272727272727273 2.272727272727273 2.272727272727273 2.272727272727273 
18 2.380952380952381 2.380952380952381 2.380952380952381 2.380952380952381 2.272727272727273 2.272727272727273 2.0 2.0 2.272727272727273 2.272727272727273 2.0 2.0 2.272727272727273 2.272727272727273 2.272727272727273 2.272727272727273 
19 9.523809523809524 9.523809523809524 9.523809523809524 9.523809523809524 9.090909090909092 9.090909090909092 8.0 8.0 9.090909090909092 9.090909090909092 8.0 8.0 9.090909090909092 9.090909090909092 9.090909090909092 9.090909090909092 
20 4.761904761904762 4.761904761904762 4.761904761904762 4.761904761904762 4.545454545454546 4.545454545454546 4.0 4.0 4.545454545454546 4.545454545454546 4.0 4.0 4.545454545454546 4.545454545454546 4.545454545454546 4.545454545454546 
21 19.047619047619047 19.047619047619047 19.047619047619047 19.047619047619047 18.181818181818183 18.181818181818183 16.0 16.0 18.181818181818183 18.181818181818183 16.0 16.0 18.181818181818183 18.181818181818183 18.181818181818183 18.181818181818183 
22 4.761904761904762 4.761904761904762 4.761904761904762 4.761904761904762 4.545454545454546 4.545454545454546 4.0 4.0 4.545454545454546 4.545454545454546 4.0 4.0 4.545454545454546 4.545454545454546 4.545454545454546 4.545454545454546 
23 4.761904761904762 4.761904761904762 4.761904761904762 4.761904761904762 4.545454545454546 4.545454545454546 4.0 4.0 4.545454545454546 4.545454545454546 4.0 4.0 4.545454545454546 4.545454545454546 4.545454545454546 4.545454545454546 
25 19.047619047619047 19.047619047619047 19.047619047619047 19.047619047619047 18.181818181818183 18.181818181818183 16.0 16.0 18.181818181818183 18.181818181818183 16.0 16.0 18.181818181818183 18.181818181818183 18.181818181818183 18.181818181818183 
26 19.047619047619047 19.047619047619047 19.047619047619047 19.047619047619047 18.181818181818183 18.181818181818183 16.0 16.0 18.181818181818183 18.181818181818183 16.0 16.0 18.181818181818183 18.181818181818183 18.181818181818183 18.181818181818183 
27 9.523809523809524 9.523809523809524 9.523809523809524 9.523809523809524 9.090909090909092 9.090909090909092 8.0 8.0 9.090909090909092 9.090909090909092 8.0 8.0 9.090909090909092 9.090909090909092 9.090909090909092 9.090909090909092 
28 4.761904761904762 4.761904761904762 4.761904761904762 4.761904761904762 4.545454545454546 4.545454545454546 4.0 4.0 4.545454545454546 4.545454545454546 4.0 4.0 4.545454545454546 4.545454545454546 4.545454545454546 4.545454545454546 
29 19.047619047619047 19.047619047619047 19.047619047619047 19.047619047619047 18.181818181818183 18.181818181818183 16.0 16.0 18.181818181818183 18.181818181818183 16.0 16.0 18.181818181818183 18.181818181818183 18.181818181818183 18.181818181818183 
30 4.761904761904762 4.761904761904762 4.761904761904762 4.761904761904762 4.545454545454546 4.545454545454546 4.0 4.0 4.545454545454546 4.545454545454546 4.0 4.0 4.545454545454546 4.545454545454546 4.545454545454546 4.545454545454546 
31 4.761904761904762 4.761904761904762 4.761904761904762 4.761904761904762 4.545454545454546 4.545454545454546 4.0 4.0 4.545454545454546 4.545454545454546 4.0 4.0 4.545454545454546 4.545454545454546 4.545454545454546 4.545454545454546 
32 9.523809523809524 9.523809523809524 9.523809523809524 9.523809523809524 9.090909090909092 9.090909090909092 8.0 8.0 9.090909090909092 9.090909090909092 8.0 8.0 9.090909090909092 9.090909090909092 9.090909090909092 9.090909090909092 
33 19.047619047619047 19.047619047619047 19.047619047619047 19.047619047619047 18.181818181818183 18.181818181818183 16.0 16.0 18.181818181818183 18.181818181818183 16.0 16.0 18.181818181818183 18.181818181818183 18.181818181818183 18.181818181818183 
34 9.523809523809524 9.523809523809524 9.523809523809524 9.523809523809524 9.090909090909092 9.090909090909092 8.0 8.0 9.090909090909092 9.090909090909092 8.0 8.0 9.090909090909092 9.090909090909092 9.090909090909092 9.090909090909092 
35 19.047619047619047 19.047619047619047 19.047619047619047 19.047619047619047 18.181818181818183 18.181818181818183 16.0 16.0 18.181818181818183 18.181818181818183 16.0 16.0 18.181818181818183 18.181818181818183 18.181818181818183 18.181818181818183 
36 9.523809523809524 9.523809523809524 9.523809523809524 9.523809523809524 9.090909090909092 9.090909090909092 8.0 8.0 9.090909090909092 9.090909090909092 8.0 8.0 9.090909090909092 9.090909090909092 9.090909090909092 9.090909090909092 
37 19.047619047619047 19.047619047619047 19.047619047619047 19.047619047619047 18.181818181818183 18.181818181818183 16.0 16.0 18.181818181818183 18.181818181818183 16.0 16.0 18.181818181818183 18.181818181818183 18.181818181818183 18.181818181818183 
38 9.523809523809524 9.523809523809524 9.523809523809524 9.523809523809524 9.090909090909092 9.090909090909092 8.0 8.0 9.090909090909092 9.090909090909092 8.0 8.0 9.090909090909092 9.090909090909092 9.090909090909092 9.090909090909092 
39 19.047619047619047 19.047619047619047 19.047619047619047 19.047619047619047 18.181818181818183 18.181818181818183 16.0 16.0 18.181818181818183 18.181818181818183 16.0 16.0 18.181818181818183 18.181818181818183 18.181818181818183 18.181818181818183 
40 19.047619047619047 19.047619047619047 19.047619047619047 19.047619047619047 18.181818181818183 18.181818181818183 16.0 16.0 18.181818181818183 18.181818181818183 16.0 16.0 18.181818181818183 18.181818181818183 18.181818181818183 18.181818181818183 
;
set c_0 := 0;
param d := 
[0,*,*] : 
0 1 2 3 41 42 43 := 
0 0 4.452E-4 0 0 0 0 4.452E-4 
1 0.471912 0 1.484E-4 0 1.484E-4 1.484E-4 0 
2 0 7.865200000000001E-4 0 2.968E-4 0 0 7.865200000000001E-4 
3 0 0 0.0017303440000000002 0 0.0017303440000000002 0.0017303440000000002 0 
41 0 7.865200000000001E-4 0 2.968E-4 0 0 7.865200000000001E-4 
42 0 7.865200000000001E-4 0 2.968E-4 0 0 7.865200000000001E-4 
43 0.471912 0 1.484E-4 0 1.484E-4 1.484E-4 0 
[1,*,*] : 
0 4 5 6 := 
0 0 0.0017904 0 0 
4 1.897824 0 0.0017904 0 
5 0 0.00948912 0 0.0017904 
6 0 0 9.489120000000001E-4 0 
[2,*,*] : 
0 7 8 9 10 24 := 
0 0 0.001324 0.001324 0 0 0 
7 1.40344 0 0 0.001324 0 0 
8 1.40344 0 0 0.001324 0 0 
9 0 0.0070172 0.0070172 0 0.001324 0.001324 
10 0 0 0 0.044910080000000005 0 0 
24 0 0 0 0.044910080000000005 0 0 
[3,*,*] : 
0 11 12 13 := 
0 0 0.0010376 0 0 
11 1.0998560000000002 0 0.0010376 0 
12 0 0.005499280000000001 0 0.0010376 
13 0 0 0.020347336000000008 0 
[4,*,*] : 
0 14 15 16 17 18 := 
0 0 3.245333333333333E-4 3.245333333333333E-4 3.245333333333333E-4 0 0 
14 0.34400533333333333 0 0 0 3.245333333333333E-4 0 
15 0.34400533333333333 0 0 0 3.245333333333333E-4 0 
16 0.34400533333333333 0 0 0 3.245333333333333E-4 0 
17 0 0.0017200266666666667 0.0017200266666666667 0.0017200266666666667 0 9.736E-4 
18 0 0 0 0 0.022704352 0 
[5,*,*] : 
0 19 20 21 22 23 25 26 27 28 29 30 31 32 33 34 35 36 37 38 39 40 := 
0 0 1.5346666666666667E-4 0 0 0 0 0 0 1.5346666666666667E-4 0 0 0 0 1.5346666666666667E-4 0 1.5346666666666667E-4 0 1.5346666666666667E-4 0 1.5346666666666667E-4 0 0 
19 0.16267466666666666 0 2.5577777777777776E-5 0 2.5577777777777776E-5 2.5577777777777776E-5 0 0 0 2.5577777777777776E-5 0 2.5577777777777776E-5 2.5577777777777776E-5 0 0 0 0 0 0 0 0 0 
20 0 1.3556222222222222E-4 0 1.705185185185185E-5 0 0 1.705185185185185E-5 1.705185185185185E-5 1.3556222222222222E-4 0 1.705185185185185E-5 0 0 1.3556222222222222E-4 1.705185185185185E-5 1.3556222222222222E-4 1.705185185185185E-5 1.3556222222222222E-4 1.705185185185185E-5 1.3556222222222222E-4 1.705185185185185E-5 1.705185185185185E-5 
21 0 0 1.3556222222222222E-4 0 1.3556222222222222E-4 1.3556222222222222E-4 0 0 0 1.3556222222222222E-4 0 1.3556222222222222E-4 1.3556222222222222E-4 0 0 0 0 0 0 0 0 0 
22 0 1.3556222222222222E-4 0 1.705185185185185E-5 0 0 1.705185185185185E-5 1.705185185185185E-5 1.3556222222222222E-4 0 1.705185185185185E-5 0 0 1.3556222222222222E-4 1.705185185185185E-5 1.3556222222222222E-4 1.705185185185185E-5 1.3556222222222222E-4 1.705185185185185E-5 1.3556222222222222E-4 1.705185185185185E-5 1.705185185185185E-5 
23 0 1.3556222222222222E-4 0 1.705185185185185E-5 0 0 1.705185185185185E-5 1.705185185185185E-5 1.3556222222222222E-4 0 1.705185185185185E-5 0 0 1.3556222222222222E-4 1.705185185185185E-5 1.3556222222222222E-4 1.705185185185185E-5 1.3556222222222222E-4 1.705185185185185E-5 1.3556222222222222E-4 1.705185185185185E-5 1.705185185185185E-5 
25 0 0 1.3556222222222222E-4 0 1.3556222222222222E-4 1.3556222222222222E-4 0 0 0 1.3556222222222222E-4 0 1.3556222222222222E-4 1.3556222222222222E-4 0 0 0 0 0 0 0 0 0 
26 0 0 1.3556222222222222E-4 0 1.3556222222222222E-4 1.3556222222222222E-4 0 0 0 1.3556222222222222E-4 0 1.3556222222222222E-4 1.3556222222222222E-4 0 0 0 0 0 0 0 0 0 
27 0.16267466666666666 0 2.5577777777777776E-5 0 2.5577777777777776E-5 2.5577777777777776E-5 0 0 0 2.5577777777777776E-5 0 2.5577777777777776E-5 2.5577777777777776E-5 0 0 0 0 0 0 0 0 0 
28 0 1.3556222222222222E-4 0 1.705185185185185E-5 0 0 1.705185185185185E-5 1.705185185185185E-5 1.3556222222222222E-4 0 1.705185185185185E-5 0 0 1.3556222222222222E-4 1.705185185185185E-5 1.3556222222222222E-4 1.705185185185185E-5 1.3556222222222222E-4 1.705185185185185E-5 1.3556222222222222E-4 1.705185185185185E-5 1.705185185185185E-5 
29 0 0 1.3556222222222222E-4 0 1.3556222222222222E-4 1.3556222222222222E-4 0 0 0 1.3556222222222222E-4 0 1.3556222222222222E-4 1.3556222222222222E-4 0 0 0 0 0 0 0 0 0 
30 0 1.3556222222222222E-4 0 1.705185185185185E-5 0 0 1.705185185185185E-5 1.705185185185185E-5 1.3556222222222222E-4 0 1.705185185185185E-5 0 0 1.3556222222222222E-4 1.705185185185185E-5 1.3556222222222222E-4 1.705185185185185E-5 1.3556222222222222E-4 1.705185185185185E-5 1.3556222222222222E-4 1.705185185185185E-5 1.705185185185185E-5 
31 0 1.3556222222222222E-4 0 1.705185185185185E-5 0 0 1.705185185185185E-5 1.705185185185185E-5 1.3556222222222222E-4 0 1.705185185185185E-5 0 0 1.3556222222222222E-4 1.705185185185185E-5 1.3556222222222222E-4 1.705185185185185E-5 1.3556222222222222E-4 1.705185185185185E-5 1.3556222222222222E-4 1.705185185185185E-5 1.705185185185185E-5 
32 0.16267466666666666 0 2.5577777777777776E-5 0 2.5577777777777776E-5 2.5577777777777776E-5 0 0 0 2.5577777777777776E-5 0 2.5577777777777776E-5 2.5577777777777776E-5 0 0 0 0 0 0 0 0 0 
33 0 0 1.3556222222222222E-4 0 1.3556222222222222E-4 1.3556222222222222E-4 0 0 0 1.3556222222222222E-4 0 1.3556222222222222E-4 1.3556222222222222E-4 0 0 0 0 0 0 0 0 0 
34 0.16267466666666666 0 2.5577777777777776E-5 0 2.5577777777777776E-5 2.5577777777777776E-5 0 0 0 2.5577777777777776E-5 0 2.5577777777777776E-5 2.5577777777777776E-5 0 0 0 0 0 0 0 0 0 
35 0 0 1.3556222222222222E-4 0 1.3556222222222222E-4 1.3556222222222222E-4 0 0 0 1.3556222222222222E-4 0 1.3556222222222222E-4 1.3556222222222222E-4 0 0 0 0 0 0 0 0 0 
36 0.16267466666666666 0 2.5577777777777776E-5 0 2.5577777777777776E-5 2.5577777777777776E-5 0 0 0 2.5577777777777776E-5 0 2.5577777777777776E-5 2.5577777777777776E-5 0 0 0 0 0 0 0 0 0 
37 0 0 1.3556222222222222E-4 0 1.3556222222222222E-4 1.3556222222222222E-4 0 0 0 1.3556222222222222E-4 0 1.3556222222222222E-4 1.3556222222222222E-4 0 0 0 0 0 0 0 0 0 
38 0.16267466666666666 0 2.5577777777777776E-5 0 2.5577777777777776E-5 2.5577777777777776E-5 0 0 0 2.5577777777777776E-5 0 2.5577777777777776E-5 2.5577777777777776E-5 0 0 0 0 0 0 0 0 0 
39 0 0 1.3556222222222222E-4 0 1.3556222222222222E-4 1.3556222222222222E-4 0 0 0 1.3556222222222222E-4 0 1.3556222222222222E-4 1.3556222222222222E-4 0 0 0 0 0 0 0 0 0 
40 0 0 1.3556222222222222E-4 0 1.3556222222222222E-4 1.3556222222222222E-4 0 0 0 1.3556222222222222E-4 0 1.3556222222222222E-4 1.3556222222222222E-4 0 0 0 0 0 0 0 0 0 
;
param x_bar : 0 1 2 3 4 5 6 7 8 9 10 11 12 13 14 15  := 
0 0 0 0 0 0 0 0 0 0 0 0 0 0 0 0 0 
1 0 0 0 0 0 0 1 0 0 0 0 0 0 0 0 0 
2 0 0 0 0 0 0 1 0 0 0 0 0 0 0 0 0 
3 0 0 0 0 0 0 0 1 0 0 0 0 0 0 0 0 
4 0 0 0 0 0 0 0 0 1 0 0 0 0 0 0 0 
5 0 0 0 0 0 0 0 0 0 1 0 0 0 0 0 0 
6 0 0 0 0 0 0 0 0 1 0 0 0 0 0 0 0 
7 0 0 0 0 1 0 0 0 0 0 0 0 0 0 0 0 
8 0 0 0 0 0 1 0 0 0 0 0 0 0 0 0 0 
9 1 0 0 0 0 0 0 0 0 0 0 0 0 0 0 0 
10 0 0 0 0 1 0 0 0 0 0 0 0 0 0 0 0 
11 0 0 0 0 0 0 1 0 0 0 0 0 0 0 0 0 
12 0 0 0 0 0 0 1 0 0 0 0 0 0 0 0 0 
13 0 0 0 0 0 0 1 0 0 0 0 0 0 0 0 0 
;
