data;
set C_bar :=  1 2 3 4 5 6 7 8 9 10 11 12 13 14 15 16 ;
set C :=  17 18 19 20 21 22 23 24 25 26 27 44 45 46 37 38 28 29 30 31 32 33 34 35 36 39 40 41 42 43 ;
set R := 0 1 2 3 4 5 ;
set C_bar_r[0] :=  
1 2 3 4 5 ;
set C_bar_r[1] :=  
6 7 8 9 ;
set C_bar_r[2] :=  
10 11 12 ;
set C_bar_r[3] :=  
13 14 15 16 ;
set C_r[0] :=  
44 45 46 ;
set C_r[1] :=  
37 ;
set C_r[2] :=  
38 ;
set C_r[3] :=  
28 29 30 31 32 33 34 35 36 39 40 41 42 43 ;
set C_r[4] :=  
17 18 19 20 21 22 ;
set C_r[5] :=  
23 24 25 26 27 ;
set S :=  0 1 2 3 4 5 6 7 8 9 10 11 12 13 14 15 ;
set S_u :=  0 1 2 3 4 5 6 7 8 9 10 11 12 13 14 15 ;
set S_r[0] := 
10 11 ;
set S_r[1] := 
4 5 ;
set S_r[2] := 
4 5 ;
set S_r[3] := 
2 6 7 ;
set Rack :=  0 1 2 3 4 5 6 7 ;
param COST : 0 1 2 3 4 5 6 7 8 9 10 11 12 13 14 15 :=
0 0 1 3 3 5 5 5 5 5 5 5 5 5 5 5 5 
1 1 0 3 3 5 5 5 5 5 5 5 5 5 5 5 5 
2 3 3 0 1 5 5 5 5 5 5 5 5 5 5 5 5 
3 3 3 1 0 5 5 5 5 5 5 5 5 5 5 5 5 
4 5 5 5 5 0 1 3 3 5 5 5 5 5 5 5 5 
5 5 5 5 5 1 0 3 3 5 5 5 5 5 5 5 5 
6 5 5 5 5 3 3 0 1 5 5 5 5 5 5 5 5 
7 5 5 5 5 3 3 1 0 5 5 5 5 5 5 5 5 
8 5 5 5 5 5 5 5 5 0 1 3 3 5 5 5 5 
9 5 5 5 5 5 5 5 5 1 0 3 3 5 5 5 5 
10 5 5 5 5 5 5 5 5 3 3 0 1 5 5 5 5 
11 5 5 5 5 5 5 5 5 3 3 1 0 5 5 5 5 
12 5 5 5 5 5 5 5 5 5 5 5 5 0 1 3 3 
13 5 5 5 5 5 5 5 5 5 5 5 5 1 0 3 3 
14 5 5 5 5 5 5 5 5 5 5 5 5 3 3 0 1 
15 5 5 5 5 5 5 5 5 5 5 5 5 3 3 1 0 
;
set S_rack[0] :=  
0 1 ;
set S_rack[1] :=  
2 3 ;
set S_rack[2] :=  
4 5 ;
set S_rack[3] :=  
6 7 ;
set S_rack[4] :=  
8 9 ;
set S_rack[5] :=  
10 11 ;
set S_rack[6] :=  
12 13 ;
set S_rack[7] :=  
14 15 ;
param CPU := 
0 28.0
1 28.0
2 36.0
3 56.0
4 34.0
5 52.0
6 12.0
7 12.0
8 56.0
9 56.0
10 42.0
11 52.0
12 28.0
13 28.0
14 56.0
15 56.0
;
param MEM := 
0 96.0
1 96.0
2 112.0
3 192.0
4 109.0
5 180.0
6 128.0
7 128.0
8 192.0
9 192.0
10 136.0
11 176.0
12 48.0
13 48.0
14 192.0
15 192.0
;
param DISK := 
0 96.0
1 96.0
2 92.0
3 192.0
4 68.0
5 152.0
6 128.0
7 128.0
8 192.0
9 192.0
10 60.0
11 156.0
12 48.0
13 48.0
14 192.0
15 192.0
;
param BDW_out := 
0 10.0
1 10.0
2 9.999050554074074
3 10.0
4 7.66363456
5 8.150843712
6 9.145409096296296
7 9.145409096296296
8 10.0
9 10.0
10 9.05411642
11 9.5273034
12 10.0
13 10.0
14 10.0
15 10.0
;
param BDW_in := 
0 10.0
1 10.0
2 9.999820859259259
3 10.0
4 9.993896512
5 9.98880576
6 9.998719143703704
7 9.998719143703704
8 10.0
9 10.0
10 9.9989598
11 9.99876662
12 10.0
13 10.0
14 10.0
15 10.0
;
param mem := 
1 16.0
2 16.0
3 16.0
4 8.0
5 16.0
44 16.0
45 8.0
46 8.0
6 8.0
7 8.0
8 8.0
9 64.0
37 64.0
10 1.0
11 2.0
12 4.0
38 4.0
13 64.0
14 64.0
15 64.0
16 16.0
28 16.0
29 64.0
30 16.0
31 64.0
32 64.0
33 64.0
34 64.0
35 16.0
36 16.0
39 16.0
40 64.0
41 64.0
42 64.0
43 64.0
17 1.0
18 1.0
19 1.0
20 1.0
21 8.0
22 8.0
23 2.0
24 2.0
25 2.0
26 16.0
27 1.0
;
param disk := 
1 36.0
2 36.0
3 36.0
4 24.0
5 36.0
44 36.0
45 24.0
46 24.0
6 24.0
7 24.0
8 24.0
9 64.0
37 64.0
10 4.0
11 8.0
12 16.0
38 16.0
13 64.0
14 64.0
15 64.0
16 36.0
28 36.0
29 64.0
30 36.0
31 64.0
32 64.0
33 64.0
34 64.0
35 36.0
36 36.0
39 36.0
40 64.0
41 64.0
42 64.0
43 64.0
17 4.0
18 4.0
19 4.0
20 4.0
21 24.0
22 24.0
23 8.0
24 8.0
25 8.0
26 36.0
27 4.0
;
param cpu : 
0 1 2 3 4 5 6 7 8 9 10 11 12 13 14 15 := 
1 4.761904761904762 4.761904761904762 4.0 4.0 4.0 4.0 4.0 4.0 4.0 4.0 4.0 4.0 4.0 4.0 4.0 4.0 
2 4.761904761904762 4.761904761904762 4.0 4.0 4.0 4.0 4.0 4.0 4.0 4.0 4.0 4.0 4.0 4.0 4.0 4.0 
3 4.761904761904762 4.761904761904762 4.0 4.0 4.0 4.0 4.0 4.0 4.0 4.0 4.0 4.0 4.0 4.0 4.0 4.0 
4 2.380952380952381 2.380952380952381 2.0 2.0 2.0 2.0 2.0 2.0 2.0 2.0 2.0 2.0 2.0 2.0 2.0 2.0 
5 4.761904761904762 4.761904761904762 4.0 4.0 4.0 4.0 4.0 4.0 4.0 4.0 4.0 4.0 4.0 4.0 4.0 4.0 
44 4.761904761904762 4.761904761904762 4.0 4.0 4.0 4.0 4.0 4.0 4.0 4.0 4.0 4.0 4.0 4.0 4.0 4.0 
45 2.380952380952381 2.380952380952381 2.0 2.0 2.0 2.0 2.0 2.0 2.0 2.0 2.0 2.0 2.0 2.0 2.0 2.0 
46 2.380952380952381 2.380952380952381 2.0 2.0 2.0 2.0 2.0 2.0 2.0 2.0 2.0 2.0 2.0 2.0 2.0 2.0 
6 2.380952380952381 2.380952380952381 2.0 2.0 2.0 2.0 2.0 2.0 2.0 2.0 2.0 2.0 2.0 2.0 2.0 2.0 
7 2.380952380952381 2.380952380952381 2.0 2.0 2.0 2.0 2.0 2.0 2.0 2.0 2.0 2.0 2.0 2.0 2.0 2.0 
8 2.380952380952381 2.380952380952381 2.0 2.0 2.0 2.0 2.0 2.0 2.0 2.0 2.0 2.0 2.0 2.0 2.0 2.0 
9 19.047619047619047 19.047619047619047 16.0 16.0 16.0 16.0 16.0 16.0 16.0 16.0 16.0 16.0 16.0 16.0 16.0 16.0 
37 19.047619047619047 19.047619047619047 16.0 16.0 16.0 16.0 16.0 16.0 16.0 16.0 16.0 16.0 16.0 16.0 16.0 16.0 
10 1.1904761904761905 1.1904761904761905 1.0 1.0 1.0 1.0 1.0 1.0 1.0 1.0 1.0 1.0 1.0 1.0 1.0 1.0 
11 1.1904761904761905 1.1904761904761905 1.0 1.0 1.0 1.0 1.0 1.0 1.0 1.0 1.0 1.0 1.0 1.0 1.0 1.0 
12 2.380952380952381 2.380952380952381 2.0 2.0 2.0 2.0 2.0 2.0 2.0 2.0 2.0 2.0 2.0 2.0 2.0 2.0 
38 2.380952380952381 2.380952380952381 2.0 2.0 2.0 2.0 2.0 2.0 2.0 2.0 2.0 2.0 2.0 2.0 2.0 2.0 
13 19.047619047619047 19.047619047619047 16.0 16.0 16.0 16.0 16.0 16.0 16.0 16.0 16.0 16.0 16.0 16.0 16.0 16.0 
14 19.047619047619047 19.047619047619047 16.0 16.0 16.0 16.0 16.0 16.0 16.0 16.0 16.0 16.0 16.0 16.0 16.0 16.0 
15 19.047619047619047 19.047619047619047 16.0 16.0 16.0 16.0 16.0 16.0 16.0 16.0 16.0 16.0 16.0 16.0 16.0 16.0 
16 4.761904761904762 4.761904761904762 4.0 4.0 4.0 4.0 4.0 4.0 4.0 4.0 4.0 4.0 4.0 4.0 4.0 4.0 
28 4.761904761904762 4.761904761904762 4.0 4.0 4.0 4.0 4.0 4.0 4.0 4.0 4.0 4.0 4.0 4.0 4.0 4.0 
29 19.047619047619047 19.047619047619047 16.0 16.0 16.0 16.0 16.0 16.0 16.0 16.0 16.0 16.0 16.0 16.0 16.0 16.0 
30 4.761904761904762 4.761904761904762 4.0 4.0 4.0 4.0 4.0 4.0 4.0 4.0 4.0 4.0 4.0 4.0 4.0 4.0 
31 19.047619047619047 19.047619047619047 16.0 16.0 16.0 16.0 16.0 16.0 16.0 16.0 16.0 16.0 16.0 16.0 16.0 16.0 
32 19.047619047619047 19.047619047619047 16.0 16.0 16.0 16.0 16.0 16.0 16.0 16.0 16.0 16.0 16.0 16.0 16.0 16.0 
33 19.047619047619047 19.047619047619047 16.0 16.0 16.0 16.0 16.0 16.0 16.0 16.0 16.0 16.0 16.0 16.0 16.0 16.0 
34 19.047619047619047 19.047619047619047 16.0 16.0 16.0 16.0 16.0 16.0 16.0 16.0 16.0 16.0 16.0 16.0 16.0 16.0 
35 4.761904761904762 4.761904761904762 4.0 4.0 4.0 4.0 4.0 4.0 4.0 4.0 4.0 4.0 4.0 4.0 4.0 4.0 
36 4.761904761904762 4.761904761904762 4.0 4.0 4.0 4.0 4.0 4.0 4.0 4.0 4.0 4.0 4.0 4.0 4.0 4.0 
39 4.761904761904762 4.761904761904762 4.0 4.0 4.0 4.0 4.0 4.0 4.0 4.0 4.0 4.0 4.0 4.0 4.0 4.0 
40 19.047619047619047 19.047619047619047 16.0 16.0 16.0 16.0 16.0 16.0 16.0 16.0 16.0 16.0 16.0 16.0 16.0 16.0 
41 19.047619047619047 19.047619047619047 16.0 16.0 16.0 16.0 16.0 16.0 16.0 16.0 16.0 16.0 16.0 16.0 16.0 16.0 
42 19.047619047619047 19.047619047619047 16.0 16.0 16.0 16.0 16.0 16.0 16.0 16.0 16.0 16.0 16.0 16.0 16.0 16.0 
43 19.047619047619047 19.047619047619047 16.0 16.0 16.0 16.0 16.0 16.0 16.0 16.0 16.0 16.0 16.0 16.0 16.0 16.0 
17 1.1904761904761905 1.1904761904761905 1.0 1.0 1.0 1.0 1.0 1.0 1.0 1.0 1.0 1.0 1.0 1.0 1.0 1.0 
18 1.1904761904761905 1.1904761904761905 1.0 1.0 1.0 1.0 1.0 1.0 1.0 1.0 1.0 1.0 1.0 1.0 1.0 1.0 
19 1.1904761904761905 1.1904761904761905 1.0 1.0 1.0 1.0 1.0 1.0 1.0 1.0 1.0 1.0 1.0 1.0 1.0 1.0 
20 1.1904761904761905 1.1904761904761905 1.0 1.0 1.0 1.0 1.0 1.0 1.0 1.0 1.0 1.0 1.0 1.0 1.0 1.0 
21 2.380952380952381 2.380952380952381 2.0 2.0 2.0 2.0 2.0 2.0 2.0 2.0 2.0 2.0 2.0 2.0 2.0 2.0 
22 2.380952380952381 2.380952380952381 2.0 2.0 2.0 2.0 2.0 2.0 2.0 2.0 2.0 2.0 2.0 2.0 2.0 2.0 
23 1.1904761904761905 1.1904761904761905 1.0 1.0 1.0 1.0 1.0 1.0 1.0 1.0 1.0 1.0 1.0 1.0 1.0 1.0 
24 1.1904761904761905 1.1904761904761905 1.0 1.0 1.0 1.0 1.0 1.0 1.0 1.0 1.0 1.0 1.0 1.0 1.0 1.0 
25 1.1904761904761905 1.1904761904761905 1.0 1.0 1.0 1.0 1.0 1.0 1.0 1.0 1.0 1.0 1.0 1.0 1.0 1.0 
26 4.761904761904762 4.761904761904762 4.0 4.0 4.0 4.0 4.0 4.0 4.0 4.0 4.0 4.0 4.0 4.0 4.0 4.0 
27 1.1904761904761905 1.1904761904761905 1.0 1.0 1.0 1.0 1.0 1.0 1.0 1.0 1.0 1.0 1.0 1.0 1.0 1.0 
;
set c_0 := 0;
param d := 
[0,*,*] : 
0 1 2 3 4 5 44 45 46 := 
0 0 4.458E-4 4.458E-4 4.458E-4 0 0 4.458E-4 0 0 
1 0.47254799999999997 0 0 0 1.486E-4 0 0 1.486E-4 1.486E-4 
2 0.47254799999999997 0 0 0 1.486E-4 0 0 1.486E-4 1.486E-4 
3 0.47254799999999997 0 0 0 1.486E-4 0 0 1.486E-4 1.486E-4 
4 0 7.8758E-4 7.8758E-4 7.8758E-4 0 5.944E-4 7.8758E-4 0 0 
5 0 0 0 0 0.023942432 0 0 0.023942432 0.023942432 
44 0.47254799999999997 0 0 0 1.486E-4 0 0 1.486E-4 1.486E-4 
45 0 7.8758E-4 7.8758E-4 7.8758E-4 0 5.944E-4 7.8758E-4 0 0 
46 0 7.8758E-4 7.8758E-4 7.8758E-4 0 5.944E-4 7.8758E-4 0 0 
[1,*,*] : 
0 6 7 8 9 37 := 
0 0 0.0017408 0.0017408 0 0 0 
6 1.845248 0 0 0.0017408 0 0 
7 1.845248 0 0 0.0017408 0 0 
8 0 0.00922624 0.00922624 0 0.0017408 0.0017408 
9 0 0 0 0.023988224000000002 0 0 
37 0 0 0 0.023988224000000002 0 0 
[2,*,*] : 
0 10 11 12 38 := 
0 0 4.544E-4 0 0 0 
10 0.481664 0 4.544E-4 0 0 
11 0 0.00240832 0 2.272E-4 2.272E-4 
12 0 0 0.002167488 0 0 
38 0 0 0.002167488 0 0 
[3,*,*] : 
0 13 14 15 16 28 29 30 31 32 33 34 35 36 39 40 41 42 43 := 
0 0 8.061333333333333E-4 8.061333333333333E-4 0 0 0 0 0 0 0 8.061333333333333E-4 0 0 0 0 0 0 0 0 
13 0.8545013333333333 0 0 8.957037037037036E-5 0 0 8.957037037037036E-5 0 8.957037037037036E-5 8.957037037037036E-5 0 8.957037037037036E-5 0 0 0 8.957037037037036E-5 8.957037037037036E-5 8.957037037037036E-5 8.957037037037036E-5 
14 0.8545013333333333 0 0 8.957037037037036E-5 0 0 8.957037037037036E-5 0 8.957037037037036E-5 8.957037037037036E-5 0 8.957037037037036E-5 0 0 0 8.957037037037036E-5 8.957037037037036E-5 8.957037037037036E-5 8.957037037037036E-5 
15 0 4.7472296296296296E-4 4.7472296296296296E-4 0 4.478518518518518E-5 4.478518518518518E-5 0 4.478518518518518E-5 0 0 4.7472296296296296E-4 0 4.478518518518518E-5 4.478518518518518E-5 4.478518518518518E-5 0 0 0 0 
16 0 0 0 0.0018514195555555555 0 0 0.0018514195555555555 0 0.0018514195555555555 0.0018514195555555555 0 0.0018514195555555555 0 0 0 0.0018514195555555555 0.0018514195555555555 0.0018514195555555555 0.0018514195555555555 
28 0 0 0 0.0018514195555555555 0 0 0.0018514195555555555 0 0.0018514195555555555 0.0018514195555555555 0 0.0018514195555555555 0 0 0 0.0018514195555555555 0.0018514195555555555 0.0018514195555555555 0.0018514195555555555 
29 0 4.7472296296296296E-4 4.7472296296296296E-4 0 4.478518518518518E-5 4.478518518518518E-5 0 4.478518518518518E-5 0 0 4.7472296296296296E-4 0 4.478518518518518E-5 4.478518518518518E-5 4.478518518518518E-5 0 0 0 0 
30 0 0 0 0.0018514195555555555 0 0 0.0018514195555555555 0 0.0018514195555555555 0.0018514195555555555 0 0.0018514195555555555 0 0 0 0.0018514195555555555 0.0018514195555555555 0.0018514195555555555 0.0018514195555555555 
31 0 4.7472296296296296E-4 4.7472296296296296E-4 0 4.478518518518518E-5 4.478518518518518E-5 0 4.478518518518518E-5 0 0 4.7472296296296296E-4 0 4.478518518518518E-5 4.478518518518518E-5 4.478518518518518E-5 0 0 0 0 
32 0 4.7472296296296296E-4 4.7472296296296296E-4 0 4.478518518518518E-5 4.478518518518518E-5 0 4.478518518518518E-5 0 0 4.7472296296296296E-4 0 4.478518518518518E-5 4.478518518518518E-5 4.478518518518518E-5 0 0 0 0 
33 0.8545013333333333 0 0 8.957037037037036E-5 0 0 8.957037037037036E-5 0 8.957037037037036E-5 8.957037037037036E-5 0 8.957037037037036E-5 0 0 0 8.957037037037036E-5 8.957037037037036E-5 8.957037037037036E-5 8.957037037037036E-5 
34 0 4.7472296296296296E-4 4.7472296296296296E-4 0 4.478518518518518E-5 4.478518518518518E-5 0 4.478518518518518E-5 0 0 4.7472296296296296E-4 0 4.478518518518518E-5 4.478518518518518E-5 4.478518518518518E-5 0 0 0 0 
35 0 0 0 0.0018514195555555555 0 0 0.0018514195555555555 0 0.0018514195555555555 0.0018514195555555555 0 0.0018514195555555555 0 0 0 0.0018514195555555555 0.0018514195555555555 0.0018514195555555555 0.0018514195555555555 
36 0 0 0 0.0018514195555555555 0 0 0.0018514195555555555 0 0.0018514195555555555 0.0018514195555555555 0 0.0018514195555555555 0 0 0 0.0018514195555555555 0.0018514195555555555 0.0018514195555555555 0.0018514195555555555 
39 0 0 0 0.0018514195555555555 0 0 0.0018514195555555555 0 0.0018514195555555555 0.0018514195555555555 0 0.0018514195555555555 0 0 0 0.0018514195555555555 0.0018514195555555555 0.0018514195555555555 0.0018514195555555555 
40 0 4.7472296296296296E-4 4.7472296296296296E-4 0 4.478518518518518E-5 4.478518518518518E-5 0 4.478518518518518E-5 0 0 4.7472296296296296E-4 0 4.478518518518518E-5 4.478518518518518E-5 4.478518518518518E-5 0 0 0 0 
41 0 4.7472296296296296E-4 4.7472296296296296E-4 0 4.478518518518518E-5 4.478518518518518E-5 0 4.478518518518518E-5 0 0 4.7472296296296296E-4 0 4.478518518518518E-5 4.478518518518518E-5 4.478518518518518E-5 0 0 0 0 
42 0 4.7472296296296296E-4 4.7472296296296296E-4 0 4.478518518518518E-5 4.478518518518518E-5 0 4.478518518518518E-5 0 0 4.7472296296296296E-4 0 4.478518518518518E-5 4.478518518518518E-5 4.478518518518518E-5 0 0 0 0 
43 0 4.7472296296296296E-4 4.7472296296296296E-4 0 4.478518518518518E-5 4.478518518518518E-5 0 4.478518518518518E-5 0 0 4.7472296296296296E-4 0 4.478518518518518E-5 4.478518518518518E-5 4.478518518518518E-5 0 0 0 0 
[4,*,*] : 
0 17 18 19 20 21 22 := 
0 0 5.578E-4 5.578E-4 5.578E-4 5.578E-4 0 0 
17 0.591268 0 0 0 0 5.578E-4 0 
18 0.591268 0 0 0 0 5.578E-4 0 
19 0.591268 0 0 0 0 5.578E-4 0 
20 0.591268 0 0 0 0 5.578E-4 0 
21 0 0.00295634 0.00295634 0.00295634 0.00295634 0 0.0022312 
22 0 0 0 0 0 0.042571296 0 
[5,*,*] : 
0 23 24 25 26 27 := 
0 0 7.237333333333333E-4 7.237333333333333E-4 7.237333333333333E-4 0 0 
23 0.7671573333333334 0 0 0 7.237333333333333E-4 0 
24 0.7671573333333334 0 0 0 7.237333333333333E-4 0 
25 0.7671573333333334 0 0 0 7.237333333333333E-4 0 
26 0 0.0038357866666666666 0.0038357866666666666 0.0038357866666666666 0 0.0021712 
27 0 0 0 0 0.029919136 0 
;
param x_bar : 0 1 2 3 4 5 6 7 8 9 10 11 12 13 14 15  := 
0 0 0 0 0 0 0 0 0 0 0 0 0 0 0 0 0 
1 0 0 0 0 0 0 0 0 0 0 1 0 0 0 0 0 
2 0 0 0 0 0 0 0 0 0 0 1 0 0 0 0 0 
3 0 0 0 0 0 0 0 0 0 0 0 1 0 0 0 0 
4 0 0 0 0 0 0 0 0 0 0 1 0 0 0 0 0 
5 0 0 0 0 0 0 0 0 0 0 1 0 0 0 0 0 
6 0 0 0 0 1 0 0 0 0 0 0 0 0 0 0 0 
7 0 0 0 0 0 1 0 0 0 0 0 0 0 0 0 0 
8 0 0 0 0 1 0 0 0 0 0 0 0 0 0 0 0 
9 0 0 0 0 1 0 0 0 0 0 0 0 0 0 0 0 
10 0 0 0 0 1 0 0 0 0 0 0 0 0 0 0 0 
11 0 0 0 0 1 0 0 0 0 0 0 0 0 0 0 0 
12 0 0 0 0 0 1 0 0 0 0 0 0 0 0 0 0 
13 0 0 0 0 0 0 1 0 0 0 0 0 0 0 0 0 
14 0 0 0 0 0 0 0 1 0 0 0 0 0 0 0 0 
15 0 0 1 0 0 0 0 0 0 0 0 0 0 0 0 0 
16 0 0 1 0 0 0 0 0 0 0 0 0 0 0 0 0 
;
