data;
set C_bar :=  1 2 3 4 5 6 7 8 9 10 11 12 13 14 15 16 ;
set C :=  17 18 19 20 21 22 23 24 25 26 27 28 29 30 31 32 33 43 46 44 45 34 35 36 37 38 39 40 41 42 ;
set R := 0 1 2 3 4 5 ;
set C_bar_r[0] :=  
1 2 3 4 ;
set C_bar_r[1] :=  
5 6 7 ;
set C_bar_r[2] :=  
8 9 10 ;
set C_bar_r[3] :=  
11 12 13 14 15 16 ;
set C_r[0] :=  
43 46 ;
set C_r[1] :=  
;
set C_r[2] :=  
44 45 ;
set C_r[3] :=  
34 35 36 37 38 39 40 41 42 ;
set C_r[4] :=  
17 18 19 20 21 ;
set C_r[5] :=  
22 23 24 25 26 27 28 29 30 31 32 33 ;
set S :=  0 1 2 3 4 5 6 7 8 9 10 11 12 13 14 15 ;
set S_u :=  0 1 2 3 4 5 6 7 8 9 10 11 12 13 14 15 ;
set S_r[0] := 
0 ;
set S_r[1] := 
2 ;
set S_r[2] := 
0 1 ;
set S_r[3] := 
2 3 ;
set Rack :=  0 1 2 3 4 5 6 7 ;
param COST : 0 1 2 3 4 5 6 7 8 9 10 11 12 13 14 15 :=
0 0 1 3 3 5 5 5 5 5 5 5 5 5 5 5 5 
1 1 0 3 3 5 5 5 5 5 5 5 5 5 5 5 5 
2 3 3 0 1 5 5 5 5 5 5 5 5 5 5 5 5 
3 3 3 1 0 5 5 5 5 5 5 5 5 5 5 5 5 
4 5 5 5 5 0 1 3 3 5 5 5 5 5 5 5 5 
5 5 5 5 5 1 0 3 3 5 5 5 5 5 5 5 5 
6 5 5 5 5 3 3 0 1 5 5 5 5 5 5 5 5 
7 5 5 5 5 3 3 1 0 5 5 5 5 5 5 5 5 
8 5 5 5 5 5 5 5 5 0 1 3 3 5 5 5 5 
9 5 5 5 5 5 5 5 5 1 0 3 3 5 5 5 5 
10 5 5 5 5 5 5 5 5 3 3 0 1 5 5 5 5 
11 5 5 5 5 5 5 5 5 3 3 1 0 5 5 5 5 
12 5 5 5 5 5 5 5 5 5 5 5 5 0 1 3 3 
13 5 5 5 5 5 5 5 5 5 5 5 5 1 0 3 3 
14 5 5 5 5 5 5 5 5 5 5 5 5 3 3 0 1 
15 5 5 5 5 5 5 5 5 5 5 5 5 3 3 1 0 
;
set S_rack[0] :=  
0 1 ;
set S_rack[1] :=  
2 3 ;
set S_rack[2] :=  
4 5 ;
set S_rack[3] :=  
6 7 ;
set S_rack[4] :=  
8 9 ;
set S_rack[5] :=  
10 11 ;
set S_rack[6] :=  
12 13 ;
set S_rack[7] :=  
14 15 ;
param CPU := 
0 42.0
1 48.0
2 42.0
3 50.0
4 56.0
5 56.0
6 28.0
7 28.0
8 56.0
9 56.0
10 28.0
11 28.0
12 28.0
13 28.0
14 28.0
15 28.0
;
param MEM := 
0 144.0
1 160.0
2 150.0
3 174.0
4 192.0
5 192.0
6 192.0
7 192.0
8 192.0
9 192.0
10 48.0
11 48.0
12 192.0
13 192.0
14 48.0
15 48.0
;
param DISK := 
0 92.8
1 142.0
2 80.0
3 148.0
4 192.0
5 192.0
6 192.0
7 192.0
8 192.0
9 192.0
10 48.0
11 48.0
12 192.0
13 192.0
14 48.0
15 48.0
;
param BDW_out := 
0 8.4224992
1 9.998478688
2 8.28905082857143
3 9.27765222
4 10.0
5 10.0
6 10.0
7 10.0
8 10.0
9 10.0
10 10.0
11 10.0
12 10.0
13 10.0
14 10.0
15 10.0
;
param BDW_in := 
0 9.996990688
1 9.9997792
2 9.991994277142856
3 9.997337685714285
4 10.0
5 10.0
6 10.0
7 10.0
8 10.0
9 10.0
10 10.0
11 10.0
12 10.0
13 10.0
14 10.0
15 10.0
;
param mem := 
1 2.0
2 2.0
3 2.0
4 8.0
43 2.0
46 2.0
5 4.0
6 4.0
7 16.0
8 32.0
9 2.0
10 32.0
44 32.0
45 2.0
11 1.0
12 1.0
13 1.0
14 1.0
15 16.0
16 16.0
34 1.0
35 16.0
36 1.0
37 1.0
38 16.0
39 16.0
40 16.0
41 16.0
42 16.0
17 32.0
18 32.0
19 32.0
20 4.0
21 32.0
22 8.0
23 8.0
24 8.0
25 8.0
26 8.0
27 8.0
28 8.0
29 8.0
30 8.0
31 8.0
32 16.0
33 2.0
;
param disk := 
1 8.0
2 8.0
3 8.0
4 24.0
43 8.0
46 8.0
5 16.0
6 16.0
7 36.0
8 43.2
9 8.0
10 50.0
44 43.2
45 8.0
11 4.0
12 4.0
13 4.0
14 4.0
15 36.0
16 36.0
34 4.0
35 36.0
36 4.0
37 4.0
38 36.0
39 36.0
40 36.0
41 36.0
42 36.0
17 50.0
18 50.0
19 50.0
20 16.0
21 50.0
22 24.0
23 24.0
24 24.0
25 24.0
26 24.0
27 24.0
28 24.0
29 24.0
30 24.0
31 24.0
32 36.0
33 8.0
;
param cpu : 
0 1 2 3 4 5 6 7 8 9 10 11 12 13 14 15 := 
1 1.0 1.0 1.0 1.0 1.0 1.0 1.0 1.0 1.0 1.0 1.0 1.0 1.0 1.0 1.0 1.0 
2 1.0 1.0 1.0 1.0 1.0 1.0 1.0 1.0 1.0 1.0 1.0 1.0 1.0 1.0 1.0 1.0 
3 1.0 1.0 1.0 1.0 1.0 1.0 1.0 1.0 1.0 1.0 1.0 1.0 1.0 1.0 1.0 1.0 
4 2.0 2.0 2.0 2.0 2.0 2.0 2.0 2.0 2.0 2.0 2.0 2.0 2.0 2.0 2.0 2.0 
43 1.0 1.0 1.0 1.0 1.0 1.0 1.0 1.0 1.0 1.0 1.0 1.0 1.0 1.0 1.0 1.0 
46 1.0 1.0 1.0 1.0 1.0 1.0 1.0 1.0 1.0 1.0 1.0 1.0 1.0 1.0 1.0 1.0 
5 2.0 2.0 2.0 2.0 2.0 2.0 2.0 2.0 2.0 2.0 2.0 2.0 2.0 2.0 2.0 2.0 
6 2.0 2.0 2.0 2.0 2.0 2.0 2.0 2.0 2.0 2.0 2.0 2.0 2.0 2.0 2.0 2.0 
7 4.0 4.0 4.0 4.0 4.0 4.0 4.0 4.0 4.0 4.0 4.0 4.0 4.0 4.0 4.0 4.0 
8 8.0 8.0 8.0 8.0 8.0 8.0 8.0 8.0 8.0 8.0 8.0 8.0 8.0 8.0 8.0 8.0 
9 1.0 1.0 1.0 1.0 1.0 1.0 1.0 1.0 1.0 1.0 1.0 1.0 1.0 1.0 1.0 1.0 
10 8.0 8.0 8.0 8.0 8.0 8.0 8.0 8.0 8.0 8.0 8.0 8.0 8.0 8.0 8.0 8.0 
44 8.0 8.0 8.0 8.0 8.0 8.0 8.0 8.0 8.0 8.0 8.0 8.0 8.0 8.0 8.0 8.0 
45 1.0 1.0 1.0 1.0 1.0 1.0 1.0 1.0 1.0 1.0 1.0 1.0 1.0 1.0 1.0 1.0 
11 1.0 1.0 1.0 1.0 1.0 1.0 1.0 1.0 1.0 1.0 1.0 1.0 1.0 1.0 1.0 1.0 
12 1.0 1.0 1.0 1.0 1.0 1.0 1.0 1.0 1.0 1.0 1.0 1.0 1.0 1.0 1.0 1.0 
13 1.0 1.0 1.0 1.0 1.0 1.0 1.0 1.0 1.0 1.0 1.0 1.0 1.0 1.0 1.0 1.0 
14 1.0 1.0 1.0 1.0 1.0 1.0 1.0 1.0 1.0 1.0 1.0 1.0 1.0 1.0 1.0 1.0 
15 4.0 4.0 4.0 4.0 4.0 4.0 4.0 4.0 4.0 4.0 4.0 4.0 4.0 4.0 4.0 4.0 
16 4.0 4.0 4.0 4.0 4.0 4.0 4.0 4.0 4.0 4.0 4.0 4.0 4.0 4.0 4.0 4.0 
34 1.0 1.0 1.0 1.0 1.0 1.0 1.0 1.0 1.0 1.0 1.0 1.0 1.0 1.0 1.0 1.0 
35 4.0 4.0 4.0 4.0 4.0 4.0 4.0 4.0 4.0 4.0 4.0 4.0 4.0 4.0 4.0 4.0 
36 1.0 1.0 1.0 1.0 1.0 1.0 1.0 1.0 1.0 1.0 1.0 1.0 1.0 1.0 1.0 1.0 
37 1.0 1.0 1.0 1.0 1.0 1.0 1.0 1.0 1.0 1.0 1.0 1.0 1.0 1.0 1.0 1.0 
38 4.0 4.0 4.0 4.0 4.0 4.0 4.0 4.0 4.0 4.0 4.0 4.0 4.0 4.0 4.0 4.0 
39 4.0 4.0 4.0 4.0 4.0 4.0 4.0 4.0 4.0 4.0 4.0 4.0 4.0 4.0 4.0 4.0 
40 4.0 4.0 4.0 4.0 4.0 4.0 4.0 4.0 4.0 4.0 4.0 4.0 4.0 4.0 4.0 4.0 
41 4.0 4.0 4.0 4.0 4.0 4.0 4.0 4.0 4.0 4.0 4.0 4.0 4.0 4.0 4.0 4.0 
42 4.0 4.0 4.0 4.0 4.0 4.0 4.0 4.0 4.0 4.0 4.0 4.0 4.0 4.0 4.0 4.0 
17 8.0 8.0 8.0 8.0 8.0 8.0 8.0 8.0 8.0 8.0 8.0 8.0 8.0 8.0 8.0 8.0 
18 8.0 8.0 8.0 8.0 8.0 8.0 8.0 8.0 8.0 8.0 8.0 8.0 8.0 8.0 8.0 8.0 
19 8.0 8.0 8.0 8.0 8.0 8.0 8.0 8.0 8.0 8.0 8.0 8.0 8.0 8.0 8.0 8.0 
20 2.0 2.0 2.0 2.0 2.0 2.0 2.0 2.0 2.0 2.0 2.0 2.0 2.0 2.0 2.0 2.0 
21 8.0 8.0 8.0 8.0 8.0 8.0 8.0 8.0 8.0 8.0 8.0 8.0 8.0 8.0 8.0 8.0 
22 2.0 2.0 2.0 2.0 2.0 2.0 2.0 2.0 2.0 2.0 2.0 2.0 2.0 2.0 2.0 2.0 
23 2.0 2.0 2.0 2.0 2.0 2.0 2.0 2.0 2.0 2.0 2.0 2.0 2.0 2.0 2.0 2.0 
24 2.0 2.0 2.0 2.0 2.0 2.0 2.0 2.0 2.0 2.0 2.0 2.0 2.0 2.0 2.0 2.0 
25 2.0 2.0 2.0 2.0 2.0 2.0 2.0 2.0 2.0 2.0 2.0 2.0 2.0 2.0 2.0 2.0 
26 2.0 2.0 2.0 2.0 2.0 2.0 2.0 2.0 2.0 2.0 2.0 2.0 2.0 2.0 2.0 2.0 
27 2.0 2.0 2.0 2.0 2.0 2.0 2.0 2.0 2.0 2.0 2.0 2.0 2.0 2.0 2.0 2.0 
28 2.0 2.0 2.0 2.0 2.0 2.0 2.0 2.0 2.0 2.0 2.0 2.0 2.0 2.0 2.0 2.0 
29 2.0 2.0 2.0 2.0 2.0 2.0 2.0 2.0 2.0 2.0 2.0 2.0 2.0 2.0 2.0 2.0 
30 2.0 2.0 2.0 2.0 2.0 2.0 2.0 2.0 2.0 2.0 2.0 2.0 2.0 2.0 2.0 2.0 
31 2.0 2.0 2.0 2.0 2.0 2.0 2.0 2.0 2.0 2.0 2.0 2.0 2.0 2.0 2.0 2.0 
32 4.0 4.0 4.0 4.0 4.0 4.0 4.0 4.0 4.0 4.0 4.0 4.0 4.0 4.0 4.0 4.0 
33 1.0 1.0 1.0 1.0 1.0 1.0 1.0 1.0 1.0 1.0 1.0 1.0 1.0 1.0 1.0 1.0 
;
set c_0 := 0;
param d := 
[0,*,*] : 
0 1 2 3 4 43 46 := 
0 0 6.336E-4 6.336E-4 0 0 0 0 
1 0.671616 0 0 2.112E-4 0 2.112E-4 2.112E-4 
2 0.671616 0 0 2.112E-4 0 2.112E-4 2.112E-4 
3 0 0.00111936 0.00111936 0 4.224E-4 0 0 
4 0 0 0 0.01790976 0 0.01790976 0.01790976 
43 0 0.00111936 0.00111936 0 4.224E-4 0 0 
46 0 0.00111936 0.00111936 0 4.224E-4 0 0 
[1,*,*] : 
0 5 6 7 := 
0 0 9.368E-4 0 0 
5 0.993008 0 9.368E-4 0 
6 0 0.00496504 0 9.368E-4 
7 0 0 0.034258776000000005 0 
[2,*,*] : 
0 8 9 10 44 45 := 
0 0 2.208E-4 0 0 2.208E-4 0 
8 0.234048 0 1.104E-4 0 0 1.104E-4 
9 0 5.851200000000001E-4 0 2.208E-4 5.851200000000001E-4 0 
10 0 0 0.0015213120000000001 0 0 0.0015213120000000001 
44 0.234048 0 1.104E-4 0 0 1.104E-4 
45 0 5.851200000000001E-4 0 2.208E-4 5.851200000000001E-4 0 
[3,*,*] : 
0 11 12 13 14 15 16 34 35 36 37 38 39 40 41 42 := 
0 0 3.3771428571428575E-4 3.3771428571428575E-4 3.3771428571428575E-4 3.3771428571428575E-4 0 0 3.3771428571428575E-4 0 3.3771428571428575E-4 3.3771428571428575E-4 0 0 0 0 0 
11 0.3579771428571429 0 0 0 0 1.6885714285714288E-4 0 0 0 0 0 1.6885714285714288E-4 0 0 0 0 
12 0.3579771428571429 0 0 0 0 1.6885714285714288E-4 0 0 0 0 0 1.6885714285714288E-4 0 0 0 0 
13 0.3579771428571429 0 0 0 0 1.6885714285714288E-4 0 0 0 0 0 1.6885714285714288E-4 0 0 0 0 
14 0.3579771428571429 0 0 0 0 1.6885714285714288E-4 0 0 0 0 0 1.6885714285714288E-4 0 0 0 0 
15 0 8.949428571428572E-4 8.949428571428572E-4 8.949428571428572E-4 8.949428571428572E-4 0 1.9700000000000002E-4 8.949428571428572E-4 1.9700000000000002E-4 8.949428571428572E-4 8.949428571428572E-4 0 1.9700000000000002E-4 1.9700000000000002E-4 1.9700000000000002E-4 1.9700000000000002E-4 
16 0 0 0 0 0 0.00605578 0 0 0 0 0 0.00605578 0 0 0 0 
34 0.3579771428571429 0 0 0 0 1.6885714285714288E-4 0 0 0 0 0 1.6885714285714288E-4 0 0 0 0 
35 0 0 0 0 0 0.00605578 0 0 0 0 0 0.00605578 0 0 0 0 
36 0.3579771428571429 0 0 0 0 1.6885714285714288E-4 0 0 0 0 0 1.6885714285714288E-4 0 0 0 0 
37 0.3579771428571429 0 0 0 0 1.6885714285714288E-4 0 0 0 0 0 1.6885714285714288E-4 0 0 0 0 
38 0 8.949428571428572E-4 8.949428571428572E-4 8.949428571428572E-4 8.949428571428572E-4 0 1.9700000000000002E-4 8.949428571428572E-4 1.9700000000000002E-4 8.949428571428572E-4 8.949428571428572E-4 0 1.9700000000000002E-4 1.9700000000000002E-4 1.9700000000000002E-4 1.9700000000000002E-4 
39 0 0 0 0 0 0.00605578 0 0 0 0 0 0.00605578 0 0 0 0 
40 0 0 0 0 0 0.00605578 0 0 0 0 0 0.00605578 0 0 0 0 
41 0 0 0 0 0 0.00605578 0 0 0 0 0 0.00605578 0 0 0 0 
42 0 0 0 0 0 0.00605578 0 0 0 0 0 0.00605578 0 0 0 0 
[4,*,*] : 
0 17 18 19 20 21 := 
0 0 8.053333333333334E-4 8.053333333333334E-4 8.053333333333334E-4 0 0 
17 0.8536533333333334 0 0 0 8.053333333333334E-4 0 
18 0.8536533333333334 0 0 0 8.053333333333334E-4 0 
19 0.8536533333333334 0 0 0 8.053333333333334E-4 0 
20 0 0.004268266666666667 0.004268266666666667 0.004268266666666667 0 0.002416 
21 0 0 0 0 0.11012128000000002 0 
[5,*,*] : 
0 22 23 24 25 26 27 28 29 30 31 32 33 := 
0 0 3.9248E-4 3.9248E-4 3.9248E-4 3.9248E-4 3.9248E-4 3.9248E-4 3.9248E-4 3.9248E-4 3.9248E-4 3.9248E-4 0 0 
22 0.41602880000000003 0 0 0 0 0 0 0 0 0 0 3.9248E-4 0 
23 0.41602880000000003 0 0 0 0 0 0 0 0 0 0 3.9248E-4 0 
24 0.41602880000000003 0 0 0 0 0 0 0 0 0 0 3.9248E-4 0 
25 0.41602880000000003 0 0 0 0 0 0 0 0 0 0 3.9248E-4 0 
26 0.41602880000000003 0 0 0 0 0 0 0 0 0 0 3.9248E-4 0 
27 0.41602880000000003 0 0 0 0 0 0 0 0 0 0 3.9248E-4 0 
28 0.41602880000000003 0 0 0 0 0 0 0 0 0 0 3.9248E-4 0 
29 0.41602880000000003 0 0 0 0 0 0 0 0 0 0 3.9248E-4 0 
30 0.41602880000000003 0 0 0 0 0 0 0 0 0 0 3.9248E-4 0 
31 0.41602880000000003 0 0 0 0 0 0 0 0 0 0 3.9248E-4 0 
32 0 0.002080144 0.002080144 0.002080144 0.002080144 0.002080144 0.002080144 0.002080144 0.002080144 0.002080144 0.002080144 0 0.0039248 
33 0 0 0 0 0 0 0 0 0 0 0 0.08320576 0 
;
param x_bar : 0 1 2 3 4 5 6 7 8 9 10 11 12 13 14 15  := 
0 0 0 0 0 0 0 0 0 0 0 0 0 0 0 0 0 
1 1 0 0 0 0 0 0 0 0 0 0 0 0 0 0 0 
2 1 0 0 0 0 0 0 0 0 0 0 0 0 0 0 0 
3 1 0 0 0 0 0 0 0 0 0 0 0 0 0 0 0 
4 1 0 0 0 0 0 0 0 0 0 0 0 0 0 0 0 
5 0 0 1 0 0 0 0 0 0 0 0 0 0 0 0 0 
6 0 0 1 0 0 0 0 0 0 0 0 0 0 0 0 0 
7 0 0 1 0 0 0 0 0 0 0 0 0 0 0 0 0 
8 1 0 0 0 0 0 0 0 0 0 0 0 0 0 0 0 
9 1 0 0 0 0 0 0 0 0 0 0 0 0 0 0 0 
10 0 1 0 0 0 0 0 0 0 0 0 0 0 0 0 0 
11 0 0 1 0 0 0 0 0 0 0 0 0 0 0 0 0 
12 0 0 1 0 0 0 0 0 0 0 0 0 0 0 0 0 
13 0 0 0 1 0 0 0 0 0 0 0 0 0 0 0 0 
14 0 0 0 1 0 0 0 0 0 0 0 0 0 0 0 0 
15 0 0 1 0 0 0 0 0 0 0 0 0 0 0 0 0 
16 0 0 0 1 0 0 0 0 0 0 0 0 0 0 0 0 
;
