data;
set C_bar :=  ;
set C :=  1 2 3 4 5 6 7 8 9 10 11 12 13 14 15 16 17 18 19 20 21 22 23 24 25 26 27 28 29 ;
set R := 0 1 2 ;
set C_r[0] :=  
1 2 3 4 5 6 7 8 9 10 11 ;
set C_r[1] :=  
12 13 14 15 16 17 ;
set C_r[2] :=  
18 19 20 21 22 23 24 25 26 27 28 29 ;
set S :=  0 1 2 3 4 5 6 7 8 9 10 11 12 13 14 15 ;
set S_u :=  0 1 2 3 4 5 6 7 8 9 10 11 12 13 14 15 ;
set Rack :=  0 1 2 3 4 5 6 7 ;
param COST : 0 1 2 3 4 5 6 7 8 9 10 11 12 13 14 15 :=
0 0 1 3 3 5 5 5 5 5 5 5 5 5 5 5 5 
1 1 0 3 3 5 5 5 5 5 5 5 5 5 5 5 5 
2 3 3 0 1 5 5 5 5 5 5 5 5 5 5 5 5 
3 3 3 1 0 5 5 5 5 5 5 5 5 5 5 5 5 
4 5 5 5 5 0 1 3 3 5 5 5 5 5 5 5 5 
5 5 5 5 5 1 0 3 3 5 5 5 5 5 5 5 5 
6 5 5 5 5 3 3 0 1 5 5 5 5 5 5 5 5 
7 5 5 5 5 3 3 1 0 5 5 5 5 5 5 5 5 
8 5 5 5 5 5 5 5 5 0 1 3 3 5 5 5 5 
9 5 5 5 5 5 5 5 5 1 0 3 3 5 5 5 5 
10 5 5 5 5 5 5 5 5 3 3 0 1 5 5 5 5 
11 5 5 5 5 5 5 5 5 3 3 1 0 5 5 5 5 
12 5 5 5 5 5 5 5 5 5 5 5 5 0 1 3 3 
13 5 5 5 5 5 5 5 5 5 5 5 5 1 0 3 3 
14 5 5 5 5 5 5 5 5 5 5 5 5 3 3 0 1 
15 5 5 5 5 5 5 5 5 5 5 5 5 3 3 1 0 
;
set S_rack[0] :=  
0 1 ;
set S_rack[1] :=  
2 3 ;
set S_rack[2] :=  
4 5 ;
set S_rack[3] :=  
6 7 ;
set S_rack[4] :=  
8 9 ;
set S_rack[5] :=  
10 11 ;
set S_rack[6] :=  
12 13 ;
set S_rack[7] :=  
14 15 ;
param CPU := 
0 56.0
1 56.0
2 56.0
3 56.0
4 28.0
5 28.0
6 56.0
7 56.0
8 28.0
9 28.0
10 56.0
11 56.0
12 56.0
13 56.0
14 28.0
15 28.0
;
param MEM := 
0 192.0
1 192.0
2 192.0
3 192.0
4 192.0
5 192.0
6 192.0
7 192.0
8 192.0
9 192.0
10 192.0
11 192.0
12 192.0
13 192.0
14 48.0
15 48.0
;
param DISK := 
0 192.0
1 192.0
2 192.0
3 192.0
4 192.0
5 192.0
6 192.0
7 192.0
8 192.0
9 192.0
10 192.0
11 192.0
12 192.0
13 192.0
14 48.0
15 48.0
;
param BDW_out := 
0 10.0
1 10.0
2 10.0
3 10.0
4 10.0
5 10.0
6 10.0
7 10.0
8 10.0
9 10.0
10 10.0
11 10.0
12 10.0
13 10.0
14 10.0
15 10.0
;
param BDW_in := 
0 10.0
1 10.0
2 10.0
3 10.0
4 10.0
5 10.0
6 10.0
7 10.0
8 10.0
9 10.0
10 10.0
11 10.0
12 10.0
13 10.0
14 10.0
15 10.0
;
param mem := 
1 8.0
2 8.0
3 8.0
4 8.0
5 8.0
6 8.0
7 8.0
8 8.0
9 8.0
10 32.0
11 8.0
12 2.0
13 2.0
14 2.0
15 2.0
16 2.0
17 32.0
18 8.0
19 8.0
20 8.0
21 8.0
22 8.0
23 8.0
24 8.0
25 8.0
26 8.0
27 8.0
28 16.0
29 4.0
;
param disk := 
1 24.0
2 24.0
3 24.0
4 24.0
5 24.0
6 24.0
7 24.0
8 24.0
9 24.0
10 50.0
11 24.0
12 8.0
13 8.0
14 8.0
15 8.0
16 8.0
17 43.2
18 24.0
19 24.0
20 24.0
21 24.0
22 24.0
23 24.0
24 24.0
25 24.0
26 24.0
27 24.0
28 36.0
29 16.0
;
param cpu : 
0 1 2 3 4 5 6 7 8 9 10 11 12 13 14 15 := 
1 2.0 2.0 2.0 2.0 2.0 2.0 2.0 2.0 2.0 2.0 2.0 2.0 2.0 2.0 2.0 2.0 
2 2.0 2.0 2.0 2.0 2.0 2.0 2.0 2.0 2.0 2.0 2.0 2.0 2.0 2.0 2.0 2.0 
3 2.0 2.0 2.0 2.0 2.0 2.0 2.0 2.0 2.0 2.0 2.0 2.0 2.0 2.0 2.0 2.0 
4 2.0 2.0 2.0 2.0 2.0 2.0 2.0 2.0 2.0 2.0 2.0 2.0 2.0 2.0 2.0 2.0 
5 2.0 2.0 2.0 2.0 2.0 2.0 2.0 2.0 2.0 2.0 2.0 2.0 2.0 2.0 2.0 2.0 
6 2.0 2.0 2.0 2.0 2.0 2.0 2.0 2.0 2.0 2.0 2.0 2.0 2.0 2.0 2.0 2.0 
7 2.0 2.0 2.0 2.0 2.0 2.0 2.0 2.0 2.0 2.0 2.0 2.0 2.0 2.0 2.0 2.0 
8 2.0 2.0 2.0 2.0 2.0 2.0 2.0 2.0 2.0 2.0 2.0 2.0 2.0 2.0 2.0 2.0 
9 2.0 2.0 2.0 2.0 2.0 2.0 2.0 2.0 2.0 2.0 2.0 2.0 2.0 2.0 2.0 2.0 
10 8.0 8.0 8.0 8.0 8.0 8.0 8.0 8.0 8.0 8.0 8.0 8.0 8.0 8.0 8.0 8.0 
11 2.0 2.0 2.0 2.0 2.0 2.0 2.0 2.0 2.0 2.0 2.0 2.0 2.0 2.0 2.0 2.0 
12 1.0 1.0 1.0 1.0 1.0 1.0 1.0 1.0 1.0 1.0 1.0 1.0 1.0 1.0 1.0 1.0 
13 1.0 1.0 1.0 1.0 1.0 1.0 1.0 1.0 1.0 1.0 1.0 1.0 1.0 1.0 1.0 1.0 
14 1.0 1.0 1.0 1.0 1.0 1.0 1.0 1.0 1.0 1.0 1.0 1.0 1.0 1.0 1.0 1.0 
15 1.0 1.0 1.0 1.0 1.0 1.0 1.0 1.0 1.0 1.0 1.0 1.0 1.0 1.0 1.0 1.0 
16 1.0 1.0 1.0 1.0 1.0 1.0 1.0 1.0 1.0 1.0 1.0 1.0 1.0 1.0 1.0 1.0 
17 8.0 8.0 8.0 8.0 8.0 8.0 8.0 8.0 8.0 8.0 8.0 8.0 8.0 8.0 8.0 8.0 
18 2.0 2.0 2.0 2.0 2.0 2.0 2.0 2.0 2.0 2.0 2.0 2.0 2.0 2.0 2.0 2.0 
19 2.0 2.0 2.0 2.0 2.0 2.0 2.0 2.0 2.0 2.0 2.0 2.0 2.0 2.0 2.0 2.0 
20 2.0 2.0 2.0 2.0 2.0 2.0 2.0 2.0 2.0 2.0 2.0 2.0 2.0 2.0 2.0 2.0 
21 2.0 2.0 2.0 2.0 2.0 2.0 2.0 2.0 2.0 2.0 2.0 2.0 2.0 2.0 2.0 2.0 
22 2.0 2.0 2.0 2.0 2.0 2.0 2.0 2.0 2.0 2.0 2.0 2.0 2.0 2.0 2.0 2.0 
23 2.0 2.0 2.0 2.0 2.0 2.0 2.0 2.0 2.0 2.0 2.0 2.0 2.0 2.0 2.0 2.0 
24 2.0 2.0 2.0 2.0 2.0 2.0 2.0 2.0 2.0 2.0 2.0 2.0 2.0 2.0 2.0 2.0 
25 2.0 2.0 2.0 2.0 2.0 2.0 2.0 2.0 2.0 2.0 2.0 2.0 2.0 2.0 2.0 2.0 
26 2.0 2.0 2.0 2.0 2.0 2.0 2.0 2.0 2.0 2.0 2.0 2.0 2.0 2.0 2.0 2.0 
27 2.0 2.0 2.0 2.0 2.0 2.0 2.0 2.0 2.0 2.0 2.0 2.0 2.0 2.0 2.0 2.0 
28 4.0 4.0 4.0 4.0 4.0 4.0 4.0 4.0 4.0 4.0 4.0 4.0 4.0 4.0 4.0 4.0 
29 2.0 2.0 2.0 2.0 2.0 2.0 2.0 2.0 2.0 2.0 2.0 2.0 2.0 2.0 2.0 2.0 
;
set c_0 := 0;
param d := 
[0,*,*] : 
0 1 2 3 4 5 6 7 8 9 10 11 := 
0 0 4.2186666666666666E-4 4.2186666666666666E-4 4.2186666666666666E-4 4.2186666666666666E-4 4.2186666666666666E-4 4.2186666666666666E-4 4.2186666666666666E-4 4.2186666666666666E-4 4.2186666666666666E-4 0 0 
1 0.4471786666666666 0 0 0 0 0 0 0 0 0 4.2186666666666666E-4 0 
2 0.4471786666666666 0 0 0 0 0 0 0 0 0 4.2186666666666666E-4 0 
3 0.4471786666666666 0 0 0 0 0 0 0 0 0 4.2186666666666666E-4 0 
4 0.4471786666666666 0 0 0 0 0 0 0 0 0 4.2186666666666666E-4 0 
5 0.4471786666666666 0 0 0 0 0 0 0 0 0 4.2186666666666666E-4 0 
6 0.4471786666666666 0 0 0 0 0 0 0 0 0 4.2186666666666666E-4 0 
7 0.4471786666666666 0 0 0 0 0 0 0 0 0 4.2186666666666666E-4 0 
8 0.4471786666666666 0 0 0 0 0 0 0 0 0 4.2186666666666666E-4 0 
9 0.4471786666666666 0 0 0 0 0 0 0 0 0 4.2186666666666666E-4 0 
10 0 0.0022358933333333332 0.0022358933333333332 0.0022358933333333332 0.0022358933333333332 0.0022358933333333332 0.0022358933333333332 0.0022358933333333332 0.0022358933333333332 0.0022358933333333332 0 0.0037968 
11 0 0 0 0 0 0 0 0 0 0 0.07847985599999999 0 
[1,*,*] : 
0 12 13 14 15 16 17 := 
0 0 8.596E-4 8.596E-4 8.596E-4 8.596E-4 0 0 
12 0.911176 0 0 0 0 8.596E-4 0 
13 0.911176 0 0 0 0 8.596E-4 0 
14 0.911176 0 0 0 0 8.596E-4 0 
15 0.911176 0 0 0 0 8.596E-4 0 
16 0 0.00455588 0.00455588 0.00455588 0.00455588 0 0.0034384 
17 0 0 0 0 0 0.12209758400000001 0 
[2,*,*] : 
0 18 19 20 21 22 23 24 25 26 27 28 29 := 
0 0 3.9608000000000004E-4 3.9608000000000004E-4 3.9608000000000004E-4 3.9608000000000004E-4 3.9608000000000004E-4 3.9608000000000004E-4 3.9608000000000004E-4 3.9608000000000004E-4 3.9608000000000004E-4 3.9608000000000004E-4 0 0 
18 0.4198448000000001 0 0 0 0 0 0 0 0 0 0 3.9608000000000004E-4 0 
19 0.4198448000000001 0 0 0 0 0 0 0 0 0 0 3.9608000000000004E-4 0 
20 0.4198448000000001 0 0 0 0 0 0 0 0 0 0 3.9608000000000004E-4 0 
21 0.4198448000000001 0 0 0 0 0 0 0 0 0 0 3.9608000000000004E-4 0 
22 0.4198448000000001 0 0 0 0 0 0 0 0 0 0 3.9608000000000004E-4 0 
23 0.4198448000000001 0 0 0 0 0 0 0 0 0 0 3.9608000000000004E-4 0 
24 0.4198448000000001 0 0 0 0 0 0 0 0 0 0 3.9608000000000004E-4 0 
25 0.4198448000000001 0 0 0 0 0 0 0 0 0 0 3.9608000000000004E-4 0 
26 0.4198448000000001 0 0 0 0 0 0 0 0 0 0 3.9608000000000004E-4 0 
27 0.4198448000000001 0 0 0 0 0 0 0 0 0 0 3.9608000000000004E-4 0 
28 0 0.0020992240000000007 0.0020992240000000007 0.0020992240000000007 0.0020992240000000007 0.0020992240000000007 0.0020992240000000007 0.0020992240000000007 0.0020992240000000007 0.0020992240000000007 0.0020992240000000007 0 0.0039608 
29 0 0 0 0 0 0 0 0 0 0 0 0.044083704000000015 0 
;
param x_bar : 0 1 2 3 4 5 6 7 8 9 10 11 12 13 14 15  := 
0 0 0 0 0 0 0 0 0 0 0 0 0 0 0 0 0 
;
