data;
set C_bar :=  ;
set C :=  1 2 3 4 5 6 11 12 13 14 15 16 7 8 9 10 17 18 19 20 ;
set R := 0 1 2 ;
set C_r[0] :=  
1 2 3 ;
set C_r[1] :=  
4 5 6 11 12 13 14 15 16 ;
set C_r[2] :=  
7 8 9 10 17 18 19 20 ;
set S :=  0 1 2 3 4 5 6 7 8 9 10 11 12 13 14 15 ;
set S_u :=  0 1 2 3 4 5 6 7 8 9 10 11 12 13 14 15 ;
set Rack :=  0 1 2 3 4 5 6 7 ;
param COST : 0 1 2 3 4 5 6 7 8 9 10 11 12 13 14 15 :=
0 0 1 3 3 5 5 5 5 5 5 5 5 5 5 5 5 
1 1 0 3 3 5 5 5 5 5 5 5 5 5 5 5 5 
2 3 3 0 1 5 5 5 5 5 5 5 5 5 5 5 5 
3 3 3 1 0 5 5 5 5 5 5 5 5 5 5 5 5 
4 5 5 5 5 0 1 3 3 5 5 5 5 5 5 5 5 
5 5 5 5 5 1 0 3 3 5 5 5 5 5 5 5 5 
6 5 5 5 5 3 3 0 1 5 5 5 5 5 5 5 5 
7 5 5 5 5 3 3 1 0 5 5 5 5 5 5 5 5 
8 5 5 5 5 5 5 5 5 0 1 3 3 5 5 5 5 
9 5 5 5 5 5 5 5 5 1 0 3 3 5 5 5 5 
10 5 5 5 5 5 5 5 5 3 3 0 1 5 5 5 5 
11 5 5 5 5 5 5 5 5 3 3 1 0 5 5 5 5 
12 5 5 5 5 5 5 5 5 5 5 5 5 0 1 3 3 
13 5 5 5 5 5 5 5 5 5 5 5 5 1 0 3 3 
14 5 5 5 5 5 5 5 5 5 5 5 5 3 3 0 1 
15 5 5 5 5 5 5 5 5 5 5 5 5 3 3 1 0 
;
set S_rack[0] :=  
0 1 ;
set S_rack[1] :=  
2 3 ;
set S_rack[2] :=  
4 5 ;
set S_rack[3] :=  
6 7 ;
set S_rack[4] :=  
8 9 ;
set S_rack[5] :=  
10 11 ;
set S_rack[6] :=  
12 13 ;
set S_rack[7] :=  
14 15 ;
param CPU := 
0 28.0
1 28.0
2 28.0
3 28.0
4 28.0
5 28.0
6 44.0
7 44.0
8 56.0
9 56.0
10 28.0
11 28.0
12 56.0
13 56.0
14 28.0
15 28.0
;
param MEM := 
0 96.0
1 96.0
2 192.0
3 192.0
4 96.0
5 96.0
6 128.0
7 128.0
8 192.0
9 192.0
10 48.0
11 48.0
12 192.0
13 192.0
14 192.0
15 192.0
;
param DISK := 
0 96.0
1 96.0
2 192.0
3 192.0
4 96.0
5 96.0
6 128.0
7 128.0
8 192.0
9 192.0
10 48.0
11 48.0
12 192.0
13 192.0
14 192.0
15 192.0
;
param BDW_out := 
0 10.0
1 10.0
2 10.0
3 10.0
4 10.0
5 10.0
6 10.0
7 10.0
8 10.0
9 10.0
10 10.0
11 10.0
12 10.0
13 10.0
14 10.0
15 10.0
;
param BDW_in := 
0 10.0
1 10.0
2 10.0
3 10.0
4 10.0
5 10.0
6 10.0
7 10.0
8 10.0
9 10.0
10 10.0
11 10.0
12 10.0
13 10.0
14 10.0
15 10.0
;
param mem := 
1 32.0
2 8.0
3 4.0
4 4.0
5 1.0
6 8.0
11 1.0
12 1.0
13 4.0
14 8.0
15 1.0
16 8.0
7 32.0
8 32.0
9 8.0
10 4.0
17 32.0
18 32.0
19 32.0
20 4.0
;
param disk := 
1 43.2
2 24.0
3 16.0
4 16.0
5 4.0
6 24.0
11 4.0
12 4.0
13 16.0
14 24.0
15 4.0
16 24.0
7 43.2
8 43.2
9 24.0
10 16.0
17 43.2
18 43.2
19 43.2
20 16.0
;
param cpu : 
0 1 2 3 4 5 6 7 8 9 10 11 12 13 14 15 := 
1 9.523809523809524 9.523809523809524 8.0 8.0 9.523809523809524 9.523809523809524 9.090909090909092 9.090909090909092 8.0 8.0 8.0 8.0 8.0 8.0 8.0 8.0 
2 2.380952380952381 2.380952380952381 2.0 2.0 2.380952380952381 2.380952380952381 2.272727272727273 2.272727272727273 2.0 2.0 2.0 2.0 2.0 2.0 2.0 2.0 
3 2.380952380952381 2.380952380952381 2.0 2.0 2.380952380952381 2.380952380952381 2.272727272727273 2.272727272727273 2.0 2.0 2.0 2.0 2.0 2.0 2.0 2.0 
4 2.380952380952381 2.380952380952381 2.0 2.0 2.380952380952381 2.380952380952381 2.272727272727273 2.272727272727273 2.0 2.0 2.0 2.0 2.0 2.0 2.0 2.0 
5 1.1904761904761905 1.1904761904761905 1.0 1.0 1.1904761904761905 1.1904761904761905 1.1363636363636365 1.1363636363636365 1.0 1.0 1.0 1.0 1.0 1.0 1.0 1.0 
6 2.380952380952381 2.380952380952381 2.0 2.0 2.380952380952381 2.380952380952381 2.272727272727273 2.272727272727273 2.0 2.0 2.0 2.0 2.0 2.0 2.0 2.0 
11 1.1904761904761905 1.1904761904761905 1.0 1.0 1.1904761904761905 1.1904761904761905 1.1363636363636365 1.1363636363636365 1.0 1.0 1.0 1.0 1.0 1.0 1.0 1.0 
12 1.1904761904761905 1.1904761904761905 1.0 1.0 1.1904761904761905 1.1904761904761905 1.1363636363636365 1.1363636363636365 1.0 1.0 1.0 1.0 1.0 1.0 1.0 1.0 
13 2.380952380952381 2.380952380952381 2.0 2.0 2.380952380952381 2.380952380952381 2.272727272727273 2.272727272727273 2.0 2.0 2.0 2.0 2.0 2.0 2.0 2.0 
14 2.380952380952381 2.380952380952381 2.0 2.0 2.380952380952381 2.380952380952381 2.272727272727273 2.272727272727273 2.0 2.0 2.0 2.0 2.0 2.0 2.0 2.0 
15 1.1904761904761905 1.1904761904761905 1.0 1.0 1.1904761904761905 1.1904761904761905 1.1363636363636365 1.1363636363636365 1.0 1.0 1.0 1.0 1.0 1.0 1.0 1.0 
16 2.380952380952381 2.380952380952381 2.0 2.0 2.380952380952381 2.380952380952381 2.272727272727273 2.272727272727273 2.0 2.0 2.0 2.0 2.0 2.0 2.0 2.0 
7 9.523809523809524 9.523809523809524 8.0 8.0 9.523809523809524 9.523809523809524 9.090909090909092 9.090909090909092 8.0 8.0 8.0 8.0 8.0 8.0 8.0 8.0 
8 9.523809523809524 9.523809523809524 8.0 8.0 9.523809523809524 9.523809523809524 9.090909090909092 9.090909090909092 8.0 8.0 8.0 8.0 8.0 8.0 8.0 8.0 
9 2.380952380952381 2.380952380952381 2.0 2.0 2.380952380952381 2.380952380952381 2.272727272727273 2.272727272727273 2.0 2.0 2.0 2.0 2.0 2.0 2.0 2.0 
10 2.380952380952381 2.380952380952381 2.0 2.0 2.380952380952381 2.380952380952381 2.272727272727273 2.272727272727273 2.0 2.0 2.0 2.0 2.0 2.0 2.0 2.0 
17 9.523809523809524 9.523809523809524 8.0 8.0 9.523809523809524 9.523809523809524 9.090909090909092 9.090909090909092 8.0 8.0 8.0 8.0 8.0 8.0 8.0 8.0 
18 9.523809523809524 9.523809523809524 8.0 8.0 9.523809523809524 9.523809523809524 9.090909090909092 9.090909090909092 8.0 8.0 8.0 8.0 8.0 8.0 8.0 8.0 
19 9.523809523809524 9.523809523809524 8.0 8.0 9.523809523809524 9.523809523809524 9.090909090909092 9.090909090909092 8.0 8.0 8.0 8.0 8.0 8.0 8.0 8.0 
20 2.380952380952381 2.380952380952381 2.0 2.0 2.380952380952381 2.380952380952381 2.272727272727273 2.272727272727273 2.0 2.0 2.0 2.0 2.0 2.0 2.0 2.0 
;
set c_0 := 0;
param d := 
[0,*,*] : 
0 1 2 3 := 
0 0 0.002176 0 0 
1 2.30656 0 0.002176 0 
2 0 0.011532800000000001 0 0.002176 
3 0 0 0.09572224000000001 0 
[1,*,*] : 
0 4 5 6 11 12 13 14 15 16 := 
0 0 5.864E-4 0 0 0 0 5.864E-4 0 0 0 
4 0.621584 0 1.466E-4 0 1.466E-4 1.466E-4 0 0 1.466E-4 0 
5 0 7.7698E-4 0 9.773333333333334E-5 0 0 7.7698E-4 9.773333333333334E-5 0 9.773333333333334E-5 
6 0 0 2.071946666666667E-4 0 2.071946666666667E-4 2.071946666666667E-4 0 0 2.071946666666667E-4 0 
11 0 7.7698E-4 0 9.773333333333334E-5 0 0 7.7698E-4 9.773333333333334E-5 0 9.773333333333334E-5 
12 0 7.7698E-4 0 9.773333333333334E-5 0 0 7.7698E-4 9.773333333333334E-5 0 9.773333333333334E-5 
13 0.621584 0 1.466E-4 0 1.466E-4 1.466E-4 0 0 1.466E-4 0 
14 0 0 2.071946666666667E-4 0 2.071946666666667E-4 2.071946666666667E-4 0 0 2.071946666666667E-4 0 
15 0 7.7698E-4 0 9.773333333333334E-5 0 0 7.7698E-4 9.773333333333334E-5 0 9.773333333333334E-5 
16 0 0 2.071946666666667E-4 0 2.071946666666667E-4 2.071946666666667E-4 0 0 2.071946666666667E-4 0 
[2,*,*] : 
0 7 8 9 10 17 18 19 20 := 
0 0 7.2544E-4 7.2544E-4 0 0 7.2544E-4 7.2544E-4 7.2544E-4 0 
7 0.7689664 0 0 7.2544E-4 0 0 0 0 0 
8 0.7689664 0 0 7.2544E-4 0 0 0 0 0 
9 0 0.0038448320000000003 0.0038448320000000003 0 0.0018136 0.0038448320000000003 0.0038448320000000003 0.0038448320000000003 0.0018136 
10 0 0 0 0.036525904 0 0 0 0 0 
17 0.7689664 0 0 7.2544E-4 0 0 0 0 0 
18 0.7689664 0 0 7.2544E-4 0 0 0 0 0 
19 0.7689664 0 0 7.2544E-4 0 0 0 0 0 
20 0 0 0 0.036525904 0 0 0 0 0 
;
param x_bar : 0 1 2 3 4 5 6 7 8 9 10 11 12 13 14 15  := 
0 0 0 0 0 0 0 0 0 0 0 0 0 0 0 0 0 
;
