data;
set C_bar :=  ;
set C :=  1 2 3 4 5 16 17 18 6 7 8 9 10 11 12 13 14 15 19 20 ;
set R := 0 1 2 ;
set C_r[0] :=  
1 2 3 4 5 16 17 18 ;
set C_r[1] :=  
6 7 8 9 10 ;
set C_r[2] :=  
11 12 13 14 15 19 20 ;
set S :=  0 1 2 3 4 5 6 7 8 9 10 11 12 13 14 15 ;
set S_u :=  0 1 2 3 4 5 6 7 8 9 10 11 12 13 14 15 ;
set Rack :=  0 1 2 3 4 5 6 7 ;
param COST : 0 1 2 3 4 5 6 7 8 9 10 11 12 13 14 15 :=
0 0 1 3 3 5 5 5 5 5 5 5 5 5 5 5 5 
1 1 0 3 3 5 5 5 5 5 5 5 5 5 5 5 5 
2 3 3 0 1 5 5 5 5 5 5 5 5 5 5 5 5 
3 3 3 1 0 5 5 5 5 5 5 5 5 5 5 5 5 
4 5 5 5 5 0 1 3 3 5 5 5 5 5 5 5 5 
5 5 5 5 5 1 0 3 3 5 5 5 5 5 5 5 5 
6 5 5 5 5 3 3 0 1 5 5 5 5 5 5 5 5 
7 5 5 5 5 3 3 1 0 5 5 5 5 5 5 5 5 
8 5 5 5 5 5 5 5 5 0 1 3 3 5 5 5 5 
9 5 5 5 5 5 5 5 5 1 0 3 3 5 5 5 5 
10 5 5 5 5 5 5 5 5 3 3 0 1 5 5 5 5 
11 5 5 5 5 5 5 5 5 3 3 1 0 5 5 5 5 
12 5 5 5 5 5 5 5 5 5 5 5 5 0 1 3 3 
13 5 5 5 5 5 5 5 5 5 5 5 5 1 0 3 3 
14 5 5 5 5 5 5 5 5 5 5 5 5 3 3 0 1 
15 5 5 5 5 5 5 5 5 5 5 5 5 3 3 1 0 
;
set S_rack[0] :=  
0 1 ;
set S_rack[1] :=  
2 3 ;
set S_rack[2] :=  
4 5 ;
set S_rack[3] :=  
6 7 ;
set S_rack[4] :=  
8 9 ;
set S_rack[5] :=  
10 11 ;
set S_rack[6] :=  
12 13 ;
set S_rack[7] :=  
14 15 ;
param CPU := 
0 28.0
1 28.0
2 56.0
3 56.0
4 56.0
5 56.0
6 28.0
7 28.0
8 28.0
9 28.0
10 28.0
11 28.0
12 28.0
13 28.0
14 28.0
15 28.0
;
param MEM := 
0 192.0
1 192.0
2 192.0
3 192.0
4 192.0
5 192.0
6 48.0
7 48.0
8 192.0
9 192.0
10 192.0
11 192.0
12 96.0
13 96.0
14 96.0
15 96.0
;
param DISK := 
0 192.0
1 192.0
2 192.0
3 192.0
4 192.0
5 192.0
6 48.0
7 48.0
8 192.0
9 192.0
10 192.0
11 192.0
12 96.0
13 96.0
14 96.0
15 96.0
;
param BDW_out := 
0 10.0
1 10.0
2 10.0
3 10.0
4 10.0
5 10.0
6 10.0
7 10.0
8 10.0
9 10.0
10 10.0
11 10.0
12 10.0
13 10.0
14 10.0
15 10.0
;
param BDW_in := 
0 10.0
1 10.0
2 10.0
3 10.0
4 10.0
5 10.0
6 10.0
7 10.0
8 10.0
9 10.0
10 10.0
11 10.0
12 10.0
13 10.0
14 10.0
15 10.0
;
param mem := 
1 16.0
2 16.0
3 16.0
4 4.0
5 4.0
16 4.0
17 4.0
18 16.0
6 16.0
7 16.0
8 16.0
9 1.0
10 32.0
11 32.0
12 32.0
13 32.0
14 32.0
15 32.0
19 32.0
20 32.0
;
param disk := 
1 36.0
2 36.0
3 36.0
4 16.0
5 16.0
16 16.0
17 16.0
18 36.0
6 36.0
7 36.0
8 36.0
9 4.0
10 50.0
11 50.0
12 50.0
13 50.0
14 50.0
15 50.0
19 50.0
20 50.0
;
param cpu : 
0 1 2 3 4 5 6 7 8 9 10 11 12 13 14 15 := 
1 4.0 4.0 4.0 4.0 4.0 4.0 4.0 4.0 4.0 4.0 4.0 4.0 4.761904761904762 4.761904761904762 4.761904761904762 4.761904761904762 
2 4.0 4.0 4.0 4.0 4.0 4.0 4.0 4.0 4.0 4.0 4.0 4.0 4.761904761904762 4.761904761904762 4.761904761904762 4.761904761904762 
3 4.0 4.0 4.0 4.0 4.0 4.0 4.0 4.0 4.0 4.0 4.0 4.0 4.761904761904762 4.761904761904762 4.761904761904762 4.761904761904762 
4 2.0 2.0 2.0 2.0 2.0 2.0 2.0 2.0 2.0 2.0 2.0 2.0 2.380952380952381 2.380952380952381 2.380952380952381 2.380952380952381 
5 2.0 2.0 2.0 2.0 2.0 2.0 2.0 2.0 2.0 2.0 2.0 2.0 2.380952380952381 2.380952380952381 2.380952380952381 2.380952380952381 
16 2.0 2.0 2.0 2.0 2.0 2.0 2.0 2.0 2.0 2.0 2.0 2.0 2.380952380952381 2.380952380952381 2.380952380952381 2.380952380952381 
17 2.0 2.0 2.0 2.0 2.0 2.0 2.0 2.0 2.0 2.0 2.0 2.0 2.380952380952381 2.380952380952381 2.380952380952381 2.380952380952381 
18 4.0 4.0 4.0 4.0 4.0 4.0 4.0 4.0 4.0 4.0 4.0 4.0 4.761904761904762 4.761904761904762 4.761904761904762 4.761904761904762 
6 4.0 4.0 4.0 4.0 4.0 4.0 4.0 4.0 4.0 4.0 4.0 4.0 4.761904761904762 4.761904761904762 4.761904761904762 4.761904761904762 
7 4.0 4.0 4.0 4.0 4.0 4.0 4.0 4.0 4.0 4.0 4.0 4.0 4.761904761904762 4.761904761904762 4.761904761904762 4.761904761904762 
8 4.0 4.0 4.0 4.0 4.0 4.0 4.0 4.0 4.0 4.0 4.0 4.0 4.761904761904762 4.761904761904762 4.761904761904762 4.761904761904762 
9 1.0 1.0 1.0 1.0 1.0 1.0 1.0 1.0 1.0 1.0 1.0 1.0 1.1904761904761905 1.1904761904761905 1.1904761904761905 1.1904761904761905 
10 8.0 8.0 8.0 8.0 8.0 8.0 8.0 8.0 8.0 8.0 8.0 8.0 9.523809523809524 9.523809523809524 9.523809523809524 9.523809523809524 
11 8.0 8.0 8.0 8.0 8.0 8.0 8.0 8.0 8.0 8.0 8.0 8.0 9.523809523809524 9.523809523809524 9.523809523809524 9.523809523809524 
12 8.0 8.0 8.0 8.0 8.0 8.0 8.0 8.0 8.0 8.0 8.0 8.0 9.523809523809524 9.523809523809524 9.523809523809524 9.523809523809524 
13 8.0 8.0 8.0 8.0 8.0 8.0 8.0 8.0 8.0 8.0 8.0 8.0 9.523809523809524 9.523809523809524 9.523809523809524 9.523809523809524 
14 8.0 8.0 8.0 8.0 8.0 8.0 8.0 8.0 8.0 8.0 8.0 8.0 9.523809523809524 9.523809523809524 9.523809523809524 9.523809523809524 
15 8.0 8.0 8.0 8.0 8.0 8.0 8.0 8.0 8.0 8.0 8.0 8.0 9.523809523809524 9.523809523809524 9.523809523809524 9.523809523809524 
19 8.0 8.0 8.0 8.0 8.0 8.0 8.0 8.0 8.0 8.0 8.0 8.0 9.523809523809524 9.523809523809524 9.523809523809524 9.523809523809524 
20 8.0 8.0 8.0 8.0 8.0 8.0 8.0 8.0 8.0 8.0 8.0 8.0 9.523809523809524 9.523809523809524 9.523809523809524 9.523809523809524 
;
set c_0 := 0;
param d := 
[0,*,*] : 
0 1 2 3 4 5 16 17 18 := 
0 0 3.648E-4 3.648E-4 3.648E-4 0 0 0 0 3.648E-4 
1 0.386688 0 0 0 1.824E-4 0 1.824E-4 0 0 
2 0.386688 0 0 0 1.824E-4 0 1.824E-4 0 0 
3 0.386688 0 0 0 1.824E-4 0 1.824E-4 0 0 
4 0 9.6672E-4 9.6672E-4 9.6672E-4 0 3.648E-4 0 3.648E-4 9.6672E-4 
5 0 0 0 0 0.017207616000000002 0 0.017207616000000002 0 0 
16 0 9.6672E-4 9.6672E-4 9.6672E-4 0 3.648E-4 0 3.648E-4 9.6672E-4 
17 0 0 0 0 0.017207616000000002 0 0.017207616000000002 0 0 
18 0.386688 0 0 0 1.824E-4 0 1.824E-4 0 0 
[1,*,*] : 
0 6 7 8 9 10 := 
0 0 4.904E-4 4.904E-4 4.904E-4 0 0 
6 0.519824 0 0 0 4.904E-4 0 
7 0.519824 0 0 0 4.904E-4 0 
8 0.519824 0 0 0 4.904E-4 0 
9 0 0.00259912 0.00259912 0.00259912 0 0.0014712 
10 0 0 0 0 0.018713663999999998 0 
[2,*,*] : 
0 11 12 13 14 15 19 20 := 
0 0 5.852E-4 5.852E-4 5.852E-4 0 0 0 5.852E-4 
11 0.620312 0 0 0 2.926E-4 0 2.926E-4 0 
12 0.620312 0 0 0 2.926E-4 0 2.926E-4 0 
13 0.620312 0 0 0 2.926E-4 0 2.926E-4 0 
14 0 0.0015507799999999999 0.0015507799999999999 0.0015507799999999999 0 0.0011704 0 0.0015507799999999999 
15 0 0 0 0 0.058309328 0 0.058309328 0 
19 0 0.0015507799999999999 0.0015507799999999999 0.0015507799999999999 0 0.0011704 0 0.0015507799999999999 
20 0.620312 0 0 0 2.926E-4 0 2.926E-4 0 
;
param x_bar : 0 1 2 3 4 5 6 7 8 9 10 11 12 13 14 15  := 
0 0 0 0 0 0 0 0 0 0 0 0 0 0 0 0 0 
;
