data;
set C_bar :=  ;
set C :=  1 2 3 4 5 6 7 8 20 9 10 11 12 13 14 15 16 17 18 19 ;
set R := 0 1 2 ;
set C_r[0] :=  
1 2 3 4 5 6 7 8 20 ;
set C_r[1] :=  
9 10 11 12 13 14 ;
set C_r[2] :=  
15 16 17 18 19 ;
set S :=  0 1 2 3 4 5 6 7 8 9 10 11 12 13 14 15 ;
set S_u :=  0 1 2 3 4 5 6 7 8 9 10 11 12 13 14 15 ;
set Rack :=  0 1 2 3 4 5 6 7 ;
param COST : 0 1 2 3 4 5 6 7 8 9 10 11 12 13 14 15 :=
0 0 1 3 3 5 5 5 5 5 5 5 5 5 5 5 5 
1 1 0 3 3 5 5 5 5 5 5 5 5 5 5 5 5 
2 3 3 0 1 5 5 5 5 5 5 5 5 5 5 5 5 
3 3 3 1 0 5 5 5 5 5 5 5 5 5 5 5 5 
4 5 5 5 5 0 1 3 3 5 5 5 5 5 5 5 5 
5 5 5 5 5 1 0 3 3 5 5 5 5 5 5 5 5 
6 5 5 5 5 3 3 0 1 5 5 5 5 5 5 5 5 
7 5 5 5 5 3 3 1 0 5 5 5 5 5 5 5 5 
8 5 5 5 5 5 5 5 5 0 1 3 3 5 5 5 5 
9 5 5 5 5 5 5 5 5 1 0 3 3 5 5 5 5 
10 5 5 5 5 5 5 5 5 3 3 0 1 5 5 5 5 
11 5 5 5 5 5 5 5 5 3 3 1 0 5 5 5 5 
12 5 5 5 5 5 5 5 5 5 5 5 5 0 1 3 3 
13 5 5 5 5 5 5 5 5 5 5 5 5 1 0 3 3 
14 5 5 5 5 5 5 5 5 5 5 5 5 3 3 0 1 
15 5 5 5 5 5 5 5 5 5 5 5 5 3 3 1 0 
;
set S_rack[0] :=  
0 1 ;
set S_rack[1] :=  
2 3 ;
set S_rack[2] :=  
4 5 ;
set S_rack[3] :=  
6 7 ;
set S_rack[4] :=  
8 9 ;
set S_rack[5] :=  
10 11 ;
set S_rack[6] :=  
12 13 ;
set S_rack[7] :=  
14 15 ;
param CPU := 
0 28.0
1 28.0
2 56.0
3 56.0
4 56.0
5 56.0
6 28.0
7 28.0
8 28.0
9 28.0
10 28.0
11 28.0
12 44.0
13 44.0
14 44.0
15 44.0
;
param MEM := 
0 192.0
1 192.0
2 192.0
3 192.0
4 192.0
5 192.0
6 96.0
7 96.0
8 96.0
9 96.0
10 96.0
11 96.0
12 128.0
13 128.0
14 128.0
15 128.0
;
param DISK := 
0 192.0
1 192.0
2 192.0
3 192.0
4 192.0
5 192.0
6 96.0
7 96.0
8 96.0
9 96.0
10 96.0
11 96.0
12 128.0
13 128.0
14 128.0
15 128.0
;
param BDW_out := 
0 10.0
1 10.0
2 10.0
3 10.0
4 10.0
5 10.0
6 10.0
7 10.0
8 10.0
9 10.0
10 10.0
11 10.0
12 10.0
13 10.0
14 10.0
15 10.0
;
param BDW_in := 
0 10.0
1 10.0
2 10.0
3 10.0
4 10.0
5 10.0
6 10.0
7 10.0
8 10.0
9 10.0
10 10.0
11 10.0
12 10.0
13 10.0
14 10.0
15 10.0
;
param mem := 
1 16.0
2 16.0
3 16.0
4 16.0
5 16.0
6 16.0
7 16.0
8 32.0
20 16.0
9 16.0
10 16.0
11 16.0
12 16.0
13 32.0
14 2.0
15 2.0
16 2.0
17 2.0
18 32.0
19 8.0
;
param disk := 
1 36.0
2 36.0
3 36.0
4 36.0
5 36.0
6 36.0
7 36.0
8 43.2
20 36.0
9 36.0
10 36.0
11 36.0
12 36.0
13 43.2
14 8.0
15 8.0
16 8.0
17 8.0
18 50.0
19 24.0
;
param cpu : 
0 1 2 3 4 5 6 7 8 9 10 11 12 13 14 15 := 
1 4.0 4.0 4.0 4.0 4.0 4.0 4.761904761904762 4.761904761904762 4.761904761904762 4.761904761904762 4.761904761904762 4.761904761904762 4.545454545454546 4.545454545454546 4.545454545454546 4.545454545454546 
2 4.0 4.0 4.0 4.0 4.0 4.0 4.761904761904762 4.761904761904762 4.761904761904762 4.761904761904762 4.761904761904762 4.761904761904762 4.545454545454546 4.545454545454546 4.545454545454546 4.545454545454546 
3 4.0 4.0 4.0 4.0 4.0 4.0 4.761904761904762 4.761904761904762 4.761904761904762 4.761904761904762 4.761904761904762 4.761904761904762 4.545454545454546 4.545454545454546 4.545454545454546 4.545454545454546 
4 4.0 4.0 4.0 4.0 4.0 4.0 4.761904761904762 4.761904761904762 4.761904761904762 4.761904761904762 4.761904761904762 4.761904761904762 4.545454545454546 4.545454545454546 4.545454545454546 4.545454545454546 
5 4.0 4.0 4.0 4.0 4.0 4.0 4.761904761904762 4.761904761904762 4.761904761904762 4.761904761904762 4.761904761904762 4.761904761904762 4.545454545454546 4.545454545454546 4.545454545454546 4.545454545454546 
6 4.0 4.0 4.0 4.0 4.0 4.0 4.761904761904762 4.761904761904762 4.761904761904762 4.761904761904762 4.761904761904762 4.761904761904762 4.545454545454546 4.545454545454546 4.545454545454546 4.545454545454546 
7 4.0 4.0 4.0 4.0 4.0 4.0 4.761904761904762 4.761904761904762 4.761904761904762 4.761904761904762 4.761904761904762 4.761904761904762 4.545454545454546 4.545454545454546 4.545454545454546 4.545454545454546 
8 8.0 8.0 8.0 8.0 8.0 8.0 9.523809523809524 9.523809523809524 9.523809523809524 9.523809523809524 9.523809523809524 9.523809523809524 9.090909090909092 9.090909090909092 9.090909090909092 9.090909090909092 
20 4.0 4.0 4.0 4.0 4.0 4.0 4.761904761904762 4.761904761904762 4.761904761904762 4.761904761904762 4.761904761904762 4.761904761904762 4.545454545454546 4.545454545454546 4.545454545454546 4.545454545454546 
9 4.0 4.0 4.0 4.0 4.0 4.0 4.761904761904762 4.761904761904762 4.761904761904762 4.761904761904762 4.761904761904762 4.761904761904762 4.545454545454546 4.545454545454546 4.545454545454546 4.545454545454546 
10 4.0 4.0 4.0 4.0 4.0 4.0 4.761904761904762 4.761904761904762 4.761904761904762 4.761904761904762 4.761904761904762 4.761904761904762 4.545454545454546 4.545454545454546 4.545454545454546 4.545454545454546 
11 4.0 4.0 4.0 4.0 4.0 4.0 4.761904761904762 4.761904761904762 4.761904761904762 4.761904761904762 4.761904761904762 4.761904761904762 4.545454545454546 4.545454545454546 4.545454545454546 4.545454545454546 
12 4.0 4.0 4.0 4.0 4.0 4.0 4.761904761904762 4.761904761904762 4.761904761904762 4.761904761904762 4.761904761904762 4.761904761904762 4.545454545454546 4.545454545454546 4.545454545454546 4.545454545454546 
13 8.0 8.0 8.0 8.0 8.0 8.0 9.523809523809524 9.523809523809524 9.523809523809524 9.523809523809524 9.523809523809524 9.523809523809524 9.090909090909092 9.090909090909092 9.090909090909092 9.090909090909092 
14 1.0 1.0 1.0 1.0 1.0 1.0 1.1904761904761905 1.1904761904761905 1.1904761904761905 1.1904761904761905 1.1904761904761905 1.1904761904761905 1.1363636363636365 1.1363636363636365 1.1363636363636365 1.1363636363636365 
15 1.0 1.0 1.0 1.0 1.0 1.0 1.1904761904761905 1.1904761904761905 1.1904761904761905 1.1904761904761905 1.1904761904761905 1.1904761904761905 1.1363636363636365 1.1363636363636365 1.1363636363636365 1.1363636363636365 
16 1.0 1.0 1.0 1.0 1.0 1.0 1.1904761904761905 1.1904761904761905 1.1904761904761905 1.1904761904761905 1.1904761904761905 1.1904761904761905 1.1363636363636365 1.1363636363636365 1.1363636363636365 1.1363636363636365 
17 1.0 1.0 1.0 1.0 1.0 1.0 1.1904761904761905 1.1904761904761905 1.1904761904761905 1.1904761904761905 1.1904761904761905 1.1904761904761905 1.1363636363636365 1.1363636363636365 1.1363636363636365 1.1363636363636365 
18 8.0 8.0 8.0 8.0 8.0 8.0 9.523809523809524 9.523809523809524 9.523809523809524 9.523809523809524 9.523809523809524 9.523809523809524 9.090909090909092 9.090909090909092 9.090909090909092 9.090909090909092 
19 2.0 2.0 2.0 2.0 2.0 2.0 2.380952380952381 2.380952380952381 2.380952380952381 2.380952380952381 2.380952380952381 2.380952380952381 2.272727272727273 2.272727272727273 2.272727272727273 2.272727272727273 
;
set c_0 := 0;
param d := 
[0,*,*] : 
0 1 2 3 4 5 6 7 8 20 := 
0 0 6.324E-4 6.324E-4 6.324E-4 6.324E-4 6.324E-4 6.324E-4 0 0 0 
1 0.6703439999999999 0 0 0 0 0 0 3.162E-4 0 3.162E-4 
2 0.6703439999999999 0 0 0 0 0 0 3.162E-4 0 3.162E-4 
3 0.6703439999999999 0 0 0 0 0 0 3.162E-4 0 3.162E-4 
4 0.6703439999999999 0 0 0 0 0 0 3.162E-4 0 3.162E-4 
5 0.6703439999999999 0 0 0 0 0 0 3.162E-4 0 3.162E-4 
6 0.6703439999999999 0 0 0 0 0 0 3.162E-4 0 3.162E-4 
7 0 0.0016758599999999997 0.0016758599999999997 0.0016758599999999997 0.0016758599999999997 0.0016758599999999997 0.0016758599999999997 0 0.0018972 0 
8 0 0 0 0 0 0 0 0.09049643999999998 0 0.09049643999999998 
20 0 0.0016758599999999997 0.0016758599999999997 0.0016758599999999997 0.0016758599999999997 0.0016758599999999997 0.0016758599999999997 0 0.0018972 0 
[1,*,*] : 
0 9 10 11 12 13 14 := 
0 0 5.802E-4 5.802E-4 5.802E-4 5.802E-4 0 0 
9 0.615012 0 0 0 0 5.802E-4 0 
10 0.615012 0 0 0 0 5.802E-4 0 
11 0.615012 0 0 0 0 5.802E-4 0 
12 0.615012 0 0 0 0 5.802E-4 0 
13 0 0.00307506 0.00307506 0.00307506 0.00307506 0 0.0023208 
14 0 0 0 0 0 0.11685228 0 
[2,*,*] : 
0 15 16 17 18 19 := 
0 0 0.0010298666666666667 0.0010298666666666667 0.0010298666666666667 0 0 
15 1.0916586666666668 0 0 0 0.0010298666666666667 0 
16 1.0916586666666668 0 0 0 0.0010298666666666667 0 
17 1.0916586666666668 0 0 0 0.0010298666666666667 0 
18 0 0.0054582933333333335 0.0054582933333333335 0.0054582933333333335 0 0.0030896 
19 0 0 0 0 0.05239961600000001 0 
;
param x_bar : 0 1 2 3 4 5 6 7 8 9 10 11 12 13 14 15  := 
0 0 0 0 0 0 0 0 0 0 0 0 0 0 0 0 0 
;
