data;
set C_bar :=  ;
set C :=  1 2 3 15 4 5 6 7 8 9 10 11 16 17 18 19 20 12 13 14 ;
set R := 0 1 2 ;
set C_r[0] :=  
1 2 3 15 ;
set C_r[1] :=  
4 5 6 7 8 9 10 11 16 17 18 19 20 ;
set C_r[2] :=  
12 13 14 ;
set S :=  0 1 2 3 4 5 6 7 8 9 10 11 12 13 14 15 ;
set S_u :=  0 1 2 3 4 5 6 7 8 9 10 11 12 13 14 15 ;
set Rack :=  0 1 2 3 4 5 6 7 ;
param COST : 0 1 2 3 4 5 6 7 8 9 10 11 12 13 14 15 :=
0 0 1 3 3 5 5 5 5 5 5 5 5 5 5 5 5 
1 1 0 3 3 5 5 5 5 5 5 5 5 5 5 5 5 
2 3 3 0 1 5 5 5 5 5 5 5 5 5 5 5 5 
3 3 3 1 0 5 5 5 5 5 5 5 5 5 5 5 5 
4 5 5 5 5 0 1 3 3 5 5 5 5 5 5 5 5 
5 5 5 5 5 1 0 3 3 5 5 5 5 5 5 5 5 
6 5 5 5 5 3 3 0 1 5 5 5 5 5 5 5 5 
7 5 5 5 5 3 3 1 0 5 5 5 5 5 5 5 5 
8 5 5 5 5 5 5 5 5 0 1 3 3 5 5 5 5 
9 5 5 5 5 5 5 5 5 1 0 3 3 5 5 5 5 
10 5 5 5 5 5 5 5 5 3 3 0 1 5 5 5 5 
11 5 5 5 5 5 5 5 5 3 3 1 0 5 5 5 5 
12 5 5 5 5 5 5 5 5 5 5 5 5 0 1 3 3 
13 5 5 5 5 5 5 5 5 5 5 5 5 1 0 3 3 
14 5 5 5 5 5 5 5 5 5 5 5 5 3 3 0 1 
15 5 5 5 5 5 5 5 5 5 5 5 5 3 3 1 0 
;
set S_rack[0] :=  
0 1 ;
set S_rack[1] :=  
2 3 ;
set S_rack[2] :=  
4 5 ;
set S_rack[3] :=  
6 7 ;
set S_rack[4] :=  
8 9 ;
set S_rack[5] :=  
10 11 ;
set S_rack[6] :=  
12 13 ;
set S_rack[7] :=  
14 15 ;
param CPU := 
0 28.0
1 28.0
2 28.0
3 28.0
4 56.0
5 56.0
6 56.0
7 56.0
8 28.0
9 28.0
10 28.0
11 28.0
12 56.0
13 56.0
14 56.0
15 56.0
;
param MEM := 
0 48.0
1 48.0
2 192.0
3 192.0
4 192.0
5 192.0
6 192.0
7 192.0
8 48.0
9 48.0
10 192.0
11 192.0
12 192.0
13 192.0
14 192.0
15 192.0
;
param DISK := 
0 48.0
1 48.0
2 192.0
3 192.0
4 192.0
5 192.0
6 192.0
7 192.0
8 48.0
9 48.0
10 192.0
11 192.0
12 192.0
13 192.0
14 192.0
15 192.0
;
param BDW_out := 
0 10.0
1 10.0
2 10.0
3 10.0
4 10.0
5 10.0
6 10.0
7 10.0
8 10.0
9 10.0
10 10.0
11 10.0
12 10.0
13 10.0
14 10.0
15 10.0
;
param BDW_in := 
0 10.0
1 10.0
2 10.0
3 10.0
4 10.0
5 10.0
6 10.0
7 10.0
8 10.0
9 10.0
10 10.0
11 10.0
12 10.0
13 10.0
14 10.0
15 10.0
;
param mem := 
1 32.0
2 32.0
3 2.0
15 32.0
4 1.0
5 1.0
6 1.0
7 1.0
8 1.0
9 1.0
10 32.0
11 16.0
16 16.0
17 32.0
18 16.0
19 32.0
20 16.0
12 32.0
13 4.0
14 16.0
;
param disk := 
1 50.0
2 50.0
3 8.0
15 50.0
4 4.0
5 4.0
6 4.0
7 4.0
8 4.0
9 4.0
10 43.2
11 36.0
16 36.0
17 43.2
18 36.0
19 43.2
20 36.0
12 43.2
13 16.0
14 36.0
;
param cpu : 
0 1 2 3 4 5 6 7 8 9 10 11 12 13 14 15 := 
1 8.0 8.0 8.0 8.0 8.0 8.0 8.0 8.0 8.0 8.0 8.0 8.0 8.0 8.0 8.0 8.0 
2 8.0 8.0 8.0 8.0 8.0 8.0 8.0 8.0 8.0 8.0 8.0 8.0 8.0 8.0 8.0 8.0 
3 1.0 1.0 1.0 1.0 1.0 1.0 1.0 1.0 1.0 1.0 1.0 1.0 1.0 1.0 1.0 1.0 
15 8.0 8.0 8.0 8.0 8.0 8.0 8.0 8.0 8.0 8.0 8.0 8.0 8.0 8.0 8.0 8.0 
4 1.0 1.0 1.0 1.0 1.0 1.0 1.0 1.0 1.0 1.0 1.0 1.0 1.0 1.0 1.0 1.0 
5 1.0 1.0 1.0 1.0 1.0 1.0 1.0 1.0 1.0 1.0 1.0 1.0 1.0 1.0 1.0 1.0 
6 1.0 1.0 1.0 1.0 1.0 1.0 1.0 1.0 1.0 1.0 1.0 1.0 1.0 1.0 1.0 1.0 
7 1.0 1.0 1.0 1.0 1.0 1.0 1.0 1.0 1.0 1.0 1.0 1.0 1.0 1.0 1.0 1.0 
8 1.0 1.0 1.0 1.0 1.0 1.0 1.0 1.0 1.0 1.0 1.0 1.0 1.0 1.0 1.0 1.0 
9 1.0 1.0 1.0 1.0 1.0 1.0 1.0 1.0 1.0 1.0 1.0 1.0 1.0 1.0 1.0 1.0 
10 8.0 8.0 8.0 8.0 8.0 8.0 8.0 8.0 8.0 8.0 8.0 8.0 8.0 8.0 8.0 8.0 
11 4.0 4.0 4.0 4.0 4.0 4.0 4.0 4.0 4.0 4.0 4.0 4.0 4.0 4.0 4.0 4.0 
16 4.0 4.0 4.0 4.0 4.0 4.0 4.0 4.0 4.0 4.0 4.0 4.0 4.0 4.0 4.0 4.0 
17 8.0 8.0 8.0 8.0 8.0 8.0 8.0 8.0 8.0 8.0 8.0 8.0 8.0 8.0 8.0 8.0 
18 4.0 4.0 4.0 4.0 4.0 4.0 4.0 4.0 4.0 4.0 4.0 4.0 4.0 4.0 4.0 4.0 
19 8.0 8.0 8.0 8.0 8.0 8.0 8.0 8.0 8.0 8.0 8.0 8.0 8.0 8.0 8.0 8.0 
20 4.0 4.0 4.0 4.0 4.0 4.0 4.0 4.0 4.0 4.0 4.0 4.0 4.0 4.0 4.0 4.0 
12 8.0 8.0 8.0 8.0 8.0 8.0 8.0 8.0 8.0 8.0 8.0 8.0 8.0 8.0 8.0 8.0 
13 2.0 2.0 2.0 2.0 2.0 2.0 2.0 2.0 2.0 2.0 2.0 2.0 2.0 2.0 2.0 2.0 
14 4.0 4.0 4.0 4.0 4.0 4.0 4.0 4.0 4.0 4.0 4.0 4.0 4.0 4.0 4.0 4.0 
;
set c_0 := 0;
param d := 
[0,*,*] : 
0 1 2 3 15 := 
0 0 9.4E-4 0 0 0 
1 0.9964 0 4.7E-4 0 4.7E-4 
2 0 0.0024909999999999997 0 4.7E-4 0 
3 0 0 0.010711299999999998 0 0.010711299999999998 
15 0 0.0024909999999999997 0 4.7E-4 0 
[1,*,*] : 
0 4 5 6 7 8 9 10 11 16 17 18 19 20 := 
0 0 5.973333333333333E-4 5.973333333333333E-4 5.973333333333333E-4 5.973333333333333E-4 5.973333333333333E-4 5.973333333333333E-4 0 0 0 0 0 0 0 
4 0.6331733333333333 0 0 0 0 0 0 1.991111111111111E-4 0 0 1.991111111111111E-4 0 1.991111111111111E-4 0 
5 0.6331733333333333 0 0 0 0 0 0 1.991111111111111E-4 0 0 1.991111111111111E-4 0 1.991111111111111E-4 0 
6 0.6331733333333333 0 0 0 0 0 0 1.991111111111111E-4 0 0 1.991111111111111E-4 0 1.991111111111111E-4 0 
7 0.6331733333333333 0 0 0 0 0 0 1.991111111111111E-4 0 0 1.991111111111111E-4 0 1.991111111111111E-4 0 
8 0.6331733333333333 0 0 0 0 0 0 1.991111111111111E-4 0 0 1.991111111111111E-4 0 1.991111111111111E-4 0 
9 0.6331733333333333 0 0 0 0 0 0 1.991111111111111E-4 0 0 1.991111111111111E-4 0 1.991111111111111E-4 0 
10 0 0.0010552888888888889 0.0010552888888888889 0.0010552888888888889 0.0010552888888888889 0.0010552888888888889 0.0010552888888888889 0 2.9866666666666664E-4 2.9866666666666664E-4 0 2.9866666666666664E-4 0 2.9866666666666664E-4 
11 0 0 0 0 0 0 0 0.013613226666666665 0 0 0.013613226666666665 0 0.013613226666666665 0 
16 0 0 0 0 0 0 0 0.013613226666666665 0 0 0.013613226666666665 0 0.013613226666666665 0 
17 0 0.0010552888888888889 0.0010552888888888889 0.0010552888888888889 0.0010552888888888889 0.0010552888888888889 0.0010552888888888889 0 2.9866666666666664E-4 2.9866666666666664E-4 0 2.9866666666666664E-4 0 2.9866666666666664E-4 
18 0 0 0 0 0 0 0 0.013613226666666665 0 0 0.013613226666666665 0 0.013613226666666665 0 
19 0 0.0010552888888888889 0.0010552888888888889 0.0010552888888888889 0.0010552888888888889 0.0010552888888888889 0.0010552888888888889 0 2.9866666666666664E-4 2.9866666666666664E-4 0 2.9866666666666664E-4 0 2.9866666666666664E-4 
20 0 0 0 0 0 0 0 0.013613226666666665 0 0 0.013613226666666665 0 0.013613226666666665 0 
[2,*,*] : 
0 12 13 14 := 
0 0 0.0019936 0 0 
12 2.113216 0 0.0019936 0 
13 0 0.01056608 0 0.0019936 
14 0 0 0.019018944 0 
;
param x_bar : 0 1 2 3 4 5 6 7 8 9 10 11 12 13 14 15  := 
0 0 0 0 0 0 0 0 0 0 0 0 0 0 0 0 0 
;
