data;
set C_bar :=  ;
set C :=  1 2 3 4 5 6 7 8 9 10 20 11 12 13 14 15 16 17 18 19 ;
set R := 0 1 2 ;
set C_r[0] :=  
1 2 3 4 ;
set C_r[1] :=  
5 6 7 8 9 10 20 ;
set C_r[2] :=  
11 12 13 14 15 16 17 18 19 ;
set S :=  0 1 2 3 4 5 6 7 8 9 10 11 12 13 14 15 ;
set S_u :=  0 1 2 3 4 5 6 7 8 9 10 11 12 13 14 15 ;
set Rack :=  0 1 2 3 4 5 6 7 ;
param COST : 0 1 2 3 4 5 6 7 8 9 10 11 12 13 14 15 :=
0 0 1 3 3 5 5 5 5 5 5 5 5 5 5 5 5 
1 1 0 3 3 5 5 5 5 5 5 5 5 5 5 5 5 
2 3 3 0 1 5 5 5 5 5 5 5 5 5 5 5 5 
3 3 3 1 0 5 5 5 5 5 5 5 5 5 5 5 5 
4 5 5 5 5 0 1 3 3 5 5 5 5 5 5 5 5 
5 5 5 5 5 1 0 3 3 5 5 5 5 5 5 5 5 
6 5 5 5 5 3 3 0 1 5 5 5 5 5 5 5 5 
7 5 5 5 5 3 3 1 0 5 5 5 5 5 5 5 5 
8 5 5 5 5 5 5 5 5 0 1 3 3 5 5 5 5 
9 5 5 5 5 5 5 5 5 1 0 3 3 5 5 5 5 
10 5 5 5 5 5 5 5 5 3 3 0 1 5 5 5 5 
11 5 5 5 5 5 5 5 5 3 3 1 0 5 5 5 5 
12 5 5 5 5 5 5 5 5 5 5 5 5 0 1 3 3 
13 5 5 5 5 5 5 5 5 5 5 5 5 1 0 3 3 
14 5 5 5 5 5 5 5 5 5 5 5 5 3 3 0 1 
15 5 5 5 5 5 5 5 5 5 5 5 5 3 3 1 0 
;
set S_rack[0] :=  
0 1 ;
set S_rack[1] :=  
2 3 ;
set S_rack[2] :=  
4 5 ;
set S_rack[3] :=  
6 7 ;
set S_rack[4] :=  
8 9 ;
set S_rack[5] :=  
10 11 ;
set S_rack[6] :=  
12 13 ;
set S_rack[7] :=  
14 15 ;
param CPU := 
0 28.0
1 28.0
2 28.0
3 28.0
4 28.0
5 28.0
6 56.0
7 56.0
8 56.0
9 56.0
10 28.0
11 28.0
12 56.0
13 56.0
14 28.0
15 28.0
;
param MEM := 
0 96.0
1 96.0
2 192.0
3 192.0
4 192.0
5 192.0
6 192.0
7 192.0
8 192.0
9 192.0
10 192.0
11 192.0
12 192.0
13 192.0
14 192.0
15 192.0
;
param DISK := 
0 96.0
1 96.0
2 192.0
3 192.0
4 192.0
5 192.0
6 192.0
7 192.0
8 192.0
9 192.0
10 192.0
11 192.0
12 192.0
13 192.0
14 192.0
15 192.0
;
param BDW_out := 
0 10.0
1 10.0
2 10.0
3 10.0
4 10.0
5 10.0
6 10.0
7 10.0
8 10.0
9 10.0
10 10.0
11 10.0
12 10.0
13 10.0
14 10.0
15 10.0
;
param BDW_in := 
0 10.0
1 10.0
2 10.0
3 10.0
4 10.0
5 10.0
6 10.0
7 10.0
8 10.0
9 10.0
10 10.0
11 10.0
12 10.0
13 10.0
14 10.0
15 10.0
;
param mem := 
1 32.0
2 32.0
3 32.0
4 2.0
5 16.0
6 16.0
7 16.0
8 16.0
9 8.0
10 2.0
20 8.0
11 1.0
12 1.0
13 1.0
14 1.0
15 1.0
16 1.0
17 32.0
18 16.0
19 1.0
;
param disk := 
1 50.0
2 50.0
3 50.0
4 8.0
5 36.0
6 36.0
7 36.0
8 36.0
9 24.0
10 8.0
20 24.0
11 4.0
12 4.0
13 4.0
14 4.0
15 4.0
16 4.0
17 50.0
18 36.0
19 4.0
;
param cpu : 
0 1 2 3 4 5 6 7 8 9 10 11 12 13 14 15 := 
1 9.523809523809524 9.523809523809524 8.0 8.0 8.0 8.0 8.0 8.0 8.0 8.0 8.0 8.0 8.0 8.0 8.0 8.0 
2 9.523809523809524 9.523809523809524 8.0 8.0 8.0 8.0 8.0 8.0 8.0 8.0 8.0 8.0 8.0 8.0 8.0 8.0 
3 9.523809523809524 9.523809523809524 8.0 8.0 8.0 8.0 8.0 8.0 8.0 8.0 8.0 8.0 8.0 8.0 8.0 8.0 
4 1.1904761904761905 1.1904761904761905 1.0 1.0 1.0 1.0 1.0 1.0 1.0 1.0 1.0 1.0 1.0 1.0 1.0 1.0 
5 4.761904761904762 4.761904761904762 4.0 4.0 4.0 4.0 4.0 4.0 4.0 4.0 4.0 4.0 4.0 4.0 4.0 4.0 
6 4.761904761904762 4.761904761904762 4.0 4.0 4.0 4.0 4.0 4.0 4.0 4.0 4.0 4.0 4.0 4.0 4.0 4.0 
7 4.761904761904762 4.761904761904762 4.0 4.0 4.0 4.0 4.0 4.0 4.0 4.0 4.0 4.0 4.0 4.0 4.0 4.0 
8 4.761904761904762 4.761904761904762 4.0 4.0 4.0 4.0 4.0 4.0 4.0 4.0 4.0 4.0 4.0 4.0 4.0 4.0 
9 2.380952380952381 2.380952380952381 2.0 2.0 2.0 2.0 2.0 2.0 2.0 2.0 2.0 2.0 2.0 2.0 2.0 2.0 
10 1.1904761904761905 1.1904761904761905 1.0 1.0 1.0 1.0 1.0 1.0 1.0 1.0 1.0 1.0 1.0 1.0 1.0 1.0 
20 2.380952380952381 2.380952380952381 2.0 2.0 2.0 2.0 2.0 2.0 2.0 2.0 2.0 2.0 2.0 2.0 2.0 2.0 
11 1.1904761904761905 1.1904761904761905 1.0 1.0 1.0 1.0 1.0 1.0 1.0 1.0 1.0 1.0 1.0 1.0 1.0 1.0 
12 1.1904761904761905 1.1904761904761905 1.0 1.0 1.0 1.0 1.0 1.0 1.0 1.0 1.0 1.0 1.0 1.0 1.0 1.0 
13 1.1904761904761905 1.1904761904761905 1.0 1.0 1.0 1.0 1.0 1.0 1.0 1.0 1.0 1.0 1.0 1.0 1.0 1.0 
14 1.1904761904761905 1.1904761904761905 1.0 1.0 1.0 1.0 1.0 1.0 1.0 1.0 1.0 1.0 1.0 1.0 1.0 1.0 
15 1.1904761904761905 1.1904761904761905 1.0 1.0 1.0 1.0 1.0 1.0 1.0 1.0 1.0 1.0 1.0 1.0 1.0 1.0 
16 1.1904761904761905 1.1904761904761905 1.0 1.0 1.0 1.0 1.0 1.0 1.0 1.0 1.0 1.0 1.0 1.0 1.0 1.0 
17 9.523809523809524 9.523809523809524 8.0 8.0 8.0 8.0 8.0 8.0 8.0 8.0 8.0 8.0 8.0 8.0 8.0 8.0 
18 4.761904761904762 4.761904761904762 4.0 4.0 4.0 4.0 4.0 4.0 4.0 4.0 4.0 4.0 4.0 4.0 4.0 4.0 
19 1.1904761904761905 1.1904761904761905 1.0 1.0 1.0 1.0 1.0 1.0 1.0 1.0 1.0 1.0 1.0 1.0 1.0 1.0 
;
set c_0 := 0;
param d := 
[0,*,*] : 
0 1 2 3 4 := 
0 0 4.596E-4 4.596E-4 0 0 
1 0.6959657142857143 0 0 4.596E-4 0 
2 0.6959657142857143 0 0 4.596E-4 0 
3 0 0.00243588 0.00243588 0 9.192E-4 
4 0 0 0 0.037999728 0 
[1,*,*] : 
0 5 6 7 8 9 10 20 := 
0 0 7.068E-4 7.068E-4 7.068E-4 7.068E-4 0 0 0 
5 0.7492080000000001 0 0 0 0 3.534E-4 0 3.534E-4 
6 0.7492080000000001 0 0 0 0 3.534E-4 0 3.534E-4 
7 0.7492080000000001 0 0 0 0 3.534E-4 0 3.534E-4 
8 0.7492080000000001 0 0 0 0 3.534E-4 0 3.534E-4 
9 0 0.0018730200000000002 0.0018730200000000002 0.0018730200000000002 0.0018730200000000002 0 0.0014136 0 
10 0 0 0 0 0 0.032965152000000005 0 0.032965152000000005 
20 0 0.0018730200000000002 0.0018730200000000002 0.0018730200000000002 0.0018730200000000002 0 0.0014136 0 
[2,*,*] : 
0 11 12 13 14 15 16 17 18 19 := 
0 0 4.785142857142857E-4 4.785142857142857E-4 4.785142857142857E-4 4.785142857142857E-4 4.785142857142857E-4 4.785142857142857E-4 0 0 4.785142857142857E-4 
11 0.5072251428571428 0 0 0 0 0 0 4.785142857142857E-4 0 0 
12 0.5072251428571428 0 0 0 0 0 0 4.785142857142857E-4 0 0 
13 0.5072251428571428 0 0 0 0 0 0 4.785142857142857E-4 0 0 
14 0.5072251428571428 0 0 0 0 0 0 4.785142857142857E-4 0 0 
15 0.5072251428571428 0 0 0 0 0 0 4.785142857142857E-4 0 0 
16 0.5072251428571428 0 0 0 0 0 0 4.785142857142857E-4 0 0 
17 0 0.002536125714285714 0.002536125714285714 0.002536125714285714 0.002536125714285714 0.002536125714285714 0.002536125714285714 0 0.0033496 0.002536125714285714 
18 0 0 0 0 0 0 0 0.14379832799999998 0 0 
19 0.5072251428571428 0 0 0 0 0 0 4.785142857142857E-4 0 0 
;
param x_bar : 0 1 2 3 4 5 6 7 8 9 10 11 12 13 14 15  := 
0 0 0 0 0 0 0 0 0 0 0 0 0 0 0 0 0 
;
