data;
set C_bar :=  ;
set C :=  1 2 3 18 19 4 5 6 7 8 9 20 10 11 12 13 14 15 16 17 ;
set R := 0 1 2 ;
set C_r[0] :=  
1 2 3 18 19 ;
set C_r[1] :=  
4 5 6 7 8 9 20 ;
set C_r[2] :=  
10 11 12 13 14 15 16 17 ;
set S :=  0 1 2 3 4 5 6 7 8 9 10 11 12 13 14 15 ;
set S_u :=  0 1 2 3 4 5 6 7 8 9 10 11 12 13 14 15 ;
set Rack :=  0 1 2 3 4 5 6 7 ;
param COST : 0 1 2 3 4 5 6 7 8 9 10 11 12 13 14 15 :=
0 0 1 3 3 5 5 5 5 5 5 5 5 5 5 5 5 
1 1 0 3 3 5 5 5 5 5 5 5 5 5 5 5 5 
2 3 3 0 1 5 5 5 5 5 5 5 5 5 5 5 5 
3 3 3 1 0 5 5 5 5 5 5 5 5 5 5 5 5 
4 5 5 5 5 0 1 3 3 5 5 5 5 5 5 5 5 
5 5 5 5 5 1 0 3 3 5 5 5 5 5 5 5 5 
6 5 5 5 5 3 3 0 1 5 5 5 5 5 5 5 5 
7 5 5 5 5 3 3 1 0 5 5 5 5 5 5 5 5 
8 5 5 5 5 5 5 5 5 0 1 3 3 5 5 5 5 
9 5 5 5 5 5 5 5 5 1 0 3 3 5 5 5 5 
10 5 5 5 5 5 5 5 5 3 3 0 1 5 5 5 5 
11 5 5 5 5 5 5 5 5 3 3 1 0 5 5 5 5 
12 5 5 5 5 5 5 5 5 5 5 5 5 0 1 3 3 
13 5 5 5 5 5 5 5 5 5 5 5 5 1 0 3 3 
14 5 5 5 5 5 5 5 5 5 5 5 5 3 3 0 1 
15 5 5 5 5 5 5 5 5 5 5 5 5 3 3 1 0 
;
set S_rack[0] :=  
0 1 ;
set S_rack[1] :=  
2 3 ;
set S_rack[2] :=  
4 5 ;
set S_rack[3] :=  
6 7 ;
set S_rack[4] :=  
8 9 ;
set S_rack[5] :=  
10 11 ;
set S_rack[6] :=  
12 13 ;
set S_rack[7] :=  
14 15 ;
param CPU := 
0 44.0
1 44.0
2 56.0
3 56.0
4 56.0
5 56.0
6 28.0
7 28.0
8 28.0
9 28.0
10 56.0
11 56.0
12 28.0
13 28.0
14 28.0
15 28.0
;
param MEM := 
0 128.0
1 128.0
2 192.0
3 192.0
4 192.0
5 192.0
6 96.0
7 96.0
8 192.0
9 192.0
10 192.0
11 192.0
12 48.0
13 48.0
14 48.0
15 48.0
;
param DISK := 
0 128.0
1 128.0
2 192.0
3 192.0
4 192.0
5 192.0
6 96.0
7 96.0
8 192.0
9 192.0
10 192.0
11 192.0
12 48.0
13 48.0
14 48.0
15 48.0
;
param BDW_out := 
0 10.0
1 10.0
2 10.0
3 10.0
4 10.0
5 10.0
6 10.0
7 10.0
8 10.0
9 10.0
10 10.0
11 10.0
12 10.0
13 10.0
14 10.0
15 10.0
;
param BDW_in := 
0 10.0
1 10.0
2 10.0
3 10.0
4 10.0
5 10.0
6 10.0
7 10.0
8 10.0
9 10.0
10 10.0
11 10.0
12 10.0
13 10.0
14 10.0
15 10.0
;
param mem := 
1 64.0
2 8.0
3 16.0
18 16.0
19 8.0
4 2.0
5 2.0
6 2.0
7 2.0
8 8.0
9 1.0
20 8.0
10 1.0
11 1.0
12 1.0
13 1.0
14 1.0
15 1.0
16 64.0
17 1.0
;
param disk := 
1 64.0
2 24.0
3 36.0
18 36.0
19 24.0
4 8.0
5 8.0
6 8.0
7 8.0
8 24.0
9 4.0
20 24.0
10 4.0
11 4.0
12 4.0
13 4.0
14 4.0
15 4.0
16 64.0
17 4.0
;
param cpu : 
0 1 2 3 4 5 6 7 8 9 10 11 12 13 14 15 := 
1 18.181818181818183 18.181818181818183 16.0 16.0 16.0 16.0 19.047619047619047 19.047619047619047 16.0 16.0 16.0 16.0 16.0 16.0 16.0 16.0 
2 2.272727272727273 2.272727272727273 2.0 2.0 2.0 2.0 2.380952380952381 2.380952380952381 2.0 2.0 2.0 2.0 2.0 2.0 2.0 2.0 
3 4.545454545454546 4.545454545454546 4.0 4.0 4.0 4.0 4.761904761904762 4.761904761904762 4.0 4.0 4.0 4.0 4.0 4.0 4.0 4.0 
18 4.545454545454546 4.545454545454546 4.0 4.0 4.0 4.0 4.761904761904762 4.761904761904762 4.0 4.0 4.0 4.0 4.0 4.0 4.0 4.0 
19 2.272727272727273 2.272727272727273 2.0 2.0 2.0 2.0 2.380952380952381 2.380952380952381 2.0 2.0 2.0 2.0 2.0 2.0 2.0 2.0 
4 1.1363636363636365 1.1363636363636365 1.0 1.0 1.0 1.0 1.1904761904761905 1.1904761904761905 1.0 1.0 1.0 1.0 1.0 1.0 1.0 1.0 
5 1.1363636363636365 1.1363636363636365 1.0 1.0 1.0 1.0 1.1904761904761905 1.1904761904761905 1.0 1.0 1.0 1.0 1.0 1.0 1.0 1.0 
6 1.1363636363636365 1.1363636363636365 1.0 1.0 1.0 1.0 1.1904761904761905 1.1904761904761905 1.0 1.0 1.0 1.0 1.0 1.0 1.0 1.0 
7 1.1363636363636365 1.1363636363636365 1.0 1.0 1.0 1.0 1.1904761904761905 1.1904761904761905 1.0 1.0 1.0 1.0 1.0 1.0 1.0 1.0 
8 2.272727272727273 2.272727272727273 2.0 2.0 2.0 2.0 2.380952380952381 2.380952380952381 2.0 2.0 2.0 2.0 2.0 2.0 2.0 2.0 
9 1.1363636363636365 1.1363636363636365 1.0 1.0 1.0 1.0 1.1904761904761905 1.1904761904761905 1.0 1.0 1.0 1.0 1.0 1.0 1.0 1.0 
20 2.272727272727273 2.272727272727273 2.0 2.0 2.0 2.0 2.380952380952381 2.380952380952381 2.0 2.0 2.0 2.0 2.0 2.0 2.0 2.0 
10 1.1363636363636365 1.1363636363636365 1.0 1.0 1.0 1.0 1.1904761904761905 1.1904761904761905 1.0 1.0 1.0 1.0 1.0 1.0 1.0 1.0 
11 1.1363636363636365 1.1363636363636365 1.0 1.0 1.0 1.0 1.1904761904761905 1.1904761904761905 1.0 1.0 1.0 1.0 1.0 1.0 1.0 1.0 
12 1.1363636363636365 1.1363636363636365 1.0 1.0 1.0 1.0 1.1904761904761905 1.1904761904761905 1.0 1.0 1.0 1.0 1.0 1.0 1.0 1.0 
13 1.1363636363636365 1.1363636363636365 1.0 1.0 1.0 1.0 1.1904761904761905 1.1904761904761905 1.0 1.0 1.0 1.0 1.0 1.0 1.0 1.0 
14 1.1363636363636365 1.1363636363636365 1.0 1.0 1.0 1.0 1.1904761904761905 1.1904761904761905 1.0 1.0 1.0 1.0 1.0 1.0 1.0 1.0 
15 1.1363636363636365 1.1363636363636365 1.0 1.0 1.0 1.0 1.1904761904761905 1.1904761904761905 1.0 1.0 1.0 1.0 1.0 1.0 1.0 1.0 
16 18.181818181818183 18.181818181818183 16.0 16.0 16.0 16.0 19.047619047619047 19.047619047619047 16.0 16.0 16.0 16.0 16.0 16.0 16.0 16.0 
17 1.1363636363636365 1.1363636363636365 1.0 1.0 1.0 1.0 1.1904761904761905 1.1904761904761905 1.0 1.0 1.0 1.0 1.0 1.0 1.0 1.0 
;
set c_0 := 0;
param d := 
[0,*,*] : 
0 1 2 3 18 19 := 
0 0 0.00188 0 0 0 0 
1 1.9928 0 9.4E-4 0 0 9.4E-4 
2 0 0.0049819999999999994 0 4.7E-4 4.7E-4 0 
3 0 0 0.0034873999999999994 0 0 0.0034873999999999994 
18 0 0 0.0034873999999999994 0 0 0.0034873999999999994 
19 0 0.0049819999999999994 0 4.7E-4 4.7E-4 0 
[1,*,*] : 
0 4 5 6 7 8 9 20 := 
0 0 8.716E-4 8.716E-4 8.716E-4 8.716E-4 0 0 0 
4 0.923896 0 0 0 0 4.358E-4 0 4.358E-4 
5 0.923896 0 0 0 0 4.358E-4 0 4.358E-4 
6 0.923896 0 0 0 0 4.358E-4 0 4.358E-4 
7 0.923896 0 0 0 0 4.358E-4 0 4.358E-4 
8 0 0.0023097400000000002 0.0023097400000000002 0.0023097400000000002 0.0023097400000000002 0 0.0017432 0 
9 0 0 0 0 0 0.040651424000000005 0 0.040651424000000005 
20 0 0.0023097400000000002 0.0023097400000000002 0.0023097400000000002 0.0023097400000000002 0 0.0017432 0 
[2,*,*] : 
0 10 11 12 13 14 15 16 17 := 
0 0 6.174666666666666E-4 6.174666666666666E-4 6.174666666666666E-4 6.174666666666666E-4 6.174666666666666E-4 6.174666666666666E-4 0 0 
10 0.6545146666666667 0 0 0 0 0 0 6.174666666666666E-4 0 
11 0.6545146666666667 0 0 0 0 0 0 6.174666666666666E-4 0 
12 0.6545146666666667 0 0 0 0 0 0 6.174666666666666E-4 0 
13 0.6545146666666667 0 0 0 0 0 0 6.174666666666666E-4 0 
14 0.6545146666666667 0 0 0 0 0 0 6.174666666666666E-4 0 
15 0.6545146666666667 0 0 0 0 0 0 6.174666666666666E-4 0 
16 0 0.0032725733333333336 0.0032725733333333336 0.0032725733333333336 0.0032725733333333336 0.0032725733333333336 0.0032725733333333336 0 0.0037048 
17 0 0 0 0 0 0 0 0.011781264 0 
;
param x_bar : 0 1 2 3 4 5 6 7 8 9 10 11 12 13 14 15  := 
0 0 0 0 0 0 0 0 0 0 0 0 0 0 0 0 0 
;
