seed1_p16_C100_nR5_oR1000
2.1419187207473573 5404257 27462
seed2_p16_C100_nR5_oR1000
2.0928078707680418 5405351 22246
seed3_p16_C100_nR5_oR1000
1.3532461961074356 5406006 18186
seed4_p16_C100_nR5_oR1000
0.9779220738647841 5405868 21982
seed5_p16_C100_nR5_oR1000
3.0010412338139543 5404840 25405
seed6_p16_C100_nR5_oR1000
3.5805354069545894 5404715 26849
seed7_p16_C100_nR5_oR1000
1.9295125619334443 5403563 30798
seed9_p16_C100_nR5_oR1000
2.332830189677378 5404290 30534
seed10_p16_C100_nR5_oR1000
2.180466594208636 5405935 24852
seed11_p16_C100_nR5_oR1000
2.780859160079325 5407228 30690
seed13_p16_C100_nR5_oR1000
2.5203760301760427 5405179 30659
seed14_p16_C100_nR5_oR1000
3.614071968348566 5406182 23862
seed16_p16_C100_nR5_oR1000
2.9582931782853783 5405579 30203
seed17_p16_C100_nR5_oR1000
0.9089311950578283 5405509 24332
seed18_p16_C100_nR5_oR1000
3.315491269221126 5406503 19037
seed19_p16_C100_nR5_oR1000
1.6968942212743021 5405455 25694
seed21_p16_C100_nR5_oR1000
2.2215595631874976 5404851 27768
seed23_p16_C100_nR5_oR1000
2.2229112427580207 5406489 24547
seed24_p16_C100_nR5_oR1000
2.394752935705731 5406738 21712
seed25_p16_C100_nR5_oR1000
2.595172761145684 5405975 21738
seed26_p16_C100_nR5_oR1000
5.0261156242768115 5405803 25141
seed27_p16_C100_nR5_oR1000
1.0647467517283535 5406950 20784
seed29_p16_C100_nR5_oR1000
1.6217712924637016 5406528 20907
seed30_p16_C100_nR5_oR1000
2.468613275806657 5403699 24606
seed31_p16_C100_nR5_oR1000
2.9706155990153738 5405133 27724
seed32_p16_C100_nR5_oR1000
2.3405280826911268 5406489 28889
seed33_p16_C100_nR5_oR1000
2.057733941169711 5403826 32203
seed34_p16_C100_nR5_oR1000
2.5810634158147856 5406035 26337
seed35_p16_C100_nR5_oR1000
1.8314062861676375 5403333 35263
