seed1_p16_C100_nR5_oR1000
2.1419187207473573 3906 0
seed2_p16_C100_nR5_oR1000
2.162983530365004 3679 0
seed3_p16_C100_nR5_oR1000
1.353246196107438 4112 0
seed4_p16_C100_nR5_oR1000
0.9779220738647888 4673 0
seed5_p16_C100_nR5_oR1000
3.0267545906393556 2967 0
seed6_p16_C100_nR5_oR1000
3.580535406954592 1922 0
seed7_p16_C100_nR5_oR1000
1.929512561933448 2952 0
seed9_p16_C100_nR5_oR1000
2.3343643385740735 3799 0
seed10_p16_C100_nR5_oR1000
2.180466594208638 2284 0
seed11_p16_C100_nR5_oR1000
2.7842467607048467 2788 0
seed13_p16_C100_nR5_oR1000
2.522778774620485 3879 0
seed14_p16_C100_nR5_oR1000
3.6140719683485667 3540 0
seed16_p16_C100_nR5_oR1000
2.9582931782853814 2841 0
seed17_p16_C100_nR5_oR1000
0.9089311950578297 2819 0
seed18_p16_C100_nR5_oR1000
3.3154912692211287 3670 0
seed19_p16_C100_nR5_oR1000
1.6968942212743066 2986 0
seed21_p16_C100_nR5_oR1000
2.2215595631874985 3524 0
seed23_p16_C100_nR5_oR1000
2.222911242758021 3968 0
seed24_p16_C100_nR5_oR1000
2.3947529357057356 3063 0
seed25_p16_C100_nR5_oR1000
2.6004239968254734 2261 0
seed26_p16_C100_nR5_oR1000
5.026115624276812 3229 0
seed27_p16_C100_nR5_oR1000
1.0647467517283566 4428 0
seed29_p16_C100_nR5_oR1000
1.6225097731748115 3059 0
seed30_p16_C100_nR5_oR1000
2.46861327580666 2598 0
seed31_p16_C100_nR5_oR1000
2.970615599015375 2487 0
seed32_p16_C100_nR5_oR1000
2.3405280826911317 2825 0
seed33_p16_C100_nR5_oR1000
2.0577339411697126 4288 0
seed34_p16_C100_nR5_oR1000
2.581063415814791 3357 0
seed35_p16_C100_nR5_oR1000
1.8372694296343084 3224 0
