data;
set C_bar :=  1 2 3 4 5 6 7 8 9 10 11 12 13 14 15 ;
set C :=  16 17 18 35 36 42 43 44 47 48 19 20 21 22 23 24 25 26 27 31 32 38 39 40 41 50 51 52 53 28 29 30 33 34 46 54 55 45 37 49 ;
set R := 0 1 2 3 4 5 ;
set C_bar_r[0] :=  
1 2 3 ;
set C_bar_r[1] :=  
4 5 6 7 8 9 ;
set C_bar_r[2] :=  
10 11 12 13 14 15 ;
set C_r[0] :=  
45 ;
set C_r[1] :=  
37 49 ;
set C_r[2] :=  
;
set C_r[3] :=  
16 17 18 35 36 42 43 44 47 48 ;
set C_r[4] :=  
19 20 21 22 23 24 25 26 27 31 32 38 39 40 41 50 51 52 53 ;
set C_r[5] :=  
28 29 30 33 34 46 54 55 ;
set S :=  0 1 2 3 4 5 6 7 8 9 10 11 12 13 14 15 ;
set S_u :=  0 1 2 3 4 5 6 7 8 9 10 11 12 13 14 15 ;
set S_r[0] := 
0 14 15 ;
set S_r[1] := 
8 12 13 ;
set S_r[2] := 
0 1 9 ;
set Rack :=  0 1 2 3 4 5 6 7 ;
param COST : 0 1 2 3 4 5 6 7 8 9 10 11 12 13 14 15 :=
0 0 1 3 3 5 5 5 5 5 5 5 5 5 5 5 5 
1 1 0 3 3 5 5 5 5 5 5 5 5 5 5 5 5 
2 3 3 0 1 5 5 5 5 5 5 5 5 5 5 5 5 
3 3 3 1 0 5 5 5 5 5 5 5 5 5 5 5 5 
4 5 5 5 5 0 1 3 3 5 5 5 5 5 5 5 5 
5 5 5 5 5 1 0 3 3 5 5 5 5 5 5 5 5 
6 5 5 5 5 3 3 0 1 5 5 5 5 5 5 5 5 
7 5 5 5 5 3 3 1 0 5 5 5 5 5 5 5 5 
8 5 5 5 5 5 5 5 5 0 1 3 3 5 5 5 5 
9 5 5 5 5 5 5 5 5 1 0 3 3 5 5 5 5 
10 5 5 5 5 5 5 5 5 3 3 0 1 5 5 5 5 
11 5 5 5 5 5 5 5 5 3 3 1 0 5 5 5 5 
12 5 5 5 5 5 5 5 5 5 5 5 5 0 1 3 3 
13 5 5 5 5 5 5 5 5 5 5 5 5 1 0 3 3 
14 5 5 5 5 5 5 5 5 5 5 5 5 3 3 0 1 
15 5 5 5 5 5 5 5 5 5 5 5 5 3 3 1 0 
;
set S_rack[0] :=  
0 1 ;
set S_rack[1] :=  
2 3 ;
set S_rack[2] :=  
4 5 ;
set S_rack[3] :=  
6 7 ;
set S_rack[4] :=  
8 9 ;
set S_rack[5] :=  
10 11 ;
set S_rack[6] :=  
12 13 ;
set S_rack[7] :=  
14 15 ;
param CPU := 
0 24.0
1 25.0
2 56.0
3 56.0
4 28.0
5 28.0
6 56.0
7 56.0
8 25.81818199157715
9 25.81818199157715
10 56.0
11 56.0
12 20.85714292526245
13 23.2380952835083
14 26.0
15 26.0
;
param MEM := 
0 38.0
1 44.0
2 192.0
3 192.0
4 48.0
5 48.0
6 192.0
7 192.0
8 64.0
9 64.0
10 192.0
11 192.0
12 76.0
13 80.0
14 40.0
15 44.0
;
param DISK := 
0 16.0
1 32.0
2 192.0
3 192.0
4 48.0
5 48.0
6 192.0
7 192.0
8 64.0
9 64.0
10 192.0
11 192.0
12 32.0
13 48.0
14 24.0
15 32.0
;
param BDW_out := 
0 8.643186432
1 8.68764792
2 10.0
3 10.0
4 10.0
5 10.0
6 10.0
7 10.0
8 9.99652912
9 9.971325728
10 10.0
11 10.0
12 9.112060746666666
13 9.123740533333333
14 9.1571416
15 9.99420088
;
param BDW_in := 
0 9.99066472
1 9.968866528
2 10.0
3 10.0
4 10.0
5 10.0
6 10.0
7 10.0
8 9.98776928
9 9.9975408
10 10.0
11 10.0
12 9.997162693333333
13 9.997713626666666
14 9.99499528
15 9.946997632
;
param mem := 
1 8.0
2 4.0
3 8.0
45 8.0
4 8.0
5 8.0
6 8.0
7 8.0
8 64.0
9 4.0
37 64.0
49 64.0
10 1.0
11 1.0
12 1.0
13 1.0
14 2.0
15 64.0
16 64.0
17 1.0
18 64.0
35 64.0
36 64.0
42 1.0
43 64.0
44 64.0
47 64.0
48 64.0
19 8.0
20 8.0
21 8.0
22 8.0
23 8.0
24 8.0
25 8.0
26 64.0
27 2.0
31 64.0
32 2.0
38 64.0
39 2.0
40 64.0
41 8.0
50 64.0
51 8.0
52 64.0
53 64.0
28 16.0
29 16.0
30 16.0
33 16.0
34 16.0
46 16.0
54 16.0
55 16.0
;
param disk := 
1 24.0
2 16.0
3 24.0
45 24.0
4 24.0
5 24.0
6 24.0
7 24.0
8 64.0
9 16.0
37 64.0
49 64.0
10 4.0
11 4.0
12 4.0
13 4.0
14 8.0
15 64.0
16 64.0
17 4.0
18 64.0
35 64.0
36 64.0
42 4.0
43 64.0
44 64.0
47 64.0
48 64.0
19 24.0
20 24.0
21 24.0
22 24.0
23 24.0
24 24.0
25 24.0
26 64.0
27 8.0
31 64.0
32 8.0
38 64.0
39 8.0
40 64.0
41 24.0
50 64.0
51 24.0
52 64.0
53 64.0
28 36.0
29 36.0
30 36.0
33 36.0
34 36.0
46 36.0
54 36.0
55 36.0
;
param cpu : 
0 1 2 3 4 5 6 7 8 9 10 11 12 13 14 15 := 
1 2.0 2.0 2.0 2.0 2.0 2.0 2.0 2.0 2.272727272727273 2.272727272727273 2.0 2.0 2.380952380952381 2.380952380952381 2.0 2.0 
2 2.0 2.0 2.0 2.0 2.0 2.0 2.0 2.0 2.272727272727273 2.272727272727273 2.0 2.0 2.380952380952381 2.380952380952381 2.0 2.0 
3 2.0 2.0 2.0 2.0 2.0 2.0 2.0 2.0 2.272727272727273 2.272727272727273 2.0 2.0 2.380952380952381 2.380952380952381 2.0 2.0 
45 2.0 2.0 2.0 2.0 2.0 2.0 2.0 2.0 2.272727272727273 2.272727272727273 2.0 2.0 2.380952380952381 2.380952380952381 2.0 2.0 
4 2.0 2.0 2.0 2.0 2.0 2.0 2.0 2.0 2.272727272727273 2.272727272727273 2.0 2.0 2.380952380952381 2.380952380952381 2.0 2.0 
5 2.0 2.0 2.0 2.0 2.0 2.0 2.0 2.0 2.272727272727273 2.272727272727273 2.0 2.0 2.380952380952381 2.380952380952381 2.0 2.0 
6 2.0 2.0 2.0 2.0 2.0 2.0 2.0 2.0 2.272727272727273 2.272727272727273 2.0 2.0 2.380952380952381 2.380952380952381 2.0 2.0 
7 2.0 2.0 2.0 2.0 2.0 2.0 2.0 2.0 2.272727272727273 2.272727272727273 2.0 2.0 2.380952380952381 2.380952380952381 2.0 2.0 
8 16.0 16.0 16.0 16.0 16.0 16.0 16.0 16.0 18.181818181818183 18.181818181818183 16.0 16.0 19.047619047619047 19.047619047619047 16.0 16.0 
9 2.0 2.0 2.0 2.0 2.0 2.0 2.0 2.0 2.272727272727273 2.272727272727273 2.0 2.0 2.380952380952381 2.380952380952381 2.0 2.0 
37 16.0 16.0 16.0 16.0 16.0 16.0 16.0 16.0 18.181818181818183 18.181818181818183 16.0 16.0 19.047619047619047 19.047619047619047 16.0 16.0 
49 16.0 16.0 16.0 16.0 16.0 16.0 16.0 16.0 18.181818181818183 18.181818181818183 16.0 16.0 19.047619047619047 19.047619047619047 16.0 16.0 
10 1.0 1.0 1.0 1.0 1.0 1.0 1.0 1.0 1.1363636363636365 1.1363636363636365 1.0 1.0 1.1904761904761905 1.1904761904761905 1.0 1.0 
11 1.0 1.0 1.0 1.0 1.0 1.0 1.0 1.0 1.1363636363636365 1.1363636363636365 1.0 1.0 1.1904761904761905 1.1904761904761905 1.0 1.0 
12 1.0 1.0 1.0 1.0 1.0 1.0 1.0 1.0 1.1363636363636365 1.1363636363636365 1.0 1.0 1.1904761904761905 1.1904761904761905 1.0 1.0 
13 1.0 1.0 1.0 1.0 1.0 1.0 1.0 1.0 1.1363636363636365 1.1363636363636365 1.0 1.0 1.1904761904761905 1.1904761904761905 1.0 1.0 
14 1.0 1.0 1.0 1.0 1.0 1.0 1.0 1.0 1.1363636363636365 1.1363636363636365 1.0 1.0 1.1904761904761905 1.1904761904761905 1.0 1.0 
15 16.0 16.0 16.0 16.0 16.0 16.0 16.0 16.0 18.181818181818183 18.181818181818183 16.0 16.0 19.047619047619047 19.047619047619047 16.0 16.0 
16 16.0 16.0 16.0 16.0 16.0 16.0 16.0 16.0 18.181818181818183 18.181818181818183 16.0 16.0 19.047619047619047 19.047619047619047 16.0 16.0 
17 1.0 1.0 1.0 1.0 1.0 1.0 1.0 1.0 1.1363636363636365 1.1363636363636365 1.0 1.0 1.1904761904761905 1.1904761904761905 1.0 1.0 
18 16.0 16.0 16.0 16.0 16.0 16.0 16.0 16.0 18.181818181818183 18.181818181818183 16.0 16.0 19.047619047619047 19.047619047619047 16.0 16.0 
35 16.0 16.0 16.0 16.0 16.0 16.0 16.0 16.0 18.181818181818183 18.181818181818183 16.0 16.0 19.047619047619047 19.047619047619047 16.0 16.0 
36 16.0 16.0 16.0 16.0 16.0 16.0 16.0 16.0 18.181818181818183 18.181818181818183 16.0 16.0 19.047619047619047 19.047619047619047 16.0 16.0 
42 1.0 1.0 1.0 1.0 1.0 1.0 1.0 1.0 1.1363636363636365 1.1363636363636365 1.0 1.0 1.1904761904761905 1.1904761904761905 1.0 1.0 
43 16.0 16.0 16.0 16.0 16.0 16.0 16.0 16.0 18.181818181818183 18.181818181818183 16.0 16.0 19.047619047619047 19.047619047619047 16.0 16.0 
44 16.0 16.0 16.0 16.0 16.0 16.0 16.0 16.0 18.181818181818183 18.181818181818183 16.0 16.0 19.047619047619047 19.047619047619047 16.0 16.0 
47 16.0 16.0 16.0 16.0 16.0 16.0 16.0 16.0 18.181818181818183 18.181818181818183 16.0 16.0 19.047619047619047 19.047619047619047 16.0 16.0 
48 16.0 16.0 16.0 16.0 16.0 16.0 16.0 16.0 18.181818181818183 18.181818181818183 16.0 16.0 19.047619047619047 19.047619047619047 16.0 16.0 
19 2.0 2.0 2.0 2.0 2.0 2.0 2.0 2.0 2.272727272727273 2.272727272727273 2.0 2.0 2.380952380952381 2.380952380952381 2.0 2.0 
20 2.0 2.0 2.0 2.0 2.0 2.0 2.0 2.0 2.272727272727273 2.272727272727273 2.0 2.0 2.380952380952381 2.380952380952381 2.0 2.0 
21 2.0 2.0 2.0 2.0 2.0 2.0 2.0 2.0 2.272727272727273 2.272727272727273 2.0 2.0 2.380952380952381 2.380952380952381 2.0 2.0 
22 2.0 2.0 2.0 2.0 2.0 2.0 2.0 2.0 2.272727272727273 2.272727272727273 2.0 2.0 2.380952380952381 2.380952380952381 2.0 2.0 
23 2.0 2.0 2.0 2.0 2.0 2.0 2.0 2.0 2.272727272727273 2.272727272727273 2.0 2.0 2.380952380952381 2.380952380952381 2.0 2.0 
24 2.0 2.0 2.0 2.0 2.0 2.0 2.0 2.0 2.272727272727273 2.272727272727273 2.0 2.0 2.380952380952381 2.380952380952381 2.0 2.0 
25 2.0 2.0 2.0 2.0 2.0 2.0 2.0 2.0 2.272727272727273 2.272727272727273 2.0 2.0 2.380952380952381 2.380952380952381 2.0 2.0 
26 16.0 16.0 16.0 16.0 16.0 16.0 16.0 16.0 18.181818181818183 18.181818181818183 16.0 16.0 19.047619047619047 19.047619047619047 16.0 16.0 
27 1.0 1.0 1.0 1.0 1.0 1.0 1.0 1.0 1.1363636363636365 1.1363636363636365 1.0 1.0 1.1904761904761905 1.1904761904761905 1.0 1.0 
31 16.0 16.0 16.0 16.0 16.0 16.0 16.0 16.0 18.181818181818183 18.181818181818183 16.0 16.0 19.047619047619047 19.047619047619047 16.0 16.0 
32 1.0 1.0 1.0 1.0 1.0 1.0 1.0 1.0 1.1363636363636365 1.1363636363636365 1.0 1.0 1.1904761904761905 1.1904761904761905 1.0 1.0 
38 16.0 16.0 16.0 16.0 16.0 16.0 16.0 16.0 18.181818181818183 18.181818181818183 16.0 16.0 19.047619047619047 19.047619047619047 16.0 16.0 
39 1.0 1.0 1.0 1.0 1.0 1.0 1.0 1.0 1.1363636363636365 1.1363636363636365 1.0 1.0 1.1904761904761905 1.1904761904761905 1.0 1.0 
40 16.0 16.0 16.0 16.0 16.0 16.0 16.0 16.0 18.181818181818183 18.181818181818183 16.0 16.0 19.047619047619047 19.047619047619047 16.0 16.0 
41 2.0 2.0 2.0 2.0 2.0 2.0 2.0 2.0 2.272727272727273 2.272727272727273 2.0 2.0 2.380952380952381 2.380952380952381 2.0 2.0 
50 16.0 16.0 16.0 16.0 16.0 16.0 16.0 16.0 18.181818181818183 18.181818181818183 16.0 16.0 19.047619047619047 19.047619047619047 16.0 16.0 
51 2.0 2.0 2.0 2.0 2.0 2.0 2.0 2.0 2.272727272727273 2.272727272727273 2.0 2.0 2.380952380952381 2.380952380952381 2.0 2.0 
52 16.0 16.0 16.0 16.0 16.0 16.0 16.0 16.0 18.181818181818183 18.181818181818183 16.0 16.0 19.047619047619047 19.047619047619047 16.0 16.0 
53 16.0 16.0 16.0 16.0 16.0 16.0 16.0 16.0 18.181818181818183 18.181818181818183 16.0 16.0 19.047619047619047 19.047619047619047 16.0 16.0 
28 4.0 4.0 4.0 4.0 4.0 4.0 4.0 4.0 4.545454545454546 4.545454545454546 4.0 4.0 4.761904761904762 4.761904761904762 4.0 4.0 
29 4.0 4.0 4.0 4.0 4.0 4.0 4.0 4.0 4.545454545454546 4.545454545454546 4.0 4.0 4.761904761904762 4.761904761904762 4.0 4.0 
30 4.0 4.0 4.0 4.0 4.0 4.0 4.0 4.0 4.545454545454546 4.545454545454546 4.0 4.0 4.761904761904762 4.761904761904762 4.0 4.0 
33 4.0 4.0 4.0 4.0 4.0 4.0 4.0 4.0 4.545454545454546 4.545454545454546 4.0 4.0 4.761904761904762 4.761904761904762 4.0 4.0 
34 4.0 4.0 4.0 4.0 4.0 4.0 4.0 4.0 4.545454545454546 4.545454545454546 4.0 4.0 4.761904761904762 4.761904761904762 4.0 4.0 
46 4.0 4.0 4.0 4.0 4.0 4.0 4.0 4.0 4.545454545454546 4.545454545454546 4.0 4.0 4.761904761904762 4.761904761904762 4.0 4.0 
54 4.0 4.0 4.0 4.0 4.0 4.0 4.0 4.0 4.545454545454546 4.545454545454546 4.0 4.0 4.761904761904762 4.761904761904762 4.0 4.0 
55 4.0 4.0 4.0 4.0 4.0 4.0 4.0 4.0 4.545454545454546 4.545454545454546 4.0 4.0 4.761904761904762 4.761904761904762 4.0 4.0 
;
set c_0 := 0;
param d := 
[0,*,*] : 
0 1 2 3 45 := 
0 0 7.944E-4 0 0 7.944E-4 
1 0.842064 0 7.944E-4 0 0 
2 0 0.00421032 0 0.0015888 0.00421032 
3 0 0 0.052207968 0 0 
45 0.842064 0 7.944E-4 0 0 
[1,*,*] : 
0 4 5 6 7 8 9 37 49 := 
0 0 4.132E-4 4.132E-4 4.132E-4 4.132E-4 0 0 0 0 
4 0.437992 0 0 0 0 1.3773333333333334E-4 0 1.3773333333333334E-4 1.3773333333333334E-4 
5 0.437992 0 0 0 0 1.3773333333333334E-4 0 1.3773333333333334E-4 1.3773333333333334E-4 
6 0.437992 0 0 0 0 1.3773333333333334E-4 0 1.3773333333333334E-4 1.3773333333333334E-4 
7 0.437992 0 0 0 0 1.3773333333333334E-4 0 1.3773333333333334E-4 1.3773333333333334E-4 
8 0 7.299866666666666E-4 7.299866666666666E-4 7.299866666666666E-4 7.299866666666666E-4 0 5.509333333333334E-4 0 0 
9 0 0 0 0 0 0.011679786666666666 0 0.011679786666666666 0.011679786666666666 
37 0 7.299866666666666E-4 7.299866666666666E-4 7.299866666666666E-4 7.299866666666666E-4 0 5.509333333333334E-4 0 0 
49 0 7.299866666666666E-4 7.299866666666666E-4 7.299866666666666E-4 7.299866666666666E-4 0 5.509333333333334E-4 0 0 
[2,*,*] : 
0 10 11 12 13 14 15 := 
0 0 6.148E-4 6.148E-4 6.148E-4 6.148E-4 0 0 
10 0.6516879999999999 0 0 0 0 6.148E-4 0 
11 0.6516879999999999 0 0 0 0 6.148E-4 0 
12 0.6516879999999999 0 0 0 0 6.148E-4 0 
13 0.6516879999999999 0 0 0 0 6.148E-4 0 
14 0 0.0032584399999999996 0.0032584399999999996 0.0032584399999999996 0.0032584399999999996 0 0.0024592 
15 0 0 0 0 0 0.028674271999999997 0 
[3,*,*] : 
0 16 17 18 35 36 42 43 44 47 48 := 
0 0 4.544E-4 0 0 0 0 0 4.544E-4 4.544E-4 4.544E-4 0 
16 0.481664 0 2.272E-4 0 0 0 2.272E-4 0 0 0 0 
17 0 0.00120416 0 2.272E-4 2.272E-4 2.272E-4 0 0.00120416 0.00120416 0.00120416 2.272E-4 
18 0 0 7.224959999999999E-4 0 0 0 7.224959999999999E-4 0 0 0 0 
35 0 0 7.224959999999999E-4 0 0 0 7.224959999999999E-4 0 0 0 0 
36 0 0 7.224959999999999E-4 0 0 0 7.224959999999999E-4 0 0 0 0 
42 0 0.00120416 0 2.272E-4 2.272E-4 2.272E-4 0 0.00120416 0.00120416 0.00120416 2.272E-4 
43 0.481664 0 2.272E-4 0 0 0 2.272E-4 0 0 0 0 
44 0.481664 0 2.272E-4 0 0 0 2.272E-4 0 0 0 0 
47 0.481664 0 2.272E-4 0 0 0 2.272E-4 0 0 0 0 
48 0 0 7.224959999999999E-4 0 0 0 7.224959999999999E-4 0 0 0 0 
[4,*,*] : 
0 19 20 21 22 23 24 25 26 27 31 32 38 39 40 41 50 51 52 53 := 
0 0 3.1297777777777777E-4 3.1297777777777777E-4 3.1297777777777777E-4 3.1297777777777777E-4 3.1297777777777777E-4 3.1297777777777777E-4 3.1297777777777777E-4 0 0 0 0 0 0 0 3.1297777777777777E-4 0 3.1297777777777777E-4 0 0 
19 0.33175644444444446 0 0 0 0 0 0 0 4.471111111111111E-5 0 4.471111111111111E-5 0 4.471111111111111E-5 0 4.471111111111111E-5 0 4.471111111111111E-5 0 4.471111111111111E-5 4.471111111111111E-5 
20 0.33175644444444446 0 0 0 0 0 0 0 4.471111111111111E-5 0 4.471111111111111E-5 0 4.471111111111111E-5 0 4.471111111111111E-5 0 4.471111111111111E-5 0 4.471111111111111E-5 4.471111111111111E-5 
21 0.33175644444444446 0 0 0 0 0 0 0 4.471111111111111E-5 0 4.471111111111111E-5 0 4.471111111111111E-5 0 4.471111111111111E-5 0 4.471111111111111E-5 0 4.471111111111111E-5 4.471111111111111E-5 
22 0.33175644444444446 0 0 0 0 0 0 0 4.471111111111111E-5 0 4.471111111111111E-5 0 4.471111111111111E-5 0 4.471111111111111E-5 0 4.471111111111111E-5 0 4.471111111111111E-5 4.471111111111111E-5 
23 0.33175644444444446 0 0 0 0 0 0 0 4.471111111111111E-5 0 4.471111111111111E-5 0 4.471111111111111E-5 0 4.471111111111111E-5 0 4.471111111111111E-5 0 4.471111111111111E-5 4.471111111111111E-5 
24 0.33175644444444446 0 0 0 0 0 0 0 4.471111111111111E-5 0 4.471111111111111E-5 0 4.471111111111111E-5 0 4.471111111111111E-5 0 4.471111111111111E-5 0 4.471111111111111E-5 4.471111111111111E-5 
25 0.33175644444444446 0 0 0 0 0 0 0 4.471111111111111E-5 0 4.471111111111111E-5 0 4.471111111111111E-5 0 4.471111111111111E-5 0 4.471111111111111E-5 0 4.471111111111111E-5 4.471111111111111E-5 
26 0 2.369688888888889E-4 2.369688888888889E-4 2.369688888888889E-4 2.369688888888889E-4 2.369688888888889E-4 2.369688888888889E-4 2.369688888888889E-4 0 1.3413333333333333E-4 0 1.3413333333333333E-4 0 1.3413333333333333E-4 0 2.369688888888889E-4 0 2.369688888888889E-4 0 0 
27 0 0 0 0 0 0 0 0 0.002417082666666667 0 0.002417082666666667 0 0.002417082666666667 0 0.002417082666666667 0 0.002417082666666667 0 0.002417082666666667 0.002417082666666667 
31 0 2.369688888888889E-4 2.369688888888889E-4 2.369688888888889E-4 2.369688888888889E-4 2.369688888888889E-4 2.369688888888889E-4 2.369688888888889E-4 0 1.3413333333333333E-4 0 1.3413333333333333E-4 0 1.3413333333333333E-4 0 2.369688888888889E-4 0 2.369688888888889E-4 0 0 
32 0 0 0 0 0 0 0 0 0.002417082666666667 0 0.002417082666666667 0 0.002417082666666667 0 0.002417082666666667 0 0.002417082666666667 0 0.002417082666666667 0.002417082666666667 
38 0 2.369688888888889E-4 2.369688888888889E-4 2.369688888888889E-4 2.369688888888889E-4 2.369688888888889E-4 2.369688888888889E-4 2.369688888888889E-4 0 1.3413333333333333E-4 0 1.3413333333333333E-4 0 1.3413333333333333E-4 0 2.369688888888889E-4 0 2.369688888888889E-4 0 0 
39 0 0 0 0 0 0 0 0 0.002417082666666667 0 0.002417082666666667 0 0.002417082666666667 0 0.002417082666666667 0 0.002417082666666667 0 0.002417082666666667 0.002417082666666667 
40 0 2.369688888888889E-4 2.369688888888889E-4 2.369688888888889E-4 2.369688888888889E-4 2.369688888888889E-4 2.369688888888889E-4 2.369688888888889E-4 0 1.3413333333333333E-4 0 1.3413333333333333E-4 0 1.3413333333333333E-4 0 2.369688888888889E-4 0 2.369688888888889E-4 0 0 
41 0.33175644444444446 0 0 0 0 0 0 0 4.471111111111111E-5 0 4.471111111111111E-5 0 4.471111111111111E-5 0 4.471111111111111E-5 0 4.471111111111111E-5 0 4.471111111111111E-5 4.471111111111111E-5 
50 0 2.369688888888889E-4 2.369688888888889E-4 2.369688888888889E-4 2.369688888888889E-4 2.369688888888889E-4 2.369688888888889E-4 2.369688888888889E-4 0 1.3413333333333333E-4 0 1.3413333333333333E-4 0 1.3413333333333333E-4 0 2.369688888888889E-4 0 2.369688888888889E-4 0 0 
51 0.33175644444444446 0 0 0 0 0 0 0 4.471111111111111E-5 0 4.471111111111111E-5 0 4.471111111111111E-5 0 4.471111111111111E-5 0 4.471111111111111E-5 0 4.471111111111111E-5 4.471111111111111E-5 
52 0 2.369688888888889E-4 2.369688888888889E-4 2.369688888888889E-4 2.369688888888889E-4 2.369688888888889E-4 2.369688888888889E-4 2.369688888888889E-4 0 1.3413333333333333E-4 0 1.3413333333333333E-4 0 1.3413333333333333E-4 0 2.369688888888889E-4 0 2.369688888888889E-4 0 0 
53 0 2.369688888888889E-4 2.369688888888889E-4 2.369688888888889E-4 2.369688888888889E-4 2.369688888888889E-4 2.369688888888889E-4 2.369688888888889E-4 0 1.3413333333333333E-4 0 1.3413333333333333E-4 0 1.3413333333333333E-4 0 2.369688888888889E-4 0 2.369688888888889E-4 0 0 
[5,*,*] : 
0 28 29 30 33 34 46 54 55 := 
0 0 3.404E-4 0 0 0 0 0 0 3.404E-4 
28 0.360824 0 1.1346666666666666E-4 0 1.1346666666666666E-4 0 1.1346666666666666E-4 0 0 
29 0 6.013733333333334E-4 0 7.564444444444443E-5 0 7.564444444444443E-5 0 7.564444444444443E-5 6.013733333333334E-4 
30 0 0 0.0029667751111111113 0 0.0029667751111111113 0 0.0029667751111111113 0 0 
33 0 6.013733333333334E-4 0 7.564444444444443E-5 0 7.564444444444443E-5 0 7.564444444444443E-5 6.013733333333334E-4 
34 0 0 0.0029667751111111113 0 0.0029667751111111113 0 0.0029667751111111113 0 0 
46 0 6.013733333333334E-4 0 7.564444444444443E-5 0 7.564444444444443E-5 0 7.564444444444443E-5 6.013733333333334E-4 
54 0 0 0.0029667751111111113 0 0.0029667751111111113 0 0.0029667751111111113 0 0 
55 0.360824 0 1.1346666666666666E-4 0 1.1346666666666666E-4 0 1.1346666666666666E-4 0 0 
;
param x_bar : 0 1 2 3 4 5 6 7 8 9 10 11 12 13 14 15  := 
0 0 0 0 0 0 0 0 0 0 0 0 0 0 0 0 0 
1 0 0 0 0 0 0 0 0 0 0 0 0 0 0 1 0 
2 0 0 0 0 0 0 0 0 0 0 0 0 0 0 0 1 
3 1 0 0 0 0 0 0 0 0 0 0 0 0 0 0 0 
4 0 0 0 0 0 0 0 0 0 0 0 0 1 0 0 0 
5 0 0 0 0 0 0 0 0 0 0 0 0 1 0 0 0 
6 0 0 0 0 0 0 0 0 0 0 0 0 0 1 0 0 
7 0 0 0 0 0 0 0 0 0 0 0 0 0 1 0 0 
8 0 0 0 0 0 0 0 0 1 0 0 0 0 0 0 0 
9 0 0 0 0 0 0 0 0 0 0 0 0 1 0 0 0 
10 1 0 0 0 0 0 0 0 0 0 0 0 0 0 0 0 
11 1 0 0 0 0 0 0 0 0 0 0 0 0 0 0 0 
12 0 1 0 0 0 0 0 0 0 0 0 0 0 0 0 0 
13 0 1 0 0 0 0 0 0 0 0 0 0 0 0 0 0 
14 0 1 0 0 0 0 0 0 0 0 0 0 0 0 0 0 
15 0 0 0 0 0 0 0 0 0 1 0 0 0 0 0 0 
;
