data;
set C_bar :=  1 2 3 4 5 6 7 8 9 ;
set C :=  10 11 12 13 14 15 16 17 18 19 20 30 31 32 33 34 35 36 47 21 22 23 24 25 42 48 49 26 27 28 29 43 44 45 46 37 38 39 40 41 ;
set R := 0 1 2 3 4 5 ;
set C_bar_r[0] :=  
1 2 3 ;
set C_bar_r[1] :=  
4 5 6 ;
set C_bar_r[2] :=  
7 8 9 ;
set C_r[0] :=  
42 48 49 ;
set C_r[1] :=  
26 27 28 29 43 44 45 46 ;
set C_r[2] :=  
37 38 39 40 41 ;
set C_r[3] :=  
10 11 12 13 14 ;
set C_r[4] :=  
15 16 17 18 19 20 30 31 32 33 34 35 36 47 ;
set C_r[5] :=  
21 22 23 24 25 ;
set S :=  0 1 2 3 4 5 6 7 8 9 10 11 12 13 14 15 ;
set S_u :=  0 1 2 3 4 5 6 7 8 9 10 11 12 13 14 15 ;
set S_r[0] := 
4 5 ;
set S_r[1] := 
2 3 ;
set S_r[2] := 
10 ;
set Rack :=  0 1 2 3 4 5 6 7 ;
param COST : 0 1 2 3 4 5 6 7 8 9 10 11 12 13 14 15 :=
0 0 1 3 3 5 5 5 5 5 5 5 5 5 5 5 5 
1 1 0 3 3 5 5 5 5 5 5 5 5 5 5 5 5 
2 3 3 0 1 5 5 5 5 5 5 5 5 5 5 5 5 
3 3 3 1 0 5 5 5 5 5 5 5 5 5 5 5 5 
4 5 5 5 5 0 1 3 3 5 5 5 5 5 5 5 5 
5 5 5 5 5 1 0 3 3 5 5 5 5 5 5 5 5 
6 5 5 5 5 3 3 0 1 5 5 5 5 5 5 5 5 
7 5 5 5 5 3 3 1 0 5 5 5 5 5 5 5 5 
8 5 5 5 5 5 5 5 5 0 1 3 3 5 5 5 5 
9 5 5 5 5 5 5 5 5 1 0 3 3 5 5 5 5 
10 5 5 5 5 5 5 5 5 3 3 0 1 5 5 5 5 
11 5 5 5 5 5 5 5 5 3 3 1 0 5 5 5 5 
12 5 5 5 5 5 5 5 5 5 5 5 5 0 1 3 3 
13 5 5 5 5 5 5 5 5 5 5 5 5 1 0 3 3 
14 5 5 5 5 5 5 5 5 5 5 5 5 3 3 0 1 
15 5 5 5 5 5 5 5 5 5 5 5 5 3 3 1 0 
;
set S_rack[0] :=  
0 1 ;
set S_rack[1] :=  
2 3 ;
set S_rack[2] :=  
4 5 ;
set S_rack[3] :=  
6 7 ;
set S_rack[4] :=  
8 9 ;
set S_rack[5] :=  
10 11 ;
set S_rack[6] :=  
12 13 ;
set S_rack[7] :=  
14 15 ;
param CPU := 
0 44.0
1 44.0
2 24.68181836605072
3 25.81818199157715
4 17.285714387893677
5 25.61904764175415
6 44.0
7 44.0
8 56.0
9 56.0
10 22.0
11 28.0
12 28.0
13 28.0
14 28.0
15 28.0
;
param MEM := 
0 128.0
1 128.0
2 62.0
3 64.0
4 62.0
5 88.0
6 128.0
7 128.0
8 192.0
9 192.0
10 173.0
11 192.0
12 96.0
13 96.0
14 48.0
15 48.0
;
param DISK := 
0 128.0
1 128.0
2 56.0
3 64.0
4 44.8
5 72.0
6 128.0
7 128.0
8 192.0
9 192.0
10 144.0
11 192.0
12 96.0
13 96.0
14 48.0
15 48.0
;
param BDW_out := 
0 10.0
1 10.0
2 9.68790656
3 9.9996567296
4 7.952606133333333
5 9.997270570666666
6 10.0
7 10.0
8 10.0
9 10.0
10 9.776552
11 10.0
12 10.0
13 10.0
14 10.0
15 10.0
;
param BDW_in := 
0 10.0
1 10.0
2 9.9993623296
3 9.99997056
4 9.995339370666667
5 9.999678133333333
6 10.0
7 10.0
8 10.0
9 10.0
10 9.9997892
11 10.0
12 10.0
13 10.0
14 10.0
15 10.0
;
param mem := 
1 32.0
2 2.0
3 8.0
42 8.0
48 2.0
49 2.0
4 2.0
5 64.0
6 64.0
26 64.0
27 64.0
28 64.0
29 2.0
43 64.0
44 64.0
45 64.0
46 64.0
7 2.0
8 16.0
9 1.0
37 2.0
38 2.0
39 2.0
40 1.0
41 16.0
10 1.0
11 1.0
12 1.0
13 16.0
14 16.0
15 8.0
16 8.0
17 8.0
18 8.0
19 8.0
20 1.0
30 8.0
31 1.0
32 8.0
33 8.0
34 8.0
35 1.0
36 8.0
47 8.0
21 64.0
22 64.0
23 64.0
24 4.0
25 1.0
;
param disk := 
1 43.2
2 8.0
3 24.0
42 24.0
48 8.0
49 8.0
4 8.0
5 64.0
6 64.0
26 64.0
27 64.0
28 64.0
29 8.0
43 64.0
44 64.0
45 64.0
46 64.0
7 8.0
8 36.0
9 4.0
37 8.0
38 8.0
39 8.0
40 4.0
41 36.0
10 4.0
11 4.0
12 4.0
13 36.0
14 36.0
15 24.0
16 24.0
17 24.0
18 24.0
19 24.0
20 4.0
30 24.0
31 4.0
32 24.0
33 24.0
34 24.0
35 4.0
36 24.0
47 24.0
21 64.0
22 64.0
23 64.0
24 16.0
25 4.0
;
param cpu : 
0 1 2 3 4 5 6 7 8 9 10 11 12 13 14 15 := 
1 9.090909090909092 9.090909090909092 9.090909090909092 9.090909090909092 9.523809523809524 9.523809523809524 9.090909090909092 9.090909090909092 8.0 8.0 8.0 8.0 9.523809523809524 9.523809523809524 8.0 8.0 
2 1.1363636363636365 1.1363636363636365 1.1363636363636365 1.1363636363636365 1.1904761904761905 1.1904761904761905 1.1363636363636365 1.1363636363636365 1.0 1.0 1.0 1.0 1.1904761904761905 1.1904761904761905 1.0 1.0 
3 2.272727272727273 2.272727272727273 2.272727272727273 2.272727272727273 2.380952380952381 2.380952380952381 2.272727272727273 2.272727272727273 2.0 2.0 2.0 2.0 2.380952380952381 2.380952380952381 2.0 2.0 
42 2.272727272727273 2.272727272727273 2.272727272727273 2.272727272727273 2.380952380952381 2.380952380952381 2.272727272727273 2.272727272727273 2.0 2.0 2.0 2.0 2.380952380952381 2.380952380952381 2.0 2.0 
48 1.1363636363636365 1.1363636363636365 1.1363636363636365 1.1363636363636365 1.1904761904761905 1.1904761904761905 1.1363636363636365 1.1363636363636365 1.0 1.0 1.0 1.0 1.1904761904761905 1.1904761904761905 1.0 1.0 
49 1.1363636363636365 1.1363636363636365 1.1363636363636365 1.1363636363636365 1.1904761904761905 1.1904761904761905 1.1363636363636365 1.1363636363636365 1.0 1.0 1.0 1.0 1.1904761904761905 1.1904761904761905 1.0 1.0 
4 1.1363636363636365 1.1363636363636365 1.1363636363636365 1.1363636363636365 1.1904761904761905 1.1904761904761905 1.1363636363636365 1.1363636363636365 1.0 1.0 1.0 1.0 1.1904761904761905 1.1904761904761905 1.0 1.0 
5 18.181818181818183 18.181818181818183 18.181818181818183 18.181818181818183 19.047619047619047 19.047619047619047 18.181818181818183 18.181818181818183 16.0 16.0 16.0 16.0 19.047619047619047 19.047619047619047 16.0 16.0 
6 18.181818181818183 18.181818181818183 18.181818181818183 18.181818181818183 19.047619047619047 19.047619047619047 18.181818181818183 18.181818181818183 16.0 16.0 16.0 16.0 19.047619047619047 19.047619047619047 16.0 16.0 
26 18.181818181818183 18.181818181818183 18.181818181818183 18.181818181818183 19.047619047619047 19.047619047619047 18.181818181818183 18.181818181818183 16.0 16.0 16.0 16.0 19.047619047619047 19.047619047619047 16.0 16.0 
27 18.181818181818183 18.181818181818183 18.181818181818183 18.181818181818183 19.047619047619047 19.047619047619047 18.181818181818183 18.181818181818183 16.0 16.0 16.0 16.0 19.047619047619047 19.047619047619047 16.0 16.0 
28 18.181818181818183 18.181818181818183 18.181818181818183 18.181818181818183 19.047619047619047 19.047619047619047 18.181818181818183 18.181818181818183 16.0 16.0 16.0 16.0 19.047619047619047 19.047619047619047 16.0 16.0 
29 1.1363636363636365 1.1363636363636365 1.1363636363636365 1.1363636363636365 1.1904761904761905 1.1904761904761905 1.1363636363636365 1.1363636363636365 1.0 1.0 1.0 1.0 1.1904761904761905 1.1904761904761905 1.0 1.0 
43 18.181818181818183 18.181818181818183 18.181818181818183 18.181818181818183 19.047619047619047 19.047619047619047 18.181818181818183 18.181818181818183 16.0 16.0 16.0 16.0 19.047619047619047 19.047619047619047 16.0 16.0 
44 18.181818181818183 18.181818181818183 18.181818181818183 18.181818181818183 19.047619047619047 19.047619047619047 18.181818181818183 18.181818181818183 16.0 16.0 16.0 16.0 19.047619047619047 19.047619047619047 16.0 16.0 
45 18.181818181818183 18.181818181818183 18.181818181818183 18.181818181818183 19.047619047619047 19.047619047619047 18.181818181818183 18.181818181818183 16.0 16.0 16.0 16.0 19.047619047619047 19.047619047619047 16.0 16.0 
46 18.181818181818183 18.181818181818183 18.181818181818183 18.181818181818183 19.047619047619047 19.047619047619047 18.181818181818183 18.181818181818183 16.0 16.0 16.0 16.0 19.047619047619047 19.047619047619047 16.0 16.0 
7 1.1363636363636365 1.1363636363636365 1.1363636363636365 1.1363636363636365 1.1904761904761905 1.1904761904761905 1.1363636363636365 1.1363636363636365 1.0 1.0 1.0 1.0 1.1904761904761905 1.1904761904761905 1.0 1.0 
8 4.545454545454546 4.545454545454546 4.545454545454546 4.545454545454546 4.761904761904762 4.761904761904762 4.545454545454546 4.545454545454546 4.0 4.0 4.0 4.0 4.761904761904762 4.761904761904762 4.0 4.0 
9 1.1363636363636365 1.1363636363636365 1.1363636363636365 1.1363636363636365 1.1904761904761905 1.1904761904761905 1.1363636363636365 1.1363636363636365 1.0 1.0 1.0 1.0 1.1904761904761905 1.1904761904761905 1.0 1.0 
37 1.1363636363636365 1.1363636363636365 1.1363636363636365 1.1363636363636365 1.1904761904761905 1.1904761904761905 1.1363636363636365 1.1363636363636365 1.0 1.0 1.0 1.0 1.1904761904761905 1.1904761904761905 1.0 1.0 
38 1.1363636363636365 1.1363636363636365 1.1363636363636365 1.1363636363636365 1.1904761904761905 1.1904761904761905 1.1363636363636365 1.1363636363636365 1.0 1.0 1.0 1.0 1.1904761904761905 1.1904761904761905 1.0 1.0 
39 1.1363636363636365 1.1363636363636365 1.1363636363636365 1.1363636363636365 1.1904761904761905 1.1904761904761905 1.1363636363636365 1.1363636363636365 1.0 1.0 1.0 1.0 1.1904761904761905 1.1904761904761905 1.0 1.0 
40 1.1363636363636365 1.1363636363636365 1.1363636363636365 1.1363636363636365 1.1904761904761905 1.1904761904761905 1.1363636363636365 1.1363636363636365 1.0 1.0 1.0 1.0 1.1904761904761905 1.1904761904761905 1.0 1.0 
41 4.545454545454546 4.545454545454546 4.545454545454546 4.545454545454546 4.761904761904762 4.761904761904762 4.545454545454546 4.545454545454546 4.0 4.0 4.0 4.0 4.761904761904762 4.761904761904762 4.0 4.0 
10 1.1363636363636365 1.1363636363636365 1.1363636363636365 1.1363636363636365 1.1904761904761905 1.1904761904761905 1.1363636363636365 1.1363636363636365 1.0 1.0 1.0 1.0 1.1904761904761905 1.1904761904761905 1.0 1.0 
11 1.1363636363636365 1.1363636363636365 1.1363636363636365 1.1363636363636365 1.1904761904761905 1.1904761904761905 1.1363636363636365 1.1363636363636365 1.0 1.0 1.0 1.0 1.1904761904761905 1.1904761904761905 1.0 1.0 
12 1.1363636363636365 1.1363636363636365 1.1363636363636365 1.1363636363636365 1.1904761904761905 1.1904761904761905 1.1363636363636365 1.1363636363636365 1.0 1.0 1.0 1.0 1.1904761904761905 1.1904761904761905 1.0 1.0 
13 4.545454545454546 4.545454545454546 4.545454545454546 4.545454545454546 4.761904761904762 4.761904761904762 4.545454545454546 4.545454545454546 4.0 4.0 4.0 4.0 4.761904761904762 4.761904761904762 4.0 4.0 
14 4.545454545454546 4.545454545454546 4.545454545454546 4.545454545454546 4.761904761904762 4.761904761904762 4.545454545454546 4.545454545454546 4.0 4.0 4.0 4.0 4.761904761904762 4.761904761904762 4.0 4.0 
15 2.272727272727273 2.272727272727273 2.272727272727273 2.272727272727273 2.380952380952381 2.380952380952381 2.272727272727273 2.272727272727273 2.0 2.0 2.0 2.0 2.380952380952381 2.380952380952381 2.0 2.0 
16 2.272727272727273 2.272727272727273 2.272727272727273 2.272727272727273 2.380952380952381 2.380952380952381 2.272727272727273 2.272727272727273 2.0 2.0 2.0 2.0 2.380952380952381 2.380952380952381 2.0 2.0 
17 2.272727272727273 2.272727272727273 2.272727272727273 2.272727272727273 2.380952380952381 2.380952380952381 2.272727272727273 2.272727272727273 2.0 2.0 2.0 2.0 2.380952380952381 2.380952380952381 2.0 2.0 
18 2.272727272727273 2.272727272727273 2.272727272727273 2.272727272727273 2.380952380952381 2.380952380952381 2.272727272727273 2.272727272727273 2.0 2.0 2.0 2.0 2.380952380952381 2.380952380952381 2.0 2.0 
19 2.272727272727273 2.272727272727273 2.272727272727273 2.272727272727273 2.380952380952381 2.380952380952381 2.272727272727273 2.272727272727273 2.0 2.0 2.0 2.0 2.380952380952381 2.380952380952381 2.0 2.0 
20 1.1363636363636365 1.1363636363636365 1.1363636363636365 1.1363636363636365 1.1904761904761905 1.1904761904761905 1.1363636363636365 1.1363636363636365 1.0 1.0 1.0 1.0 1.1904761904761905 1.1904761904761905 1.0 1.0 
30 2.272727272727273 2.272727272727273 2.272727272727273 2.272727272727273 2.380952380952381 2.380952380952381 2.272727272727273 2.272727272727273 2.0 2.0 2.0 2.0 2.380952380952381 2.380952380952381 2.0 2.0 
31 1.1363636363636365 1.1363636363636365 1.1363636363636365 1.1363636363636365 1.1904761904761905 1.1904761904761905 1.1363636363636365 1.1363636363636365 1.0 1.0 1.0 1.0 1.1904761904761905 1.1904761904761905 1.0 1.0 
32 2.272727272727273 2.272727272727273 2.272727272727273 2.272727272727273 2.380952380952381 2.380952380952381 2.272727272727273 2.272727272727273 2.0 2.0 2.0 2.0 2.380952380952381 2.380952380952381 2.0 2.0 
33 2.272727272727273 2.272727272727273 2.272727272727273 2.272727272727273 2.380952380952381 2.380952380952381 2.272727272727273 2.272727272727273 2.0 2.0 2.0 2.0 2.380952380952381 2.380952380952381 2.0 2.0 
34 2.272727272727273 2.272727272727273 2.272727272727273 2.272727272727273 2.380952380952381 2.380952380952381 2.272727272727273 2.272727272727273 2.0 2.0 2.0 2.0 2.380952380952381 2.380952380952381 2.0 2.0 
35 1.1363636363636365 1.1363636363636365 1.1363636363636365 1.1363636363636365 1.1904761904761905 1.1904761904761905 1.1363636363636365 1.1363636363636365 1.0 1.0 1.0 1.0 1.1904761904761905 1.1904761904761905 1.0 1.0 
36 2.272727272727273 2.272727272727273 2.272727272727273 2.272727272727273 2.380952380952381 2.380952380952381 2.272727272727273 2.272727272727273 2.0 2.0 2.0 2.0 2.380952380952381 2.380952380952381 2.0 2.0 
47 2.272727272727273 2.272727272727273 2.272727272727273 2.272727272727273 2.380952380952381 2.380952380952381 2.272727272727273 2.272727272727273 2.0 2.0 2.0 2.0 2.380952380952381 2.380952380952381 2.0 2.0 
21 18.181818181818183 18.181818181818183 18.181818181818183 18.181818181818183 19.047619047619047 19.047619047619047 18.181818181818183 18.181818181818183 16.0 16.0 16.0 16.0 19.047619047619047 19.047619047619047 16.0 16.0 
22 18.181818181818183 18.181818181818183 18.181818181818183 18.181818181818183 19.047619047619047 19.047619047619047 18.181818181818183 18.181818181818183 16.0 16.0 16.0 16.0 19.047619047619047 19.047619047619047 16.0 16.0 
23 18.181818181818183 18.181818181818183 18.181818181818183 18.181818181818183 19.047619047619047 19.047619047619047 18.181818181818183 18.181818181818183 16.0 16.0 16.0 16.0 19.047619047619047 19.047619047619047 16.0 16.0 
24 2.272727272727273 2.272727272727273 2.272727272727273 2.272727272727273 2.380952380952381 2.380952380952381 2.272727272727273 2.272727272727273 2.0 2.0 2.0 2.0 2.380952380952381 2.380952380952381 2.0 2.0 
25 1.1363636363636365 1.1363636363636365 1.1363636363636365 1.1363636363636365 1.1904761904761905 1.1904761904761905 1.1363636363636365 1.1363636363636365 1.0 1.0 1.0 1.0 1.1904761904761905 1.1904761904761905 1.0 1.0 
;
set c_0 := 0;
param d := 
[0,*,*] : 
0 1 2 3 42 48 49 := 
0 0 0.0019312 0 0 0 0 0 
1 2.047072 0 6.437333333333333E-4 0 0 6.437333333333333E-4 6.437333333333333E-4 
2 0 0.0034117866666666667 0 3.2186666666666667E-4 3.2186666666666667E-4 0 0 
3 0 0 0.0027294293333333334 0 0 0.0027294293333333334 0.0027294293333333334 
42 0 0 0.0027294293333333334 0 0 0.0027294293333333334 0.0027294293333333334 
48 0 0.0034117866666666667 0 3.2186666666666667E-4 3.2186666666666667E-4 0 0 
49 0 0.0034117866666666667 0 3.2186666666666667E-4 3.2186666666666667E-4 0 0 
[1,*,*] : 
0 4 5 6 26 27 28 29 43 44 45 46 := 
0 0 2.944E-4 0 0 0 0 0 2.944E-4 0 0 0 0 
4 0.312064 0 5.888E-5 0 5.888E-5 0 0 0 5.888E-5 5.888E-5 0 5.888E-5 
5 0 3.12064E-4 0 2.944E-5 0 2.944E-5 2.944E-5 3.12064E-4 0 0 2.944E-5 0 
6 0 0 3.4327040000000004E-4 0 3.4327040000000004E-4 0 0 0 3.4327040000000004E-4 3.4327040000000004E-4 0 3.4327040000000004E-4 
26 0 3.12064E-4 0 2.944E-5 0 2.944E-5 2.944E-5 3.12064E-4 0 0 2.944E-5 0 
27 0 0 3.4327040000000004E-4 0 3.4327040000000004E-4 0 0 0 3.4327040000000004E-4 3.4327040000000004E-4 0 3.4327040000000004E-4 
28 0 0 3.4327040000000004E-4 0 3.4327040000000004E-4 0 0 0 3.4327040000000004E-4 3.4327040000000004E-4 0 3.4327040000000004E-4 
29 0.312064 0 5.888E-5 0 5.888E-5 0 0 0 5.888E-5 5.888E-5 0 5.888E-5 
43 0 3.12064E-4 0 2.944E-5 0 2.944E-5 2.944E-5 3.12064E-4 0 0 2.944E-5 0 
44 0 3.12064E-4 0 2.944E-5 0 2.944E-5 2.944E-5 3.12064E-4 0 0 2.944E-5 0 
45 0 0 3.4327040000000004E-4 0 3.4327040000000004E-4 0 0 0 3.4327040000000004E-4 3.4327040000000004E-4 0 3.4327040000000004E-4 
46 0 3.12064E-4 0 2.944E-5 0 2.944E-5 2.944E-5 3.12064E-4 0 0 2.944E-5 0 
[2,*,*] : 
0 7 8 9 37 38 39 40 41 := 
0 0 2.108E-4 0 0 2.108E-4 2.108E-4 2.108E-4 0 0 
7 0.223448 0 1.054E-4 0 0 0 0 0 1.054E-4 
8 0 5.5862E-4 0 2.108E-4 5.5862E-4 5.5862E-4 5.5862E-4 2.108E-4 0 
9 0 0 0.005697924 0 0 0 0 0 0.005697924 
37 0.223448 0 1.054E-4 0 0 0 0 0 1.054E-4 
38 0.223448 0 1.054E-4 0 0 0 0 0 1.054E-4 
39 0.223448 0 1.054E-4 0 0 0 0 0 1.054E-4 
40 0 0 0.005697924 0 0 0 0 0 0.005697924 
41 0 5.5862E-4 0 2.108E-4 5.5862E-4 5.5862E-4 5.5862E-4 2.108E-4 0 
[3,*,*] : 
0 10 11 12 13 14 := 
0 0 5.602666666666667E-4 5.602666666666667E-4 5.602666666666667E-4 0 0 
10 0.5938826666666667 0 0 0 5.602666666666667E-4 0 
11 0.5938826666666667 0 0 0 5.602666666666667E-4 0 
12 0.5938826666666667 0 0 0 5.602666666666667E-4 0 
13 0 0.0029694133333333338 0.0029694133333333338 0.0029694133333333338 0 0.0016808 
14 0 0 0 0 0.067702624 0 
[4,*,*] : 
0 15 16 17 18 19 20 30 31 32 33 34 35 36 47 := 
0 0 1.6808888888888887E-4 1.6808888888888887E-4 1.6808888888888887E-4 1.6808888888888887E-4 0 0 0 0 1.6808888888888887E-4 1.6808888888888887E-4 1.6808888888888887E-4 0 1.6808888888888887E-4 1.6808888888888887E-4 
15 0.1781742222222222 0 0 0 0 8.404444444444443E-5 0 8.404444444444443E-5 0 0 0 0 0 0 0 
16 0.1781742222222222 0 0 0 0 8.404444444444443E-5 0 8.404444444444443E-5 0 0 0 0 0 0 0 
17 0.1781742222222222 0 0 0 0 8.404444444444443E-5 0 8.404444444444443E-5 0 0 0 0 0 0 0 
18 0.1781742222222222 0 0 0 0 8.404444444444443E-5 0 8.404444444444443E-5 0 0 0 0 0 0 0 
19 0 4.4543555555555555E-4 4.4543555555555555E-4 4.4543555555555555E-4 4.4543555555555555E-4 0 2.521333333333333E-4 0 2.521333333333333E-4 4.4543555555555555E-4 4.4543555555555555E-4 4.4543555555555555E-4 2.521333333333333E-4 4.4543555555555555E-4 4.4543555555555555E-4 
20 0 0 0 0 0 0.0030735053333333334 0 0.0030735053333333334 0 0 0 0 0 0 0 
30 0 4.4543555555555555E-4 4.4543555555555555E-4 4.4543555555555555E-4 4.4543555555555555E-4 0 2.521333333333333E-4 0 2.521333333333333E-4 4.4543555555555555E-4 4.4543555555555555E-4 4.4543555555555555E-4 2.521333333333333E-4 4.4543555555555555E-4 4.4543555555555555E-4 
31 0 0 0 0 0 0.0030735053333333334 0 0.0030735053333333334 0 0 0 0 0 0 0 
32 0.1781742222222222 0 0 0 0 8.404444444444443E-5 0 8.404444444444443E-5 0 0 0 0 0 0 0 
33 0.1781742222222222 0 0 0 0 8.404444444444443E-5 0 8.404444444444443E-5 0 0 0 0 0 0 0 
34 0.1781742222222222 0 0 0 0 8.404444444444443E-5 0 8.404444444444443E-5 0 0 0 0 0 0 0 
35 0 0 0 0 0 0.0030735053333333334 0 0.0030735053333333334 0 0 0 0 0 0 0 
36 0.1781742222222222 0 0 0 0 8.404444444444443E-5 0 8.404444444444443E-5 0 0 0 0 0 0 0 
47 0.1781742222222222 0 0 0 0 8.404444444444443E-5 0 8.404444444444443E-5 0 0 0 0 0 0 0 
[5,*,*] : 
0 21 22 23 24 25 := 
0 0 0.0012744 0.0012744 0.0012744 0 0 
21 1.3508639999999998 0 0 0 0.0012744 0 
22 1.3508639999999998 0 0 0 0.0012744 0 
23 1.3508639999999998 0 0 0 0.0012744 0 
24 0 0.00675432 0.00675432 0.00675432 0 0.0038232 
25 0 0 0 0 0.038499623999999996 0 
;
param x_bar : 0 1 2 3 4 5 6 7 8 9 10 11 12 13 14 15  := 
0 0 0 0 0 0 0 0 0 0 0 0 0 0 0 0 0 
1 0 0 0 0 1 0 0 0 0 0 0 0 0 0 0 0 
2 0 0 0 0 1 0 0 0 0 0 0 0 0 0 0 0 
3 0 0 0 0 0 1 0 0 0 0 0 0 0 0 0 0 
4 0 0 1 0 0 0 0 0 0 0 0 0 0 0 0 0 
5 0 0 1 0 0 0 0 0 0 0 0 0 0 0 0 0 
6 0 0 0 1 0 0 0 0 0 0 0 0 0 0 0 0 
7 0 0 0 0 0 0 0 0 0 0 1 0 0 0 0 0 
8 0 0 0 0 0 0 0 0 0 0 1 0 0 0 0 0 
9 0 0 0 0 0 0 0 0 0 0 1 0 0 0 0 0 
;
