data;
set C_bar :=  1 2 3 4 5 6 7 8 9 10 11 12 13 14 15 16 17 18 ;
set C :=  19 20 21 22 23 24 46 25 26 27 28 29 30 31 32 33 34 47 48 49 50 51 52 53 54 55 56 57 58 35 36 37 43 44 45 38 39 40 41 42 ;
set R := 0 1 2 3 4 5 ;
set C_bar_r[0] :=  
1 2 3 4 5 6 ;
set C_bar_r[1] :=  
7 8 9 10 11 12 ;
set C_bar_r[2] :=  
13 14 15 16 17 18 ;
set C_r[0] :=  
38 39 40 41 42 ;
set C_r[1] :=  
;
set C_r[2] :=  
;
set C_r[3] :=  
19 20 21 22 23 24 46 ;
set C_r[4] :=  
25 26 27 28 29 30 31 32 33 34 47 48 49 50 51 52 53 54 55 56 57 58 ;
set C_r[5] :=  
35 36 37 43 44 45 ;
set S :=  0 1 2 3 4 5 6 7 8 9 10 11 12 13 14 15 ;
set S_u :=  0 1 2 3 4 5 6 7 8 9 10 11 12 13 14 15 ;
set S_r[0] := 
8 9 12 ;
set S_r[1] := 
4 5 ;
set S_r[2] := 
6 7 ;
set Rack :=  0 1 2 3 4 5 6 7 ;
param COST : 0 1 2 3 4 5 6 7 8 9 10 11 12 13 14 15 :=
0 0 1 3 3 5 5 5 5 5 5 5 5 5 5 5 5 
1 1 0 3 3 5 5 5 5 5 5 5 5 5 5 5 5 
2 3 3 0 1 5 5 5 5 5 5 5 5 5 5 5 5 
3 3 3 1 0 5 5 5 5 5 5 5 5 5 5 5 5 
4 5 5 5 5 0 1 3 3 5 5 5 5 5 5 5 5 
5 5 5 5 5 1 0 3 3 5 5 5 5 5 5 5 5 
6 5 5 5 5 3 3 0 1 5 5 5 5 5 5 5 5 
7 5 5 5 5 3 3 1 0 5 5 5 5 5 5 5 5 
8 5 5 5 5 5 5 5 5 0 1 3 3 5 5 5 5 
9 5 5 5 5 5 5 5 5 1 0 3 3 5 5 5 5 
10 5 5 5 5 5 5 5 5 3 3 0 1 5 5 5 5 
11 5 5 5 5 5 5 5 5 3 3 1 0 5 5 5 5 
12 5 5 5 5 5 5 5 5 5 5 5 5 0 1 3 3 
13 5 5 5 5 5 5 5 5 5 5 5 5 1 0 3 3 
14 5 5 5 5 5 5 5 5 5 5 5 5 3 3 0 1 
15 5 5 5 5 5 5 5 5 5 5 5 5 3 3 1 0 
;
set S_rack[0] :=  
0 1 ;
set S_rack[1] :=  
2 3 ;
set S_rack[2] :=  
4 5 ;
set S_rack[3] :=  
6 7 ;
set S_rack[4] :=  
8 9 ;
set S_rack[5] :=  
10 11 ;
set S_rack[6] :=  
12 13 ;
set S_rack[7] :=  
14 15 ;
param CPU := 
0 56.0
1 56.0
2 44.0
3 44.0
4 47.0
5 55.0
6 33.772727370262146
7 42.86363637447357
8 36.0
9 40.0
10 56.0
11 56.0
12 52.0
13 56.0
14 56.0
15 56.0
;
param MEM := 
0 192.0
1 192.0
2 128.0
3 128.0
4 165.0
5 191.0
6 98.0
7 126.0
8 112.0
9 128.0
10 192.0
11 192.0
12 176.0
13 192.0
14 192.0
15 192.0
;
param DISK := 
0 192.0
1 192.0
2 128.0
3 128.0
4 120.0
5 188.0
6 44.0
7 120.0
8 92.0
9 70.0
10 192.0
11 192.0
12 156.0
13 192.0
14 192.0
15 192.0
;
param BDW_out := 
0 10.0
1 10.0
2 10.0
3 10.0
4 8.14105892
5 9.3808004
6 6.91535548
7 8.9725276
8 9.555708333333333
9 9.109763888888889
10 10.0
11 10.0
12 9.558194444444444
13 10.0
14 10.0
15 10.0
;
param BDW_in := 
0 10.0
1 10.0
2 10.0
3 10.0
4 9.9976656
5 9.99632332
6 9.9961264
7 9.99389908
8 9.992541666666666
9 9.997277777777779
10 10.0
11 10.0
12 9.998847222222222
13 10.0
14 10.0
15 10.0
;
param mem := 
1 16.0
2 16.0
3 16.0
4 16.0
5 64.0
6 32.0
38 32.0
39 64.0
40 16.0
41 64.0
42 16.0
7 1.0
8 1.0
9 1.0
10 1.0
11 16.0
12 8.0
13 2.0
14 2.0
15 2.0
16 2.0
17 8.0
18 16.0
19 16.0
20 16.0
21 16.0
22 16.0
23 32.0
24 8.0
46 8.0
25 8.0
26 8.0
27 8.0
28 8.0
29 8.0
30 8.0
31 8.0
32 8.0
33 16.0
34 64.0
47 8.0
48 16.0
49 8.0
50 8.0
51 8.0
52 64.0
53 64.0
54 16.0
55 16.0
56 8.0
57 16.0
58 64.0
35 32.0
36 16.0
37 32.0
43 32.0
44 32.0
45 32.0
;
param disk := 
1 36.0
2 36.0
3 36.0
4 36.0
5 64.0
6 50.0
38 50.0
39 64.0
40 36.0
41 64.0
42 36.0
7 4.0
8 4.0
9 4.0
10 4.0
11 36.0
12 24.0
13 8.0
14 8.0
15 8.0
16 8.0
17 24.0
18 36.0
19 36.0
20 36.0
21 36.0
22 36.0
23 43.2
24 24.0
46 24.0
25 24.0
26 24.0
27 24.0
28 24.0
29 24.0
30 24.0
31 24.0
32 24.0
33 36.0
34 64.0
47 24.0
48 36.0
49 24.0
50 24.0
51 24.0
52 64.0
53 64.0
54 36.0
55 36.0
56 24.0
57 36.0
58 64.0
35 43.2
36 36.0
37 43.2
43 43.2
44 43.2
45 43.2
;
param cpu : 
0 1 2 3 4 5 6 7 8 9 10 11 12 13 14 15 := 
1 4.0 4.0 4.545454545454546 4.545454545454546 4.0 4.0 4.545454545454546 4.545454545454546 4.0 4.0 4.0 4.0 4.0 4.0 4.0 4.0 
2 4.0 4.0 4.545454545454546 4.545454545454546 4.0 4.0 4.545454545454546 4.545454545454546 4.0 4.0 4.0 4.0 4.0 4.0 4.0 4.0 
3 4.0 4.0 4.545454545454546 4.545454545454546 4.0 4.0 4.545454545454546 4.545454545454546 4.0 4.0 4.0 4.0 4.0 4.0 4.0 4.0 
4 4.0 4.0 4.545454545454546 4.545454545454546 4.0 4.0 4.545454545454546 4.545454545454546 4.0 4.0 4.0 4.0 4.0 4.0 4.0 4.0 
5 16.0 16.0 18.181818181818183 18.181818181818183 16.0 16.0 18.181818181818183 18.181818181818183 16.0 16.0 16.0 16.0 16.0 16.0 16.0 16.0 
6 8.0 8.0 9.090909090909092 9.090909090909092 8.0 8.0 9.090909090909092 9.090909090909092 8.0 8.0 8.0 8.0 8.0 8.0 8.0 8.0 
38 8.0 8.0 9.090909090909092 9.090909090909092 8.0 8.0 9.090909090909092 9.090909090909092 8.0 8.0 8.0 8.0 8.0 8.0 8.0 8.0 
39 16.0 16.0 18.181818181818183 18.181818181818183 16.0 16.0 18.181818181818183 18.181818181818183 16.0 16.0 16.0 16.0 16.0 16.0 16.0 16.0 
40 4.0 4.0 4.545454545454546 4.545454545454546 4.0 4.0 4.545454545454546 4.545454545454546 4.0 4.0 4.0 4.0 4.0 4.0 4.0 4.0 
41 16.0 16.0 18.181818181818183 18.181818181818183 16.0 16.0 18.181818181818183 18.181818181818183 16.0 16.0 16.0 16.0 16.0 16.0 16.0 16.0 
42 4.0 4.0 4.545454545454546 4.545454545454546 4.0 4.0 4.545454545454546 4.545454545454546 4.0 4.0 4.0 4.0 4.0 4.0 4.0 4.0 
7 1.0 1.0 1.1363636363636365 1.1363636363636365 1.0 1.0 1.1363636363636365 1.1363636363636365 1.0 1.0 1.0 1.0 1.0 1.0 1.0 1.0 
8 1.0 1.0 1.1363636363636365 1.1363636363636365 1.0 1.0 1.1363636363636365 1.1363636363636365 1.0 1.0 1.0 1.0 1.0 1.0 1.0 1.0 
9 1.0 1.0 1.1363636363636365 1.1363636363636365 1.0 1.0 1.1363636363636365 1.1363636363636365 1.0 1.0 1.0 1.0 1.0 1.0 1.0 1.0 
10 1.0 1.0 1.1363636363636365 1.1363636363636365 1.0 1.0 1.1363636363636365 1.1363636363636365 1.0 1.0 1.0 1.0 1.0 1.0 1.0 1.0 
11 4.0 4.0 4.545454545454546 4.545454545454546 4.0 4.0 4.545454545454546 4.545454545454546 4.0 4.0 4.0 4.0 4.0 4.0 4.0 4.0 
12 2.0 2.0 2.272727272727273 2.272727272727273 2.0 2.0 2.272727272727273 2.272727272727273 2.0 2.0 2.0 2.0 2.0 2.0 2.0 2.0 
13 1.0 1.0 1.1363636363636365 1.1363636363636365 1.0 1.0 1.1363636363636365 1.1363636363636365 1.0 1.0 1.0 1.0 1.0 1.0 1.0 1.0 
14 1.0 1.0 1.1363636363636365 1.1363636363636365 1.0 1.0 1.1363636363636365 1.1363636363636365 1.0 1.0 1.0 1.0 1.0 1.0 1.0 1.0 
15 1.0 1.0 1.1363636363636365 1.1363636363636365 1.0 1.0 1.1363636363636365 1.1363636363636365 1.0 1.0 1.0 1.0 1.0 1.0 1.0 1.0 
16 1.0 1.0 1.1363636363636365 1.1363636363636365 1.0 1.0 1.1363636363636365 1.1363636363636365 1.0 1.0 1.0 1.0 1.0 1.0 1.0 1.0 
17 2.0 2.0 2.272727272727273 2.272727272727273 2.0 2.0 2.272727272727273 2.272727272727273 2.0 2.0 2.0 2.0 2.0 2.0 2.0 2.0 
18 4.0 4.0 4.545454545454546 4.545454545454546 4.0 4.0 4.545454545454546 4.545454545454546 4.0 4.0 4.0 4.0 4.0 4.0 4.0 4.0 
19 4.0 4.0 4.545454545454546 4.545454545454546 4.0 4.0 4.545454545454546 4.545454545454546 4.0 4.0 4.0 4.0 4.0 4.0 4.0 4.0 
20 4.0 4.0 4.545454545454546 4.545454545454546 4.0 4.0 4.545454545454546 4.545454545454546 4.0 4.0 4.0 4.0 4.0 4.0 4.0 4.0 
21 4.0 4.0 4.545454545454546 4.545454545454546 4.0 4.0 4.545454545454546 4.545454545454546 4.0 4.0 4.0 4.0 4.0 4.0 4.0 4.0 
22 4.0 4.0 4.545454545454546 4.545454545454546 4.0 4.0 4.545454545454546 4.545454545454546 4.0 4.0 4.0 4.0 4.0 4.0 4.0 4.0 
23 8.0 8.0 9.090909090909092 9.090909090909092 8.0 8.0 9.090909090909092 9.090909090909092 8.0 8.0 8.0 8.0 8.0 8.0 8.0 8.0 
24 2.0 2.0 2.272727272727273 2.272727272727273 2.0 2.0 2.272727272727273 2.272727272727273 2.0 2.0 2.0 2.0 2.0 2.0 2.0 2.0 
46 2.0 2.0 2.272727272727273 2.272727272727273 2.0 2.0 2.272727272727273 2.272727272727273 2.0 2.0 2.0 2.0 2.0 2.0 2.0 2.0 
25 2.0 2.0 2.272727272727273 2.272727272727273 2.0 2.0 2.272727272727273 2.272727272727273 2.0 2.0 2.0 2.0 2.0 2.0 2.0 2.0 
26 2.0 2.0 2.272727272727273 2.272727272727273 2.0 2.0 2.272727272727273 2.272727272727273 2.0 2.0 2.0 2.0 2.0 2.0 2.0 2.0 
27 2.0 2.0 2.272727272727273 2.272727272727273 2.0 2.0 2.272727272727273 2.272727272727273 2.0 2.0 2.0 2.0 2.0 2.0 2.0 2.0 
28 2.0 2.0 2.272727272727273 2.272727272727273 2.0 2.0 2.272727272727273 2.272727272727273 2.0 2.0 2.0 2.0 2.0 2.0 2.0 2.0 
29 2.0 2.0 2.272727272727273 2.272727272727273 2.0 2.0 2.272727272727273 2.272727272727273 2.0 2.0 2.0 2.0 2.0 2.0 2.0 2.0 
30 2.0 2.0 2.272727272727273 2.272727272727273 2.0 2.0 2.272727272727273 2.272727272727273 2.0 2.0 2.0 2.0 2.0 2.0 2.0 2.0 
31 2.0 2.0 2.272727272727273 2.272727272727273 2.0 2.0 2.272727272727273 2.272727272727273 2.0 2.0 2.0 2.0 2.0 2.0 2.0 2.0 
32 2.0 2.0 2.272727272727273 2.272727272727273 2.0 2.0 2.272727272727273 2.272727272727273 2.0 2.0 2.0 2.0 2.0 2.0 2.0 2.0 
33 4.0 4.0 4.545454545454546 4.545454545454546 4.0 4.0 4.545454545454546 4.545454545454546 4.0 4.0 4.0 4.0 4.0 4.0 4.0 4.0 
34 16.0 16.0 18.181818181818183 18.181818181818183 16.0 16.0 18.181818181818183 18.181818181818183 16.0 16.0 16.0 16.0 16.0 16.0 16.0 16.0 
47 2.0 2.0 2.272727272727273 2.272727272727273 2.0 2.0 2.272727272727273 2.272727272727273 2.0 2.0 2.0 2.0 2.0 2.0 2.0 2.0 
48 4.0 4.0 4.545454545454546 4.545454545454546 4.0 4.0 4.545454545454546 4.545454545454546 4.0 4.0 4.0 4.0 4.0 4.0 4.0 4.0 
49 2.0 2.0 2.272727272727273 2.272727272727273 2.0 2.0 2.272727272727273 2.272727272727273 2.0 2.0 2.0 2.0 2.0 2.0 2.0 2.0 
50 2.0 2.0 2.272727272727273 2.272727272727273 2.0 2.0 2.272727272727273 2.272727272727273 2.0 2.0 2.0 2.0 2.0 2.0 2.0 2.0 
51 2.0 2.0 2.272727272727273 2.272727272727273 2.0 2.0 2.272727272727273 2.272727272727273 2.0 2.0 2.0 2.0 2.0 2.0 2.0 2.0 
52 16.0 16.0 18.181818181818183 18.181818181818183 16.0 16.0 18.181818181818183 18.181818181818183 16.0 16.0 16.0 16.0 16.0 16.0 16.0 16.0 
53 16.0 16.0 18.181818181818183 18.181818181818183 16.0 16.0 18.181818181818183 18.181818181818183 16.0 16.0 16.0 16.0 16.0 16.0 16.0 16.0 
54 4.0 4.0 4.545454545454546 4.545454545454546 4.0 4.0 4.545454545454546 4.545454545454546 4.0 4.0 4.0 4.0 4.0 4.0 4.0 4.0 
55 4.0 4.0 4.545454545454546 4.545454545454546 4.0 4.0 4.545454545454546 4.545454545454546 4.0 4.0 4.0 4.0 4.0 4.0 4.0 4.0 
56 2.0 2.0 2.272727272727273 2.272727272727273 2.0 2.0 2.272727272727273 2.272727272727273 2.0 2.0 2.0 2.0 2.0 2.0 2.0 2.0 
57 4.0 4.0 4.545454545454546 4.545454545454546 4.0 4.0 4.545454545454546 4.545454545454546 4.0 4.0 4.0 4.0 4.0 4.0 4.0 4.0 
58 16.0 16.0 18.181818181818183 18.181818181818183 16.0 16.0 18.181818181818183 18.181818181818183 16.0 16.0 16.0 16.0 16.0 16.0 16.0 16.0 
35 8.0 8.0 9.090909090909092 9.090909090909092 8.0 8.0 9.090909090909092 9.090909090909092 8.0 8.0 8.0 8.0 8.0 8.0 8.0 8.0 
36 4.0 4.0 4.545454545454546 4.545454545454546 4.0 4.0 4.545454545454546 4.545454545454546 4.0 4.0 4.0 4.0 4.0 4.0 4.0 4.0 
37 8.0 8.0 9.090909090909092 9.090909090909092 8.0 8.0 9.090909090909092 9.090909090909092 8.0 8.0 8.0 8.0 8.0 8.0 8.0 8.0 
43 8.0 8.0 9.090909090909092 9.090909090909092 8.0 8.0 9.090909090909092 9.090909090909092 8.0 8.0 8.0 8.0 8.0 8.0 8.0 8.0 
44 8.0 8.0 9.090909090909092 9.090909090909092 8.0 8.0 9.090909090909092 9.090909090909092 8.0 8.0 8.0 8.0 8.0 8.0 8.0 8.0 
45 8.0 8.0 9.090909090909092 9.090909090909092 8.0 8.0 9.090909090909092 9.090909090909092 8.0 8.0 8.0 8.0 8.0 8.0 8.0 8.0 
;
set c_0 := 0;
param d := 
[0,*,*] : 
0 1 2 3 4 5 6 38 39 40 41 42 := 
0 0 4.166666666666667E-4 4.166666666666667E-4 4.166666666666667E-4 4.166666666666667E-4 0 0 0 0 4.166666666666667E-4 0 4.166666666666667E-4 
1 0.44166666666666665 0 0 0 0 1.388888888888889E-4 0 0 1.388888888888889E-4 0 1.388888888888889E-4 0 
2 0.44166666666666665 0 0 0 0 1.388888888888889E-4 0 0 1.388888888888889E-4 0 1.388888888888889E-4 0 
3 0.44166666666666665 0 0 0 0 1.388888888888889E-4 0 0 1.388888888888889E-4 0 1.388888888888889E-4 0 
4 0.44166666666666665 0 0 0 0 1.388888888888889E-4 0 0 1.388888888888889E-4 0 1.388888888888889E-4 0 
5 0 7.361111111111111E-4 7.361111111111111E-4 7.361111111111111E-4 7.361111111111111E-4 0 4.166666666666667E-4 4.166666666666667E-4 0 7.361111111111111E-4 0 7.361111111111111E-4 
6 0 0 0 0 0 0.006625 0 0 0.006625 0 0.006625 0 
38 0 0 0 0 0 0.006625 0 0 0.006625 0 0.006625 0 
39 0 7.361111111111111E-4 7.361111111111111E-4 7.361111111111111E-4 7.361111111111111E-4 0 4.166666666666667E-4 4.166666666666667E-4 0 7.361111111111111E-4 0 7.361111111111111E-4 
40 0.44166666666666665 0 0 0 0 1.388888888888889E-4 0 0 1.388888888888889E-4 0 1.388888888888889E-4 0 
41 0 7.361111111111111E-4 7.361111111111111E-4 7.361111111111111E-4 7.361111111111111E-4 0 4.166666666666667E-4 4.166666666666667E-4 0 7.361111111111111E-4 0 7.361111111111111E-4 
42 0.44166666666666665 0 0 0 0 1.388888888888889E-4 0 0 1.388888888888889E-4 0 1.388888888888889E-4 0 
[1,*,*] : 
0 7 8 9 10 11 12 := 
0 0 5.836E-4 5.836E-4 5.836E-4 5.836E-4 0 0 
7 0.6186159999999999 0 0 0 0 5.836E-4 0 
8 0.6186159999999999 0 0 0 0 5.836E-4 0 
9 0.6186159999999999 0 0 0 0 5.836E-4 0 
10 0.6186159999999999 0 0 0 0 5.836E-4 0 
11 0 0.00309308 0.00309308 0.00309308 0.00309308 0 0.0023344 
12 0 0 0 0 0 0.05938713599999999 0 
[2,*,*] : 
0 13 14 15 16 17 18 := 
0 0 9.684E-4 9.684E-4 9.684E-4 9.684E-4 0 0 
13 1.026504 0 0 0 0 9.684E-4 0 
14 1.026504 0 0 0 0 9.684E-4 0 
15 1.026504 0 0 0 0 9.684E-4 0 
16 1.026504 0 0 0 0 9.684E-4 0 
17 0 0.005132520000000001 0.005132520000000001 0.005132520000000001 0.005132520000000001 0 0.0038736 
18 0 0 0 0 0 0.012318048000000002 0 
[3,*,*] : 
0 19 20 21 22 23 24 46 := 
0 0 6.906E-4 6.906E-4 6.906E-4 6.906E-4 0 0 0 
19 0.732036 0 0 0 0 6.906E-4 0 0 
20 0.732036 0 0 0 0 6.906E-4 0 0 
21 0.732036 0 0 0 0 6.906E-4 0 0 
22 0.732036 0 0 0 0 6.906E-4 0 0 
23 0 0.0036601800000000003 0.0036601800000000003 0.0036601800000000003 0.0036601800000000003 0 0.0013812 0.0013812 
24 0 0 0 0 0 0.05417066400000001 0 0 
46 0 0 0 0 0 0.05417066400000001 0 0 
[4,*,*] : 
0 25 26 27 28 29 30 31 32 33 34 47 48 49 50 51 52 53 54 55 56 57 58 := 
0 0 2.3587692307692307E-4 2.3587692307692307E-4 2.3587692307692307E-4 2.3587692307692307E-4 2.3587692307692307E-4 2.3587692307692307E-4 2.3587692307692307E-4 2.3587692307692307E-4 0 0 2.3587692307692307E-4 0 2.3587692307692307E-4 2.3587692307692307E-4 2.3587692307692307E-4 0 0 0 0 2.3587692307692307E-4 0 0 
25 0.25002953846153847 0 0 0 0 0 0 0 0 4.7175384615384614E-5 0 0 4.7175384615384614E-5 0 0 0 0 0 4.7175384615384614E-5 4.7175384615384614E-5 0 4.7175384615384614E-5 0 
26 0.25002953846153847 0 0 0 0 0 0 0 0 4.7175384615384614E-5 0 0 4.7175384615384614E-5 0 0 0 0 0 4.7175384615384614E-5 4.7175384615384614E-5 0 4.7175384615384614E-5 0 
27 0.25002953846153847 0 0 0 0 0 0 0 0 4.7175384615384614E-5 0 0 4.7175384615384614E-5 0 0 0 0 0 4.7175384615384614E-5 4.7175384615384614E-5 0 4.7175384615384614E-5 0 
28 0.25002953846153847 0 0 0 0 0 0 0 0 4.7175384615384614E-5 0 0 4.7175384615384614E-5 0 0 0 0 0 4.7175384615384614E-5 4.7175384615384614E-5 0 4.7175384615384614E-5 0 
29 0.25002953846153847 0 0 0 0 0 0 0 0 4.7175384615384614E-5 0 0 4.7175384615384614E-5 0 0 0 0 0 4.7175384615384614E-5 4.7175384615384614E-5 0 4.7175384615384614E-5 0 
30 0.25002953846153847 0 0 0 0 0 0 0 0 4.7175384615384614E-5 0 0 4.7175384615384614E-5 0 0 0 0 0 4.7175384615384614E-5 4.7175384615384614E-5 0 4.7175384615384614E-5 0 
31 0.25002953846153847 0 0 0 0 0 0 0 0 4.7175384615384614E-5 0 0 4.7175384615384614E-5 0 0 0 0 0 4.7175384615384614E-5 4.7175384615384614E-5 0 4.7175384615384614E-5 0 
32 0.25002953846153847 0 0 0 0 0 0 0 0 4.7175384615384614E-5 0 0 4.7175384615384614E-5 0 0 0 0 0 4.7175384615384614E-5 4.7175384615384614E-5 0 4.7175384615384614E-5 0 
33 0 2.5002953846153846E-4 2.5002953846153846E-4 2.5002953846153846E-4 2.5002953846153846E-4 2.5002953846153846E-4 2.5002953846153846E-4 2.5002953846153846E-4 2.5002953846153846E-4 0 1.5332E-4 2.5002953846153846E-4 0 2.5002953846153846E-4 2.5002953846153846E-4 2.5002953846153846E-4 1.5332E-4 1.5332E-4 0 0 2.5002953846153846E-4 0 1.5332E-4 
34 0 0 0 0 0 0 0 0 0 0.0062569892 0 0 0.0062569892 0 0 0 0 0 0.0062569892 0.0062569892 0 0.0062569892 0 
47 0.25002953846153847 0 0 0 0 0 0 0 0 4.7175384615384614E-5 0 0 4.7175384615384614E-5 0 0 0 0 0 4.7175384615384614E-5 4.7175384615384614E-5 0 4.7175384615384614E-5 0 
48 0 2.5002953846153846E-4 2.5002953846153846E-4 2.5002953846153846E-4 2.5002953846153846E-4 2.5002953846153846E-4 2.5002953846153846E-4 2.5002953846153846E-4 2.5002953846153846E-4 0 1.5332E-4 2.5002953846153846E-4 0 2.5002953846153846E-4 2.5002953846153846E-4 2.5002953846153846E-4 1.5332E-4 1.5332E-4 0 0 2.5002953846153846E-4 0 1.5332E-4 
49 0.25002953846153847 0 0 0 0 0 0 0 0 4.7175384615384614E-5 0 0 4.7175384615384614E-5 0 0 0 0 0 4.7175384615384614E-5 4.7175384615384614E-5 0 4.7175384615384614E-5 0 
50 0.25002953846153847 0 0 0 0 0 0 0 0 4.7175384615384614E-5 0 0 4.7175384615384614E-5 0 0 0 0 0 4.7175384615384614E-5 4.7175384615384614E-5 0 4.7175384615384614E-5 0 
51 0.25002953846153847 0 0 0 0 0 0 0 0 4.7175384615384614E-5 0 0 4.7175384615384614E-5 0 0 0 0 0 4.7175384615384614E-5 4.7175384615384614E-5 0 4.7175384615384614E-5 0 
52 0 0 0 0 0 0 0 0 0 0.0062569892 0 0 0.0062569892 0 0 0 0 0 0.0062569892 0.0062569892 0 0.0062569892 0 
53 0 0 0 0 0 0 0 0 0 0.0062569892 0 0 0.0062569892 0 0 0 0 0 0.0062569892 0.0062569892 0 0.0062569892 0 
54 0 2.5002953846153846E-4 2.5002953846153846E-4 2.5002953846153846E-4 2.5002953846153846E-4 2.5002953846153846E-4 2.5002953846153846E-4 2.5002953846153846E-4 2.5002953846153846E-4 0 1.5332E-4 2.5002953846153846E-4 0 2.5002953846153846E-4 2.5002953846153846E-4 2.5002953846153846E-4 1.5332E-4 1.5332E-4 0 0 2.5002953846153846E-4 0 1.5332E-4 
55 0 2.5002953846153846E-4 2.5002953846153846E-4 2.5002953846153846E-4 2.5002953846153846E-4 2.5002953846153846E-4 2.5002953846153846E-4 2.5002953846153846E-4 2.5002953846153846E-4 0 1.5332E-4 2.5002953846153846E-4 0 2.5002953846153846E-4 2.5002953846153846E-4 2.5002953846153846E-4 1.5332E-4 1.5332E-4 0 0 2.5002953846153846E-4 0 1.5332E-4 
56 0.25002953846153847 0 0 0 0 0 0 0 0 4.7175384615384614E-5 0 0 4.7175384615384614E-5 0 0 0 0 0 4.7175384615384614E-5 4.7175384615384614E-5 0 4.7175384615384614E-5 0 
57 0 2.5002953846153846E-4 2.5002953846153846E-4 2.5002953846153846E-4 2.5002953846153846E-4 2.5002953846153846E-4 2.5002953846153846E-4 2.5002953846153846E-4 2.5002953846153846E-4 0 1.5332E-4 2.5002953846153846E-4 0 2.5002953846153846E-4 2.5002953846153846E-4 2.5002953846153846E-4 1.5332E-4 1.5332E-4 0 0 2.5002953846153846E-4 0 1.5332E-4 
58 0 0 0 0 0 0 0 0 0 0.0062569892 0 0 0.0062569892 0 0 0 0 0 0.0062569892 0.0062569892 0 0.0062569892 0 
[5,*,*] : 
0 35 36 37 43 44 45 := 
0 0 1.7973333333333333E-4 0 0 1.7973333333333333E-4 1.7973333333333333E-4 0 
35 0.19051733333333332 0 1.7973333333333333E-4 0 0 0 0 
36 0 9.525866666666667E-4 0 2.696E-4 9.525866666666667E-4 9.525866666666667E-4 2.696E-4 
37 0 0 0.003715088 0 0 0 0 
43 0.19051733333333332 0 1.7973333333333333E-4 0 0 0 0 
44 0.19051733333333332 0 1.7973333333333333E-4 0 0 0 0 
45 0 0 0.003715088 0 0 0 0 
;
param x_bar : 0 1 2 3 4 5 6 7 8 9 10 11 12 13 14 15  := 
0 0 0 0 0 0 0 0 0 0 0 0 0 0 0 0 0 
1 0 0 0 0 0 0 0 0 1 0 0 0 0 0 0 0 
2 0 0 0 0 0 0 0 0 0 1 0 0 0 0 0 0 
3 0 0 0 0 0 0 0 0 0 1 0 0 0 0 0 0 
4 0 0 0 0 0 0 0 0 0 0 0 0 1 0 0 0 
5 0 0 0 0 0 0 0 0 1 0 0 0 0 0 0 0 
6 0 0 0 0 0 0 0 0 0 1 0 0 0 0 0 0 
7 0 0 0 0 1 0 0 0 0 0 0 0 0 0 0 0 
8 0 0 0 0 1 0 0 0 0 0 0 0 0 0 0 0 
9 0 0 0 0 1 0 0 0 0 0 0 0 0 0 0 0 
10 0 0 0 0 0 1 0 0 0 0 0 0 0 0 0 0 
11 0 0 0 0 1 0 0 0 0 0 0 0 0 0 0 0 
12 0 0 0 0 1 0 0 0 0 0 0 0 0 0 0 0 
13 0 0 0 0 0 0 1 0 0 0 0 0 0 0 0 0 
14 0 0 0 0 0 0 1 0 0 0 0 0 0 0 0 0 
15 0 0 0 0 0 0 1 0 0 0 0 0 0 0 0 0 
16 0 0 0 0 0 0 0 1 0 0 0 0 0 0 0 0 
17 0 0 0 0 0 0 1 0 0 0 0 0 0 0 0 0 
18 0 0 0 0 0 0 1 0 0 0 0 0 0 0 0 0 
;
