data;
set C_bar :=  1 2 3 4 5 6 7 8 9 10 11 12 13 14 15 16 17 ;
set C :=  18 19 20 27 28 29 30 31 36 37 38 52 53 54 55 56 57 21 22 23 33 34 35 43 44 45 46 47 48 49 50 24 25 26 32 41 42 39 40 51 ;
set R := 0 1 2 3 4 5 ;
set C_bar_r[0] :=  
1 2 3 4 5 6 7 8 9 ;
set C_bar_r[1] :=  
10 11 12 ;
set C_bar_r[2] :=  
13 14 15 16 17 ;
set C_r[0] :=  
32 ;
set C_r[1] :=  
41 42 ;
set C_r[2] :=  
39 40 51 ;
set C_r[3] :=  
18 19 20 27 28 29 30 31 36 37 38 52 53 54 55 56 57 ;
set C_r[4] :=  
21 22 23 33 34 35 43 44 45 46 47 48 49 50 ;
set C_r[5] :=  
24 25 26 ;
set S :=  0 1 2 3 4 5 6 7 8 9 10 11 12 13 14 15 ;
set S_u :=  0 1 2 3 4 5 6 7 8 9 10 11 12 13 14 15 ;
set S_r[0] := 
2 8 9 ;
set S_r[1] := 
2 3 ;
set S_r[2] := 
3 4 5 9 ;
set Rack :=  0 1 2 3 4 5 6 7 ;
param COST : 0 1 2 3 4 5 6 7 8 9 10 11 12 13 14 15 :=
0 0 1 3 3 5 5 5 5 5 5 5 5 5 5 5 5 
1 1 0 3 3 5 5 5 5 5 5 5 5 5 5 5 5 
2 3 3 0 1 5 5 5 5 5 5 5 5 5 5 5 5 
3 3 3 1 0 5 5 5 5 5 5 5 5 5 5 5 5 
4 5 5 5 5 0 1 3 3 5 5 5 5 5 5 5 5 
5 5 5 5 5 1 0 3 3 5 5 5 5 5 5 5 5 
6 5 5 5 5 3 3 0 1 5 5 5 5 5 5 5 5 
7 5 5 5 5 3 3 1 0 5 5 5 5 5 5 5 5 
8 5 5 5 5 5 5 5 5 0 1 3 3 5 5 5 5 
9 5 5 5 5 5 5 5 5 1 0 3 3 5 5 5 5 
10 5 5 5 5 5 5 5 5 3 3 0 1 5 5 5 5 
11 5 5 5 5 5 5 5 5 3 3 1 0 5 5 5 5 
12 5 5 5 5 5 5 5 5 5 5 5 5 0 1 3 3 
13 5 5 5 5 5 5 5 5 5 5 5 5 1 0 3 3 
14 5 5 5 5 5 5 5 5 5 5 5 5 3 3 0 1 
15 5 5 5 5 5 5 5 5 5 5 5 5 3 3 1 0 
;
set S_rack[0] :=  
0 1 ;
set S_rack[1] :=  
2 3 ;
set S_rack[2] :=  
4 5 ;
set S_rack[3] :=  
6 7 ;
set S_rack[4] :=  
8 9 ;
set S_rack[5] :=  
10 11 ;
set S_rack[6] :=  
12 13 ;
set S_rack[7] :=  
14 15 ;
param CPU := 
0 28.0
1 28.0
2 34.909090995788574
3 33.772727370262146
4 30.36363649368286
5 34.909090995788574
6 28.0
7 28.0
8 41.0
9 44.0
10 56.0
11 56.0
12 28.0
13 28.0
14 28.0
15 28.0
;
param MEM := 
0 48.0
1 48.0
2 100.0
3 94.0
4 80.0
5 96.0
6 48.0
7 48.0
8 135.0
9 144.0
10 192.0
11 192.0
12 48.0
13 48.0
14 48.0
15 48.0
;
param DISK := 
0 48.0
1 48.0
2 40.0
3 70.0
4 42.0
5 78.0
6 48.0
7 48.0
8 72.8
9 94.0
10 192.0
11 192.0
12 48.0
13 48.0
14 48.0
15 48.0
;
param BDW_out := 
0 10.0
1 10.0
2 8.310584857142857
3 9.281342132
4 9.3053872
5 9.312472
6 10.0
7 10.0
8 8.672325165714286
9 9.099767177142857
10 10.0
11 10.0
12 10.0
13 10.0
14 10.0
15 10.0
;
param BDW_in := 
0 10.0
1 10.0
2 9.962881572
3 9.9951548
4 9.97790752
5 9.9959176
6 10.0
7 10.0
8 9.9970968
9 9.99391024
10 10.0
11 10.0
12 10.0
13 10.0
14 10.0
15 10.0
;
param mem := 
1 8.0
2 8.0
3 8.0
4 8.0
5 8.0
6 8.0
7 8.0
8 32.0
9 1.0
32 1.0
10 8.0
11 4.0
12 2.0
41 8.0
42 4.0
13 32.0
14 32.0
15 32.0
16 16.0
17 32.0
39 32.0
40 32.0
51 32.0
18 32.0
19 8.0
20 32.0
27 32.0
28 32.0
29 8.0
30 8.0
31 32.0
36 32.0
37 8.0
38 8.0
52 32.0
53 32.0
54 32.0
55 8.0
56 8.0
57 8.0
21 32.0
22 16.0
23 1.0
33 32.0
34 1.0
35 16.0
43 16.0
44 1.0
45 16.0
46 32.0
47 1.0
48 1.0
49 32.0
50 1.0
24 4.0
25 8.0
26 8.0
;
param disk := 
1 24.0
2 24.0
3 24.0
4 24.0
5 24.0
6 24.0
7 24.0
8 43.2
9 4.0
32 4.0
10 24.0
11 16.0
12 8.0
41 24.0
42 16.0
13 50.0
14 50.0
15 50.0
16 36.0
17 50.0
39 50.0
40 50.0
51 50.0
18 43.2
19 24.0
20 50.0
27 43.2
28 50.0
29 24.0
30 24.0
31 43.2
36 43.2
37 24.0
38 24.0
52 43.2
53 43.2
54 50.0
55 24.0
56 24.0
57 24.0
21 43.2
22 36.0
23 4.0
33 43.2
34 4.0
35 36.0
43 36.0
44 4.0
45 36.0
46 43.2
47 4.0
48 4.0
49 43.2
50 4.0
24 16.0
25 24.0
26 24.0
;
param cpu : 
0 1 2 3 4 5 6 7 8 9 10 11 12 13 14 15 := 
1 2.0 2.0 2.272727272727273 2.272727272727273 2.272727272727273 2.272727272727273 2.0 2.0 2.0 2.0 2.0 2.0 2.0 2.0 2.0 2.0 
2 2.0 2.0 2.272727272727273 2.272727272727273 2.272727272727273 2.272727272727273 2.0 2.0 2.0 2.0 2.0 2.0 2.0 2.0 2.0 2.0 
3 2.0 2.0 2.272727272727273 2.272727272727273 2.272727272727273 2.272727272727273 2.0 2.0 2.0 2.0 2.0 2.0 2.0 2.0 2.0 2.0 
4 2.0 2.0 2.272727272727273 2.272727272727273 2.272727272727273 2.272727272727273 2.0 2.0 2.0 2.0 2.0 2.0 2.0 2.0 2.0 2.0 
5 2.0 2.0 2.272727272727273 2.272727272727273 2.272727272727273 2.272727272727273 2.0 2.0 2.0 2.0 2.0 2.0 2.0 2.0 2.0 2.0 
6 2.0 2.0 2.272727272727273 2.272727272727273 2.272727272727273 2.272727272727273 2.0 2.0 2.0 2.0 2.0 2.0 2.0 2.0 2.0 2.0 
7 2.0 2.0 2.272727272727273 2.272727272727273 2.272727272727273 2.272727272727273 2.0 2.0 2.0 2.0 2.0 2.0 2.0 2.0 2.0 2.0 
8 8.0 8.0 9.090909090909092 9.090909090909092 9.090909090909092 9.090909090909092 8.0 8.0 8.0 8.0 8.0 8.0 8.0 8.0 8.0 8.0 
9 1.0 1.0 1.1363636363636365 1.1363636363636365 1.1363636363636365 1.1363636363636365 1.0 1.0 1.0 1.0 1.0 1.0 1.0 1.0 1.0 1.0 
32 1.0 1.0 1.1363636363636365 1.1363636363636365 1.1363636363636365 1.1363636363636365 1.0 1.0 1.0 1.0 1.0 1.0 1.0 1.0 1.0 1.0 
10 2.0 2.0 2.272727272727273 2.272727272727273 2.272727272727273 2.272727272727273 2.0 2.0 2.0 2.0 2.0 2.0 2.0 2.0 2.0 2.0 
11 2.0 2.0 2.272727272727273 2.272727272727273 2.272727272727273 2.272727272727273 2.0 2.0 2.0 2.0 2.0 2.0 2.0 2.0 2.0 2.0 
12 1.0 1.0 1.1363636363636365 1.1363636363636365 1.1363636363636365 1.1363636363636365 1.0 1.0 1.0 1.0 1.0 1.0 1.0 1.0 1.0 1.0 
41 2.0 2.0 2.272727272727273 2.272727272727273 2.272727272727273 2.272727272727273 2.0 2.0 2.0 2.0 2.0 2.0 2.0 2.0 2.0 2.0 
42 2.0 2.0 2.272727272727273 2.272727272727273 2.272727272727273 2.272727272727273 2.0 2.0 2.0 2.0 2.0 2.0 2.0 2.0 2.0 2.0 
13 8.0 8.0 9.090909090909092 9.090909090909092 9.090909090909092 9.090909090909092 8.0 8.0 8.0 8.0 8.0 8.0 8.0 8.0 8.0 8.0 
14 8.0 8.0 9.090909090909092 9.090909090909092 9.090909090909092 9.090909090909092 8.0 8.0 8.0 8.0 8.0 8.0 8.0 8.0 8.0 8.0 
15 8.0 8.0 9.090909090909092 9.090909090909092 9.090909090909092 9.090909090909092 8.0 8.0 8.0 8.0 8.0 8.0 8.0 8.0 8.0 8.0 
16 4.0 4.0 4.545454545454546 4.545454545454546 4.545454545454546 4.545454545454546 4.0 4.0 4.0 4.0 4.0 4.0 4.0 4.0 4.0 4.0 
17 8.0 8.0 9.090909090909092 9.090909090909092 9.090909090909092 9.090909090909092 8.0 8.0 8.0 8.0 8.0 8.0 8.0 8.0 8.0 8.0 
39 8.0 8.0 9.090909090909092 9.090909090909092 9.090909090909092 9.090909090909092 8.0 8.0 8.0 8.0 8.0 8.0 8.0 8.0 8.0 8.0 
40 8.0 8.0 9.090909090909092 9.090909090909092 9.090909090909092 9.090909090909092 8.0 8.0 8.0 8.0 8.0 8.0 8.0 8.0 8.0 8.0 
51 8.0 8.0 9.090909090909092 9.090909090909092 9.090909090909092 9.090909090909092 8.0 8.0 8.0 8.0 8.0 8.0 8.0 8.0 8.0 8.0 
18 8.0 8.0 9.090909090909092 9.090909090909092 9.090909090909092 9.090909090909092 8.0 8.0 8.0 8.0 8.0 8.0 8.0 8.0 8.0 8.0 
19 2.0 2.0 2.272727272727273 2.272727272727273 2.272727272727273 2.272727272727273 2.0 2.0 2.0 2.0 2.0 2.0 2.0 2.0 2.0 2.0 
20 8.0 8.0 9.090909090909092 9.090909090909092 9.090909090909092 9.090909090909092 8.0 8.0 8.0 8.0 8.0 8.0 8.0 8.0 8.0 8.0 
27 8.0 8.0 9.090909090909092 9.090909090909092 9.090909090909092 9.090909090909092 8.0 8.0 8.0 8.0 8.0 8.0 8.0 8.0 8.0 8.0 
28 8.0 8.0 9.090909090909092 9.090909090909092 9.090909090909092 9.090909090909092 8.0 8.0 8.0 8.0 8.0 8.0 8.0 8.0 8.0 8.0 
29 2.0 2.0 2.272727272727273 2.272727272727273 2.272727272727273 2.272727272727273 2.0 2.0 2.0 2.0 2.0 2.0 2.0 2.0 2.0 2.0 
30 2.0 2.0 2.272727272727273 2.272727272727273 2.272727272727273 2.272727272727273 2.0 2.0 2.0 2.0 2.0 2.0 2.0 2.0 2.0 2.0 
31 8.0 8.0 9.090909090909092 9.090909090909092 9.090909090909092 9.090909090909092 8.0 8.0 8.0 8.0 8.0 8.0 8.0 8.0 8.0 8.0 
36 8.0 8.0 9.090909090909092 9.090909090909092 9.090909090909092 9.090909090909092 8.0 8.0 8.0 8.0 8.0 8.0 8.0 8.0 8.0 8.0 
37 2.0 2.0 2.272727272727273 2.272727272727273 2.272727272727273 2.272727272727273 2.0 2.0 2.0 2.0 2.0 2.0 2.0 2.0 2.0 2.0 
38 2.0 2.0 2.272727272727273 2.272727272727273 2.272727272727273 2.272727272727273 2.0 2.0 2.0 2.0 2.0 2.0 2.0 2.0 2.0 2.0 
52 8.0 8.0 9.090909090909092 9.090909090909092 9.090909090909092 9.090909090909092 8.0 8.0 8.0 8.0 8.0 8.0 8.0 8.0 8.0 8.0 
53 8.0 8.0 9.090909090909092 9.090909090909092 9.090909090909092 9.090909090909092 8.0 8.0 8.0 8.0 8.0 8.0 8.0 8.0 8.0 8.0 
54 8.0 8.0 9.090909090909092 9.090909090909092 9.090909090909092 9.090909090909092 8.0 8.0 8.0 8.0 8.0 8.0 8.0 8.0 8.0 8.0 
55 2.0 2.0 2.272727272727273 2.272727272727273 2.272727272727273 2.272727272727273 2.0 2.0 2.0 2.0 2.0 2.0 2.0 2.0 2.0 2.0 
56 2.0 2.0 2.272727272727273 2.272727272727273 2.272727272727273 2.272727272727273 2.0 2.0 2.0 2.0 2.0 2.0 2.0 2.0 2.0 2.0 
57 2.0 2.0 2.272727272727273 2.272727272727273 2.272727272727273 2.272727272727273 2.0 2.0 2.0 2.0 2.0 2.0 2.0 2.0 2.0 2.0 
21 8.0 8.0 9.090909090909092 9.090909090909092 9.090909090909092 9.090909090909092 8.0 8.0 8.0 8.0 8.0 8.0 8.0 8.0 8.0 8.0 
22 4.0 4.0 4.545454545454546 4.545454545454546 4.545454545454546 4.545454545454546 4.0 4.0 4.0 4.0 4.0 4.0 4.0 4.0 4.0 4.0 
23 1.0 1.0 1.1363636363636365 1.1363636363636365 1.1363636363636365 1.1363636363636365 1.0 1.0 1.0 1.0 1.0 1.0 1.0 1.0 1.0 1.0 
33 8.0 8.0 9.090909090909092 9.090909090909092 9.090909090909092 9.090909090909092 8.0 8.0 8.0 8.0 8.0 8.0 8.0 8.0 8.0 8.0 
34 1.0 1.0 1.1363636363636365 1.1363636363636365 1.1363636363636365 1.1363636363636365 1.0 1.0 1.0 1.0 1.0 1.0 1.0 1.0 1.0 1.0 
35 4.0 4.0 4.545454545454546 4.545454545454546 4.545454545454546 4.545454545454546 4.0 4.0 4.0 4.0 4.0 4.0 4.0 4.0 4.0 4.0 
43 4.0 4.0 4.545454545454546 4.545454545454546 4.545454545454546 4.545454545454546 4.0 4.0 4.0 4.0 4.0 4.0 4.0 4.0 4.0 4.0 
44 1.0 1.0 1.1363636363636365 1.1363636363636365 1.1363636363636365 1.1363636363636365 1.0 1.0 1.0 1.0 1.0 1.0 1.0 1.0 1.0 1.0 
45 4.0 4.0 4.545454545454546 4.545454545454546 4.545454545454546 4.545454545454546 4.0 4.0 4.0 4.0 4.0 4.0 4.0 4.0 4.0 4.0 
46 8.0 8.0 9.090909090909092 9.090909090909092 9.090909090909092 9.090909090909092 8.0 8.0 8.0 8.0 8.0 8.0 8.0 8.0 8.0 8.0 
47 1.0 1.0 1.1363636363636365 1.1363636363636365 1.1363636363636365 1.1363636363636365 1.0 1.0 1.0 1.0 1.0 1.0 1.0 1.0 1.0 1.0 
48 1.0 1.0 1.1363636363636365 1.1363636363636365 1.1363636363636365 1.1363636363636365 1.0 1.0 1.0 1.0 1.0 1.0 1.0 1.0 1.0 1.0 
49 8.0 8.0 9.090909090909092 9.090909090909092 9.090909090909092 9.090909090909092 8.0 8.0 8.0 8.0 8.0 8.0 8.0 8.0 8.0 8.0 
50 1.0 1.0 1.1363636363636365 1.1363636363636365 1.1363636363636365 1.1363636363636365 1.0 1.0 1.0 1.0 1.0 1.0 1.0 1.0 1.0 1.0 
24 2.0 2.0 2.272727272727273 2.272727272727273 2.272727272727273 2.272727272727273 2.0 2.0 2.0 2.0 2.0 2.0 2.0 2.0 2.0 2.0 
25 2.0 2.0 2.272727272727273 2.272727272727273 2.272727272727273 2.272727272727273 2.0 2.0 2.0 2.0 2.0 2.0 2.0 2.0 2.0 2.0 
26 2.0 2.0 2.272727272727273 2.272727272727273 2.272727272727273 2.272727272727273 2.0 2.0 2.0 2.0 2.0 2.0 2.0 2.0 2.0 2.0 
;
set c_0 := 0;
param d := 
[0,*,*] : 
0 1 2 3 4 5 6 7 8 9 32 := 
0 0 4.1474285714285713E-4 4.1474285714285713E-4 4.1474285714285713E-4 4.1474285714285713E-4 4.1474285714285713E-4 4.1474285714285713E-4 4.1474285714285713E-4 0 0 0 
1 0.4396274285714285 0 0 0 0 0 0 0 4.1474285714285713E-4 0 0 
2 0.4396274285714285 0 0 0 0 0 0 0 4.1474285714285713E-4 0 0 
3 0.4396274285714285 0 0 0 0 0 0 0 4.1474285714285713E-4 0 0 
4 0.4396274285714285 0 0 0 0 0 0 0 4.1474285714285713E-4 0 0 
5 0.4396274285714285 0 0 0 0 0 0 0 4.1474285714285713E-4 0 0 
6 0.4396274285714285 0 0 0 0 0 0 0 4.1474285714285713E-4 0 0 
7 0.4396274285714285 0 0 0 0 0 0 0 4.1474285714285713E-4 0 0 
8 0 0.0021981371428571425 0.0021981371428571425 0.0021981371428571425 0.0021981371428571425 0.0021981371428571425 0.0021981371428571425 0.0021981371428571425 0 0.0014516 0.0014516 
9 0 0 0 0 0 0 0 0 0.028465875999999998 0 0 
32 0 0 0 0 0 0 0 0 0.028465875999999998 0 0 
[1,*,*] : 
0 10 11 12 41 42 := 
0 0 7.628E-4 0 0 7.628E-4 0 
10 0.808568 0 3.814E-4 0 0 3.814E-4 
11 0 0.00202142 0 7.628E-4 0.00202142 0 
12 0 0 0.031129867999999998 0 0 0.031129867999999998 
41 0.808568 0 3.814E-4 0 0 3.814E-4 
42 0 0.00202142 0 7.628E-4 0.00202142 0 
[2,*,*] : 
0 13 14 15 16 17 39 40 51 := 
0 0 6.48E-4 6.48E-4 6.48E-4 0 0 6.48E-4 0 0 
13 0.68688 0 0 0 6.48E-4 0 0 0 0 
14 0.68688 0 0 0 6.48E-4 0 0 0 0 
15 0.68688 0 0 0 6.48E-4 0 0 0 0 
16 0 0.0034344 0.0034344 0.0034344 0 8.640000000000001E-4 0.0034344 8.640000000000001E-4 8.640000000000001E-4 
17 0 0 0 0 0.020148480000000003 0 0 0 0 
39 0.68688 0 0 0 6.48E-4 0 0 0 0 
40 0 0 0 0 0.020148480000000003 0 0 0 0 
51 0 0 0 0 0.020148480000000003 0 0 0 0 
[3,*,*] : 
0 18 19 20 27 28 29 30 31 36 37 38 52 53 54 55 56 57 := 
0 0 1.4386666666666665E-4 0 0 1.4386666666666665E-4 0 0 0 1.4386666666666665E-4 1.4386666666666665E-4 0 0 1.4386666666666665E-4 1.4386666666666665E-4 0 0 0 0 
18 0.15249866666666664 0 1.798333333333333E-5 0 0 0 1.798333333333333E-5 1.798333333333333E-5 0 0 1.798333333333333E-5 1.798333333333333E-5 0 0 0 1.798333333333333E-5 1.798333333333333E-5 1.798333333333333E-5 
19 0 9.531166666666665E-5 0 3.596666666666666E-5 9.531166666666665E-5 3.596666666666666E-5 0 0 9.531166666666665E-5 9.531166666666665E-5 0 0 9.531166666666665E-5 9.531166666666665E-5 3.596666666666666E-5 0 0 0 
20 0 0 6.099946666666666E-4 0 0 0 6.099946666666666E-4 6.099946666666666E-4 0 0 6.099946666666666E-4 6.099946666666666E-4 0 0 0 6.099946666666666E-4 6.099946666666666E-4 6.099946666666666E-4 
27 0.15249866666666664 0 1.798333333333333E-5 0 0 0 1.798333333333333E-5 1.798333333333333E-5 0 0 1.798333333333333E-5 1.798333333333333E-5 0 0 0 1.798333333333333E-5 1.798333333333333E-5 1.798333333333333E-5 
28 0 0 6.099946666666666E-4 0 0 0 6.099946666666666E-4 6.099946666666666E-4 0 0 6.099946666666666E-4 6.099946666666666E-4 0 0 0 6.099946666666666E-4 6.099946666666666E-4 6.099946666666666E-4 
29 0 9.531166666666665E-5 0 3.596666666666666E-5 9.531166666666665E-5 3.596666666666666E-5 0 0 9.531166666666665E-5 9.531166666666665E-5 0 0 9.531166666666665E-5 9.531166666666665E-5 3.596666666666666E-5 0 0 0 
30 0 9.531166666666665E-5 0 3.596666666666666E-5 9.531166666666665E-5 3.596666666666666E-5 0 0 9.531166666666665E-5 9.531166666666665E-5 0 0 9.531166666666665E-5 9.531166666666665E-5 3.596666666666666E-5 0 0 0 
31 0.15249866666666664 0 1.798333333333333E-5 0 0 0 1.798333333333333E-5 1.798333333333333E-5 0 0 1.798333333333333E-5 1.798333333333333E-5 0 0 0 1.798333333333333E-5 1.798333333333333E-5 1.798333333333333E-5 
36 0.15249866666666664 0 1.798333333333333E-5 0 0 0 1.798333333333333E-5 1.798333333333333E-5 0 0 1.798333333333333E-5 1.798333333333333E-5 0 0 0 1.798333333333333E-5 1.798333333333333E-5 1.798333333333333E-5 
37 0 9.531166666666665E-5 0 3.596666666666666E-5 9.531166666666665E-5 3.596666666666666E-5 0 0 9.531166666666665E-5 9.531166666666665E-5 0 0 9.531166666666665E-5 9.531166666666665E-5 3.596666666666666E-5 0 0 0 
38 0 9.531166666666665E-5 0 3.596666666666666E-5 9.531166666666665E-5 3.596666666666666E-5 0 0 9.531166666666665E-5 9.531166666666665E-5 0 0 9.531166666666665E-5 9.531166666666665E-5 3.596666666666666E-5 0 0 0 
52 0.15249866666666664 0 1.798333333333333E-5 0 0 0 1.798333333333333E-5 1.798333333333333E-5 0 0 1.798333333333333E-5 1.798333333333333E-5 0 0 0 1.798333333333333E-5 1.798333333333333E-5 1.798333333333333E-5 
53 0.15249866666666664 0 1.798333333333333E-5 0 0 0 1.798333333333333E-5 1.798333333333333E-5 0 0 1.798333333333333E-5 1.798333333333333E-5 0 0 0 1.798333333333333E-5 1.798333333333333E-5 1.798333333333333E-5 
54 0 0 6.099946666666666E-4 0 0 0 6.099946666666666E-4 6.099946666666666E-4 0 0 6.099946666666666E-4 6.099946666666666E-4 0 0 0 6.099946666666666E-4 6.099946666666666E-4 6.099946666666666E-4 
55 0 9.531166666666665E-5 0 3.596666666666666E-5 9.531166666666665E-5 3.596666666666666E-5 0 0 9.531166666666665E-5 9.531166666666665E-5 0 0 9.531166666666665E-5 9.531166666666665E-5 3.596666666666666E-5 0 0 0 
56 0 9.531166666666665E-5 0 3.596666666666666E-5 9.531166666666665E-5 3.596666666666666E-5 0 0 9.531166666666665E-5 9.531166666666665E-5 0 0 9.531166666666665E-5 9.531166666666665E-5 3.596666666666666E-5 0 0 0 
57 0 9.531166666666665E-5 0 3.596666666666666E-5 9.531166666666665E-5 3.596666666666666E-5 0 0 9.531166666666665E-5 9.531166666666665E-5 0 0 9.531166666666665E-5 9.531166666666665E-5 3.596666666666666E-5 0 0 0 
[4,*,*] : 
0 21 22 23 33 34 35 43 44 45 46 47 48 49 50 := 
0 0 3.072E-4 0 0 3.072E-4 0 0 0 0 0 3.072E-4 0 0 3.072E-4 0 
21 0.325632 0 7.68E-5 0 0 0 7.68E-5 7.68E-5 0 7.68E-5 0 0 0 0 0 
22 0 4.0704E-4 0 5.12E-5 4.0704E-4 5.12E-5 0 0 5.12E-5 0 4.0704E-4 5.12E-5 5.12E-5 4.0704E-4 5.12E-5 
23 0 0 0.00149248 0 0 0 0.00149248 0.00149248 0 0.00149248 0 0 0 0 0 
33 0.325632 0 7.68E-5 0 0 0 7.68E-5 7.68E-5 0 7.68E-5 0 0 0 0 0 
34 0 0 0.00149248 0 0 0 0.00149248 0.00149248 0 0.00149248 0 0 0 0 0 
35 0 4.0704E-4 0 5.12E-5 4.0704E-4 5.12E-5 0 0 5.12E-5 0 4.0704E-4 5.12E-5 5.12E-5 4.0704E-4 5.12E-5 
43 0 4.0704E-4 0 5.12E-5 4.0704E-4 5.12E-5 0 0 5.12E-5 0 4.0704E-4 5.12E-5 5.12E-5 4.0704E-4 5.12E-5 
44 0 0 0.00149248 0 0 0 0.00149248 0.00149248 0 0.00149248 0 0 0 0 0 
45 0 4.0704E-4 0 5.12E-5 4.0704E-4 5.12E-5 0 0 5.12E-5 0 4.0704E-4 5.12E-5 5.12E-5 4.0704E-4 5.12E-5 
46 0.325632 0 7.68E-5 0 0 0 7.68E-5 7.68E-5 0 7.68E-5 0 0 0 0 0 
47 0 0 0.00149248 0 0 0 0.00149248 0.00149248 0 0.00149248 0 0 0 0 0 
48 0 0 0.00149248 0 0 0 0.00149248 0.00149248 0 0.00149248 0 0 0 0 0 
49 0.325632 0 7.68E-5 0 0 0 7.68E-5 7.68E-5 0 7.68E-5 0 0 0 0 0 
50 0 0 0.00149248 0 0 0 0.00149248 0.00149248 0 0.00149248 0 0 0 0 0 
[5,*,*] : 
0 24 25 26 := 
0 0 5.688E-4 0 0 
24 0.6029279999999999 0 5.688E-4 0 
25 0 0.0030146399999999994 0 5.688E-4 
26 0 0 0.009345383999999998 0 
;
param x_bar : 0 1 2 3 4 5 6 7 8 9 10 11 12 13 14 15  := 
0 0 0 0 0 0 0 0 0 0 0 0 0 0 0 0 0 
1 0 0 0 0 0 0 0 0 1 0 0 0 0 0 0 0 
2 0 0 0 0 0 0 0 0 1 0 0 0 0 0 0 0 
3 0 0 0 0 0 0 0 0 1 0 0 0 0 0 0 0 
4 0 0 0 0 0 0 0 0 0 1 0 0 0 0 0 0 
5 0 0 0 0 0 0 0 0 0 1 0 0 0 0 0 0 
6 0 0 1 0 0 0 0 0 0 0 0 0 0 0 0 0 
7 0 0 1 0 0 0 0 0 0 0 0 0 0 0 0 0 
8 0 0 0 0 0 0 0 0 1 0 0 0 0 0 0 0 
9 0 0 0 0 0 0 0 0 1 0 0 0 0 0 0 0 
10 0 0 1 0 0 0 0 0 0 0 0 0 0 0 0 0 
11 0 0 1 0 0 0 0 0 0 0 0 0 0 0 0 0 
12 0 0 0 1 0 0 0 0 0 0 0 0 0 0 0 0 
13 0 0 0 0 1 0 0 0 0 0 0 0 0 0 0 0 
14 0 0 0 0 0 1 0 0 0 0 0 0 0 0 0 0 
15 0 0 0 1 0 0 0 0 0 0 0 0 0 0 0 0 
16 0 0 0 0 1 0 0 0 0 0 0 0 0 0 0 0 
17 0 0 0 0 0 0 0 0 0 1 0 0 0 0 0 0 
;
