data;
set C_bar :=  1 2 3 4 5 6 7 8 9 10 11 12 13 ;
set C :=  14 15 16 24 17 18 19 53 20 21 22 23 31 32 28 29 30 39 41 42 43 44 45 46 47 48 49 50 51 52 25 26 27 33 34 35 36 37 38 40 ;
set R := 0 1 2 3 4 5 ;
set C_bar_r[0] :=  
1 2 3 4 ;
set C_bar_r[1] :=  
5 6 7 8 9 ;
set C_bar_r[2] :=  
10 11 12 13 ;
set C_r[0] :=  
28 29 30 39 41 42 43 44 45 46 47 48 49 50 51 52 ;
set C_r[1] :=  
25 26 27 33 34 35 36 37 38 ;
set C_r[2] :=  
40 ;
set C_r[3] :=  
14 15 16 24 ;
set C_r[4] :=  
17 18 19 53 ;
set C_r[5] :=  
20 21 22 23 31 32 ;
set S :=  0 1 2 3 4 5 6 7 8 9 10 11 12 13 14 15 ;
set S_u :=  0 1 2 3 4 5 6 7 8 9 10 11 12 13 14 15 ;
set S_r[0] := 
8 12 ;
set S_r[1] := 
2 10 11 ;
set S_r[2] := 
2 3 13 14 ;
set Rack :=  0 1 2 3 4 5 6 7 ;
param COST : 0 1 2 3 4 5 6 7 8 9 10 11 12 13 14 15 :=
0 0 1 3 3 5 5 5 5 5 5 5 5 5 5 5 5 
1 1 0 3 3 5 5 5 5 5 5 5 5 5 5 5 5 
2 3 3 0 1 5 5 5 5 5 5 5 5 5 5 5 5 
3 3 3 1 0 5 5 5 5 5 5 5 5 5 5 5 5 
4 5 5 5 5 0 1 3 3 5 5 5 5 5 5 5 5 
5 5 5 5 5 1 0 3 3 5 5 5 5 5 5 5 5 
6 5 5 5 5 3 3 0 1 5 5 5 5 5 5 5 5 
7 5 5 5 5 3 3 1 0 5 5 5 5 5 5 5 5 
8 5 5 5 5 5 5 5 5 0 1 3 3 5 5 5 5 
9 5 5 5 5 5 5 5 5 1 0 3 3 5 5 5 5 
10 5 5 5 5 5 5 5 5 3 3 0 1 5 5 5 5 
11 5 5 5 5 5 5 5 5 3 3 1 0 5 5 5 5 
12 5 5 5 5 5 5 5 5 5 5 5 5 0 1 3 3 
13 5 5 5 5 5 5 5 5 5 5 5 5 1 0 3 3 
14 5 5 5 5 5 5 5 5 5 5 5 5 3 3 0 1 
15 5 5 5 5 5 5 5 5 5 5 5 5 3 3 1 0 
;
set S_rack[0] :=  
0 1 ;
set S_rack[1] :=  
2 3 ;
set S_rack[2] :=  
4 5 ;
set S_rack[3] :=  
6 7 ;
set S_rack[4] :=  
8 9 ;
set S_rack[5] :=  
10 11 ;
set S_rack[6] :=  
12 13 ;
set S_rack[7] :=  
14 15 ;
param CPU := 
0 44.0
1 44.0
2 16.0
3 20.0
4 28.0
5 28.0
6 28.0
7 28.0
8 24.0
9 56.0
10 30.36363649368286
11 34.909090995788574
12 25.0
13 26.0
14 26.0
15 28.0
;
param MEM := 
0 128.0
1 128.0
2 144.0
3 160.0
4 96.0
5 96.0
6 96.0
7 96.0
8 64.0
9 192.0
10 88.0
11 96.0
12 38.0
13 40.0
14 40.0
15 48.0
;
param DISK := 
0 128.0
1 128.0
2 106.0
3 148.8
4 96.0
5 96.0
6 96.0
7 96.0
8 64.0
9 192.0
10 46.0
11 78.0
12 16.0
13 24.0
14 24.0
15 48.0
;
param BDW_out := 
0 10.0
1 10.0
2 9.557789752
3 9.986949916
4 10.0
5 10.0
6 10.0
7 10.0
8 9.46163044
9 10.0
10 9.5591777152
11 9.559974592
12 9.999461732
13 9.6322186
14 9.6322186
15 10.0
;
param BDW_in := 
0 10.0
1 10.0
2 9.9857481336
3 9.9996532
4 10.0
5 10.0
6 10.0
7 10.0
8 9.998953932
9 10.0
10 9.999418944
11 9.9991450176
12 9.99989844
13 9.99873418
14 9.99873418
15 10.0
;
param mem := 
1 64.0
2 64.0
3 8.0
4 2.0
28 2.0
29 64.0
30 64.0
39 64.0
41 8.0
42 64.0
43 8.0
44 8.0
45 2.0
46 64.0
47 2.0
48 8.0
49 2.0
50 2.0
51 2.0
52 64.0
5 32.0
6 32.0
7 32.0
8 4.0
9 4.0
25 4.0
26 4.0
27 4.0
33 4.0
34 32.0
35 4.0
36 4.0
37 32.0
38 4.0
10 8.0
11 8.0
12 16.0
13 32.0
40 16.0
14 2.0
15 16.0
16 2.0
24 2.0
17 32.0
18 2.0
19 2.0
53 2.0
20 8.0
21 8.0
22 32.0
23 8.0
31 8.0
32 32.0
;
param disk := 
1 64.0
2 64.0
3 24.0
4 8.0
28 8.0
29 64.0
30 64.0
39 64.0
41 24.0
42 64.0
43 24.0
44 24.0
45 8.0
46 64.0
47 8.0
48 24.0
49 8.0
50 8.0
51 8.0
52 64.0
5 50.0
6 50.0
7 50.0
8 16.0
9 16.0
25 16.0
26 16.0
27 16.0
33 16.0
34 50.0
35 16.0
36 16.0
37 50.0
38 16.0
10 24.0
11 24.0
12 36.0
13 43.2
40 36.0
14 8.0
15 36.0
16 8.0
24 8.0
17 50.0
18 8.0
19 8.0
53 8.0
20 24.0
21 24.0
22 43.2
23 24.0
31 24.0
32 43.2
;
param cpu : 
0 1 2 3 4 5 6 7 8 9 10 11 12 13 14 15 := 
1 18.181818181818183 18.181818181818183 16.0 16.0 19.047619047619047 19.047619047619047 19.047619047619047 19.047619047619047 16.0 16.0 18.181818181818183 18.181818181818183 16.0 16.0 16.0 16.0 
2 18.181818181818183 18.181818181818183 16.0 16.0 19.047619047619047 19.047619047619047 19.047619047619047 19.047619047619047 16.0 16.0 18.181818181818183 18.181818181818183 16.0 16.0 16.0 16.0 
3 2.272727272727273 2.272727272727273 2.0 2.0 2.380952380952381 2.380952380952381 2.380952380952381 2.380952380952381 2.0 2.0 2.272727272727273 2.272727272727273 2.0 2.0 2.0 2.0 
4 1.1363636363636365 1.1363636363636365 1.0 1.0 1.1904761904761905 1.1904761904761905 1.1904761904761905 1.1904761904761905 1.0 1.0 1.1363636363636365 1.1363636363636365 1.0 1.0 1.0 1.0 
28 1.1363636363636365 1.1363636363636365 1.0 1.0 1.1904761904761905 1.1904761904761905 1.1904761904761905 1.1904761904761905 1.0 1.0 1.1363636363636365 1.1363636363636365 1.0 1.0 1.0 1.0 
29 18.181818181818183 18.181818181818183 16.0 16.0 19.047619047619047 19.047619047619047 19.047619047619047 19.047619047619047 16.0 16.0 18.181818181818183 18.181818181818183 16.0 16.0 16.0 16.0 
30 18.181818181818183 18.181818181818183 16.0 16.0 19.047619047619047 19.047619047619047 19.047619047619047 19.047619047619047 16.0 16.0 18.181818181818183 18.181818181818183 16.0 16.0 16.0 16.0 
39 18.181818181818183 18.181818181818183 16.0 16.0 19.047619047619047 19.047619047619047 19.047619047619047 19.047619047619047 16.0 16.0 18.181818181818183 18.181818181818183 16.0 16.0 16.0 16.0 
41 2.272727272727273 2.272727272727273 2.0 2.0 2.380952380952381 2.380952380952381 2.380952380952381 2.380952380952381 2.0 2.0 2.272727272727273 2.272727272727273 2.0 2.0 2.0 2.0 
42 18.181818181818183 18.181818181818183 16.0 16.0 19.047619047619047 19.047619047619047 19.047619047619047 19.047619047619047 16.0 16.0 18.181818181818183 18.181818181818183 16.0 16.0 16.0 16.0 
43 2.272727272727273 2.272727272727273 2.0 2.0 2.380952380952381 2.380952380952381 2.380952380952381 2.380952380952381 2.0 2.0 2.272727272727273 2.272727272727273 2.0 2.0 2.0 2.0 
44 2.272727272727273 2.272727272727273 2.0 2.0 2.380952380952381 2.380952380952381 2.380952380952381 2.380952380952381 2.0 2.0 2.272727272727273 2.272727272727273 2.0 2.0 2.0 2.0 
45 1.1363636363636365 1.1363636363636365 1.0 1.0 1.1904761904761905 1.1904761904761905 1.1904761904761905 1.1904761904761905 1.0 1.0 1.1363636363636365 1.1363636363636365 1.0 1.0 1.0 1.0 
46 18.181818181818183 18.181818181818183 16.0 16.0 19.047619047619047 19.047619047619047 19.047619047619047 19.047619047619047 16.0 16.0 18.181818181818183 18.181818181818183 16.0 16.0 16.0 16.0 
47 1.1363636363636365 1.1363636363636365 1.0 1.0 1.1904761904761905 1.1904761904761905 1.1904761904761905 1.1904761904761905 1.0 1.0 1.1363636363636365 1.1363636363636365 1.0 1.0 1.0 1.0 
48 2.272727272727273 2.272727272727273 2.0 2.0 2.380952380952381 2.380952380952381 2.380952380952381 2.380952380952381 2.0 2.0 2.272727272727273 2.272727272727273 2.0 2.0 2.0 2.0 
49 1.1363636363636365 1.1363636363636365 1.0 1.0 1.1904761904761905 1.1904761904761905 1.1904761904761905 1.1904761904761905 1.0 1.0 1.1363636363636365 1.1363636363636365 1.0 1.0 1.0 1.0 
50 1.1363636363636365 1.1363636363636365 1.0 1.0 1.1904761904761905 1.1904761904761905 1.1904761904761905 1.1904761904761905 1.0 1.0 1.1363636363636365 1.1363636363636365 1.0 1.0 1.0 1.0 
51 1.1363636363636365 1.1363636363636365 1.0 1.0 1.1904761904761905 1.1904761904761905 1.1904761904761905 1.1904761904761905 1.0 1.0 1.1363636363636365 1.1363636363636365 1.0 1.0 1.0 1.0 
52 18.181818181818183 18.181818181818183 16.0 16.0 19.047619047619047 19.047619047619047 19.047619047619047 19.047619047619047 16.0 16.0 18.181818181818183 18.181818181818183 16.0 16.0 16.0 16.0 
5 9.090909090909092 9.090909090909092 8.0 8.0 9.523809523809524 9.523809523809524 9.523809523809524 9.523809523809524 8.0 8.0 9.090909090909092 9.090909090909092 8.0 8.0 8.0 8.0 
6 9.090909090909092 9.090909090909092 8.0 8.0 9.523809523809524 9.523809523809524 9.523809523809524 9.523809523809524 8.0 8.0 9.090909090909092 9.090909090909092 8.0 8.0 8.0 8.0 
7 9.090909090909092 9.090909090909092 8.0 8.0 9.523809523809524 9.523809523809524 9.523809523809524 9.523809523809524 8.0 8.0 9.090909090909092 9.090909090909092 8.0 8.0 8.0 8.0 
8 2.272727272727273 2.272727272727273 2.0 2.0 2.380952380952381 2.380952380952381 2.380952380952381 2.380952380952381 2.0 2.0 2.272727272727273 2.272727272727273 2.0 2.0 2.0 2.0 
9 2.272727272727273 2.272727272727273 2.0 2.0 2.380952380952381 2.380952380952381 2.380952380952381 2.380952380952381 2.0 2.0 2.272727272727273 2.272727272727273 2.0 2.0 2.0 2.0 
25 2.272727272727273 2.272727272727273 2.0 2.0 2.380952380952381 2.380952380952381 2.380952380952381 2.380952380952381 2.0 2.0 2.272727272727273 2.272727272727273 2.0 2.0 2.0 2.0 
26 2.272727272727273 2.272727272727273 2.0 2.0 2.380952380952381 2.380952380952381 2.380952380952381 2.380952380952381 2.0 2.0 2.272727272727273 2.272727272727273 2.0 2.0 2.0 2.0 
27 2.272727272727273 2.272727272727273 2.0 2.0 2.380952380952381 2.380952380952381 2.380952380952381 2.380952380952381 2.0 2.0 2.272727272727273 2.272727272727273 2.0 2.0 2.0 2.0 
33 2.272727272727273 2.272727272727273 2.0 2.0 2.380952380952381 2.380952380952381 2.380952380952381 2.380952380952381 2.0 2.0 2.272727272727273 2.272727272727273 2.0 2.0 2.0 2.0 
34 9.090909090909092 9.090909090909092 8.0 8.0 9.523809523809524 9.523809523809524 9.523809523809524 9.523809523809524 8.0 8.0 9.090909090909092 9.090909090909092 8.0 8.0 8.0 8.0 
35 2.272727272727273 2.272727272727273 2.0 2.0 2.380952380952381 2.380952380952381 2.380952380952381 2.380952380952381 2.0 2.0 2.272727272727273 2.272727272727273 2.0 2.0 2.0 2.0 
36 2.272727272727273 2.272727272727273 2.0 2.0 2.380952380952381 2.380952380952381 2.380952380952381 2.380952380952381 2.0 2.0 2.272727272727273 2.272727272727273 2.0 2.0 2.0 2.0 
37 9.090909090909092 9.090909090909092 8.0 8.0 9.523809523809524 9.523809523809524 9.523809523809524 9.523809523809524 8.0 8.0 9.090909090909092 9.090909090909092 8.0 8.0 8.0 8.0 
38 2.272727272727273 2.272727272727273 2.0 2.0 2.380952380952381 2.380952380952381 2.380952380952381 2.380952380952381 2.0 2.0 2.272727272727273 2.272727272727273 2.0 2.0 2.0 2.0 
10 2.272727272727273 2.272727272727273 2.0 2.0 2.380952380952381 2.380952380952381 2.380952380952381 2.380952380952381 2.0 2.0 2.272727272727273 2.272727272727273 2.0 2.0 2.0 2.0 
11 2.272727272727273 2.272727272727273 2.0 2.0 2.380952380952381 2.380952380952381 2.380952380952381 2.380952380952381 2.0 2.0 2.272727272727273 2.272727272727273 2.0 2.0 2.0 2.0 
12 4.545454545454546 4.545454545454546 4.0 4.0 4.761904761904762 4.761904761904762 4.761904761904762 4.761904761904762 4.0 4.0 4.545454545454546 4.545454545454546 4.0 4.0 4.0 4.0 
13 9.090909090909092 9.090909090909092 8.0 8.0 9.523809523809524 9.523809523809524 9.523809523809524 9.523809523809524 8.0 8.0 9.090909090909092 9.090909090909092 8.0 8.0 8.0 8.0 
40 4.545454545454546 4.545454545454546 4.0 4.0 4.761904761904762 4.761904761904762 4.761904761904762 4.761904761904762 4.0 4.0 4.545454545454546 4.545454545454546 4.0 4.0 4.0 4.0 
14 1.1363636363636365 1.1363636363636365 1.0 1.0 1.1904761904761905 1.1904761904761905 1.1904761904761905 1.1904761904761905 1.0 1.0 1.1363636363636365 1.1363636363636365 1.0 1.0 1.0 1.0 
15 4.545454545454546 4.545454545454546 4.0 4.0 4.761904761904762 4.761904761904762 4.761904761904762 4.761904761904762 4.0 4.0 4.545454545454546 4.545454545454546 4.0 4.0 4.0 4.0 
16 1.1363636363636365 1.1363636363636365 1.0 1.0 1.1904761904761905 1.1904761904761905 1.1904761904761905 1.1904761904761905 1.0 1.0 1.1363636363636365 1.1363636363636365 1.0 1.0 1.0 1.0 
24 1.1363636363636365 1.1363636363636365 1.0 1.0 1.1904761904761905 1.1904761904761905 1.1904761904761905 1.1904761904761905 1.0 1.0 1.1363636363636365 1.1363636363636365 1.0 1.0 1.0 1.0 
17 9.090909090909092 9.090909090909092 8.0 8.0 9.523809523809524 9.523809523809524 9.523809523809524 9.523809523809524 8.0 8.0 9.090909090909092 9.090909090909092 8.0 8.0 8.0 8.0 
18 1.1363636363636365 1.1363636363636365 1.0 1.0 1.1904761904761905 1.1904761904761905 1.1904761904761905 1.1904761904761905 1.0 1.0 1.1363636363636365 1.1363636363636365 1.0 1.0 1.0 1.0 
19 1.1363636363636365 1.1363636363636365 1.0 1.0 1.1904761904761905 1.1904761904761905 1.1904761904761905 1.1904761904761905 1.0 1.0 1.1363636363636365 1.1363636363636365 1.0 1.0 1.0 1.0 
53 1.1363636363636365 1.1363636363636365 1.0 1.0 1.1904761904761905 1.1904761904761905 1.1904761904761905 1.1904761904761905 1.0 1.0 1.1363636363636365 1.1363636363636365 1.0 1.0 1.0 1.0 
20 2.272727272727273 2.272727272727273 2.0 2.0 2.380952380952381 2.380952380952381 2.380952380952381 2.380952380952381 2.0 2.0 2.272727272727273 2.272727272727273 2.0 2.0 2.0 2.0 
21 2.272727272727273 2.272727272727273 2.0 2.0 2.380952380952381 2.380952380952381 2.380952380952381 2.380952380952381 2.0 2.0 2.272727272727273 2.272727272727273 2.0 2.0 2.0 2.0 
22 9.090909090909092 9.090909090909092 8.0 8.0 9.523809523809524 9.523809523809524 9.523809523809524 9.523809523809524 8.0 8.0 9.090909090909092 9.090909090909092 8.0 8.0 8.0 8.0 
23 2.272727272727273 2.272727272727273 2.0 2.0 2.380952380952381 2.380952380952381 2.380952380952381 2.380952380952381 2.0 2.0 2.272727272727273 2.272727272727273 2.0 2.0 2.0 2.0 
31 2.272727272727273 2.272727272727273 2.0 2.0 2.380952380952381 2.380952380952381 2.380952380952381 2.380952380952381 2.0 2.0 2.272727272727273 2.272727272727273 2.0 2.0 2.0 2.0 
32 9.090909090909092 9.090909090909092 8.0 8.0 9.523809523809524 9.523809523809524 9.523809523809524 9.523809523809524 8.0 8.0 9.090909090909092 9.090909090909092 8.0 8.0 8.0 8.0 
;
set c_0 := 0;
param d := 
[0,*,*] : 
0 1 2 3 4 28 29 30 39 41 42 43 44 45 46 47 48 49 50 51 52 := 
0 0 2.539E-4 2.539E-4 0 0 0 2.539E-4 2.539E-4 2.539E-4 0 2.539E-4 0 0 0 2.539E-4 0 0 0 0 0 2.539E-4 
1 0.269134 0 0 5.078E-5 0 0 0 0 0 5.078E-5 0 5.078E-5 5.078E-5 0 0 0 5.078E-5 0 0 0 0 
2 0.269134 0 0 5.078E-5 0 0 0 0 0 5.078E-5 0 5.078E-5 5.078E-5 0 0 0 5.078E-5 0 0 0 0 
3 0 2.69134E-4 2.69134E-4 0 5.803428571428571E-5 5.803428571428571E-5 2.69134E-4 2.69134E-4 2.69134E-4 0 2.69134E-4 0 0 5.803428571428571E-5 2.69134E-4 5.803428571428571E-5 0 5.803428571428571E-5 5.803428571428571E-5 5.803428571428571E-5 2.69134E-4 
4 0 0 0 1.8454902857142856E-4 0 0 0 0 0 1.8454902857142856E-4 0 1.8454902857142856E-4 1.8454902857142856E-4 0 0 0 1.8454902857142856E-4 0 0 0 0 
28 0 0 0 1.8454902857142856E-4 0 0 0 0 0 1.8454902857142856E-4 0 1.8454902857142856E-4 1.8454902857142856E-4 0 0 0 1.8454902857142856E-4 0 0 0 0 
29 0.269134 0 0 5.078E-5 0 0 0 0 0 5.078E-5 0 5.078E-5 5.078E-5 0 0 0 5.078E-5 0 0 0 0 
30 0.269134 0 0 5.078E-5 0 0 0 0 0 5.078E-5 0 5.078E-5 5.078E-5 0 0 0 5.078E-5 0 0 0 0 
39 0.269134 0 0 5.078E-5 0 0 0 0 0 5.078E-5 0 5.078E-5 5.078E-5 0 0 0 5.078E-5 0 0 0 0 
41 0 2.69134E-4 2.69134E-4 0 5.803428571428571E-5 5.803428571428571E-5 2.69134E-4 2.69134E-4 2.69134E-4 0 2.69134E-4 0 0 5.803428571428571E-5 2.69134E-4 5.803428571428571E-5 0 5.803428571428571E-5 5.803428571428571E-5 5.803428571428571E-5 2.69134E-4 
42 0.269134 0 0 5.078E-5 0 0 0 0 0 5.078E-5 0 5.078E-5 5.078E-5 0 0 0 5.078E-5 0 0 0 0 
43 0 2.69134E-4 2.69134E-4 0 5.803428571428571E-5 5.803428571428571E-5 2.69134E-4 2.69134E-4 2.69134E-4 0 2.69134E-4 0 0 5.803428571428571E-5 2.69134E-4 5.803428571428571E-5 0 5.803428571428571E-5 5.803428571428571E-5 5.803428571428571E-5 2.69134E-4 
44 0 2.69134E-4 2.69134E-4 0 5.803428571428571E-5 5.803428571428571E-5 2.69134E-4 2.69134E-4 2.69134E-4 0 2.69134E-4 0 0 5.803428571428571E-5 2.69134E-4 5.803428571428571E-5 0 5.803428571428571E-5 5.803428571428571E-5 5.803428571428571E-5 2.69134E-4 
45 0 0 0 1.8454902857142856E-4 0 0 0 0 0 1.8454902857142856E-4 0 1.8454902857142856E-4 1.8454902857142856E-4 0 0 0 1.8454902857142856E-4 0 0 0 0 
46 0.269134 0 0 5.078E-5 0 0 0 0 0 5.078E-5 0 5.078E-5 5.078E-5 0 0 0 5.078E-5 0 0 0 0 
47 0 0 0 1.8454902857142856E-4 0 0 0 0 0 1.8454902857142856E-4 0 1.8454902857142856E-4 1.8454902857142856E-4 0 0 0 1.8454902857142856E-4 0 0 0 0 
48 0 2.69134E-4 2.69134E-4 0 5.803428571428571E-5 5.803428571428571E-5 2.69134E-4 2.69134E-4 2.69134E-4 0 2.69134E-4 0 0 5.803428571428571E-5 2.69134E-4 5.803428571428571E-5 0 5.803428571428571E-5 5.803428571428571E-5 5.803428571428571E-5 2.69134E-4 
49 0 0 0 1.8454902857142856E-4 0 0 0 0 0 1.8454902857142856E-4 0 1.8454902857142856E-4 1.8454902857142856E-4 0 0 0 1.8454902857142856E-4 0 0 0 0 
50 0 0 0 1.8454902857142856E-4 0 0 0 0 0 1.8454902857142856E-4 0 1.8454902857142856E-4 1.8454902857142856E-4 0 0 0 1.8454902857142856E-4 0 0 0 0 
51 0 0 0 1.8454902857142856E-4 0 0 0 0 0 1.8454902857142856E-4 0 1.8454902857142856E-4 1.8454902857142856E-4 0 0 0 1.8454902857142856E-4 0 0 0 0 
52 0.269134 0 0 5.078E-5 0 0 0 0 0 5.078E-5 0 5.078E-5 5.078E-5 0 0 0 5.078E-5 0 0 0 0 
[1,*,*] : 
0 5 6 7 8 9 25 26 27 33 34 35 36 37 38 := 
0 0 4.1504000000000004E-4 4.1504000000000004E-4 4.1504000000000004E-4 0 0 0 0 0 0 4.1504000000000004E-4 0 0 4.1504000000000004E-4 0 
5 0.43994240000000007 0 0 0 8.3008E-5 0 8.3008E-5 8.3008E-5 8.3008E-5 0 0 0 0 0 8.3008E-5 
6 0.43994240000000007 0 0 0 8.3008E-5 0 8.3008E-5 8.3008E-5 8.3008E-5 0 0 0 0 0 8.3008E-5 
7 0.43994240000000007 0 0 0 8.3008E-5 0 8.3008E-5 8.3008E-5 8.3008E-5 0 0 0 0 0 8.3008E-5 
8 0 4.3994240000000005E-4 4.3994240000000005E-4 4.3994240000000005E-4 0 1.0376000000000001E-4 0 0 0 1.0376000000000001E-4 4.3994240000000005E-4 1.0376000000000001E-4 1.0376000000000001E-4 4.3994240000000005E-4 0 
9 0 0 0 0 0.0047293808 0 0.0047293808 0.0047293808 0.0047293808 0 0 0 0 0 0.0047293808 
25 0 4.3994240000000005E-4 4.3994240000000005E-4 4.3994240000000005E-4 0 1.0376000000000001E-4 0 0 0 1.0376000000000001E-4 4.3994240000000005E-4 1.0376000000000001E-4 1.0376000000000001E-4 4.3994240000000005E-4 0 
26 0 4.3994240000000005E-4 4.3994240000000005E-4 4.3994240000000005E-4 0 1.0376000000000001E-4 0 0 0 1.0376000000000001E-4 4.3994240000000005E-4 1.0376000000000001E-4 1.0376000000000001E-4 4.3994240000000005E-4 0 
27 0 4.3994240000000005E-4 4.3994240000000005E-4 4.3994240000000005E-4 0 1.0376000000000001E-4 0 0 0 1.0376000000000001E-4 4.3994240000000005E-4 1.0376000000000001E-4 1.0376000000000001E-4 4.3994240000000005E-4 0 
33 0 0 0 0 0.0047293808 0 0.0047293808 0.0047293808 0.0047293808 0 0 0 0 0 0.0047293808 
34 0.43994240000000007 0 0 0 8.3008E-5 0 8.3008E-5 8.3008E-5 8.3008E-5 0 0 0 0 0 8.3008E-5 
35 0 0 0 0 0.0047293808 0 0.0047293808 0.0047293808 0.0047293808 0 0 0 0 0 0.0047293808 
36 0 0 0 0 0.0047293808 0 0.0047293808 0.0047293808 0.0047293808 0 0 0 0 0 0.0047293808 
37 0.43994240000000007 0 0 0 8.3008E-5 0 8.3008E-5 8.3008E-5 8.3008E-5 0 0 0 0 0 8.3008E-5 
38 0 4.3994240000000005E-4 4.3994240000000005E-4 4.3994240000000005E-4 0 1.0376000000000001E-4 0 0 0 1.0376000000000001E-4 4.3994240000000005E-4 1.0376000000000001E-4 1.0376000000000001E-4 4.3994240000000005E-4 0 
[2,*,*] : 
0 10 11 12 13 40 := 
0 0 3.468E-4 3.468E-4 0 0 0 
10 0.36760800000000005 0 0 1.734E-4 0 1.734E-4 
11 0.36760800000000005 0 0 1.734E-4 0 1.734E-4 
12 0 9.190200000000001E-4 9.190200000000001E-4 0 3.468E-4 0 
13 0 0 0 0.013050084 0 0.013050084 
40 0 9.190200000000001E-4 9.190200000000001E-4 0 3.468E-4 0 
[3,*,*] : 
0 14 15 16 24 := 
0 0 2.692E-4 0 0 2.692E-4 
14 0.285352 0 2.692E-4 0 0 
15 0 0.00142676 0 5.384E-4 0.00142676 
16 0 0 0.026252383999999997 0 0 
24 0.285352 0 2.692E-4 0 0 
[4,*,*] : 
0 17 18 19 53 := 
0 0 4.2E-4 0 0 0 
17 0.44520000000000004 0 2.1E-4 0 2.1E-4 
18 0 0.001113 0 2.1E-4 0 
19 0 0 0.0014469 0 0.0014469 
53 0 0.001113 0 2.1E-4 0 
[5,*,*] : 
0 20 21 22 23 31 32 := 
0 0 9.199999999999999E-4 9.199999999999999E-4 0 0 9.199999999999999E-4 0 
20 0.9752 0 0 4.5999999999999996E-4 0 0 4.5999999999999996E-4 
21 0.9752 0 0 4.5999999999999996E-4 0 0 4.5999999999999996E-4 
22 0 0.0024379999999999996 0.0024379999999999996 0 0.00138 0.0024379999999999996 0 
23 0 0 0 0.0343758 0 0 0.0343758 
31 0.9752 0 0 4.5999999999999996E-4 0 0 4.5999999999999996E-4 
32 0 0.0024379999999999996 0.0024379999999999996 0 0.00138 0.0024379999999999996 0 
;
param x_bar : 0 1 2 3 4 5 6 7 8 9 10 11 12 13 14 15  := 
0 0 0 0 0 0 0 0 0 0 0 0 0 0 0 0 0 
1 0 0 0 0 0 0 0 0 1 0 0 0 0 0 0 0 
2 0 0 0 0 0 0 0 0 1 0 0 0 0 0 0 0 
3 0 0 0 0 0 0 0 0 0 0 0 0 1 0 0 0 
4 0 0 0 0 0 0 0 0 0 0 0 0 1 0 0 0 
5 0 0 0 0 0 0 0 0 0 0 1 0 0 0 0 0 
6 0 0 0 0 0 0 0 0 0 0 0 1 0 0 0 0 
7 0 0 1 0 0 0 0 0 0 0 0 0 0 0 0 0 
8 0 0 0 0 0 0 0 0 0 0 1 0 0 0 0 0 
9 0 0 0 0 0 0 0 0 0 0 1 0 0 0 0 0 
10 0 0 0 0 0 0 0 0 0 0 0 0 0 1 0 0 
11 0 0 0 0 0 0 0 0 0 0 0 0 0 0 1 0 
12 0 0 1 0 0 0 0 0 0 0 0 0 0 0 0 0 
13 0 0 0 1 0 0 0 0 0 0 0 0 0 0 0 0 
;
