data;
set C_bar :=  1 2 3 4 5 6 7 8 9 10 11 12 13 14 ;
set C :=  15 16 17 18 33 34 48 19 20 21 22 23 24 25 39 40 41 42 43 49 50 51 52 26 27 28 44 45 46 47 36 37 38 29 30 31 32 35 53 54 ;
set R := 0 1 2 3 4 5 ;
set C_bar_r[0] :=  
1 2 3 4 ;
set C_bar_r[1] :=  
5 6 7 8 ;
set C_bar_r[2] :=  
9 10 11 12 13 14 ;
set C_r[0] :=  
44 45 46 47 ;
set C_r[1] :=  
36 37 38 ;
set C_r[2] :=  
29 30 31 32 35 53 54 ;
set C_r[3] :=  
15 16 17 18 33 34 48 ;
set C_r[4] :=  
19 20 21 22 23 24 25 39 40 41 42 43 49 50 51 52 ;
set C_r[5] :=  
26 27 28 ;
set S :=  0 1 2 3 4 5 6 7 8 9 10 11 12 13 14 15 ;
set S_u :=  0 1 2 3 4 5 6 7 8 9 10 11 12 13 14 15 ;
set S_r[0] := 
12 ;
set S_r[1] := 
2 3 8 ;
set S_r[2] := 
4 5 9 ;
set Rack :=  0 1 2 3 4 5 6 7 ;
param COST : 0 1 2 3 4 5 6 7 8 9 10 11 12 13 14 15 :=
0 0 1 3 3 5 5 5 5 5 5 5 5 5 5 5 5 
1 1 0 3 3 5 5 5 5 5 5 5 5 5 5 5 5 
2 3 3 0 1 5 5 5 5 5 5 5 5 5 5 5 5 
3 3 3 1 0 5 5 5 5 5 5 5 5 5 5 5 5 
4 5 5 5 5 0 1 3 3 5 5 5 5 5 5 5 5 
5 5 5 5 5 1 0 3 3 5 5 5 5 5 5 5 5 
6 5 5 5 5 3 3 0 1 5 5 5 5 5 5 5 5 
7 5 5 5 5 3 3 1 0 5 5 5 5 5 5 5 5 
8 5 5 5 5 5 5 5 5 0 1 3 3 5 5 5 5 
9 5 5 5 5 5 5 5 5 1 0 3 3 5 5 5 5 
10 5 5 5 5 5 5 5 5 3 3 0 1 5 5 5 5 
11 5 5 5 5 5 5 5 5 3 3 1 0 5 5 5 5 
12 5 5 5 5 5 5 5 5 5 5 5 5 0 1 3 3 
13 5 5 5 5 5 5 5 5 5 5 5 5 1 0 3 3 
14 5 5 5 5 5 5 5 5 5 5 5 5 3 3 0 1 
15 5 5 5 5 5 5 5 5 5 5 5 5 3 3 1 0 
;
set S_rack[0] :=  
0 1 ;
set S_rack[1] :=  
2 3 ;
set S_rack[2] :=  
4 5 ;
set S_rack[3] :=  
6 7 ;
set S_rack[4] :=  
8 9 ;
set S_rack[5] :=  
10 11 ;
set S_rack[6] :=  
12 13 ;
set S_rack[7] :=  
14 15 ;
param CPU := 
0 28.0
1 28.0
2 26.0
3 26.0
4 14.0
5 12.0
6 28.0
7 28.0
8 25.81818199157715
9 34.909090995788574
10 56.0
11 56.0
12 45.0
13 56.0
14 28.0
15 28.0
;
param MEM := 
0 48.0
1 48.0
2 40.0
3 44.0
4 136.0
5 128.0
6 48.0
7 48.0
8 64.0
9 96.0
10 192.0
11 192.0
12 150.0
13 192.0
14 96.0
15 96.0
;
param DISK := 
0 48.0
1 48.0
2 24.0
3 32.0
4 82.0
5 92.0
6 48.0
7 48.0
8 41.599999999999994
9 78.0
10 192.0
11 192.0
12 88.0
13 192.0
14 96.0
15 96.0
;
param BDW_out := 
0 10.0
1 10.0
2 9.99477466
3 9.932471428
4 9.36522324
5 8.736365422222223
6 10.0
7 10.0
8 8.4817882
9 9.36818271111111
10 10.0
11 10.0
12 9.557344
13 10.0
14 10.0
15 10.0
;
param BDW_in := 
0 10.0
1 10.0
2 9.931755628
3 9.9985684
4 9.998808266666666
5 9.996702871111111
6 10.0
7 10.0
8 9.99477466
9 9.998351435555556
10 10.0
11 10.0
12 9.9995824
13 10.0
14 10.0
15 10.0
;
param mem := 
1 16.0
2 16.0
3 2.0
4 8.0
44 2.0
45 16.0
46 2.0
47 16.0
5 32.0
6 32.0
7 8.0
8 4.0
36 8.0
37 32.0
38 32.0
9 32.0
10 32.0
11 32.0
12 32.0
13 8.0
14 16.0
29 16.0
30 32.0
31 32.0
32 8.0
35 16.0
53 8.0
54 16.0
15 8.0
16 8.0
17 16.0
18 16.0
33 16.0
34 16.0
48 16.0
19 16.0
20 16.0
21 16.0
22 16.0
23 16.0
24 4.0
25 64.0
39 64.0
40 64.0
41 64.0
42 16.0
43 16.0
49 64.0
50 4.0
51 4.0
52 16.0
26 64.0
27 2.0
28 16.0
;
param disk := 
1 36.0
2 36.0
3 8.0
4 24.0
44 8.0
45 36.0
46 8.0
47 36.0
5 43.2
6 43.2
7 24.0
8 16.0
36 24.0
37 43.2
38 43.2
9 50.0
10 50.0
11 50.0
12 50.0
13 24.0
14 36.0
29 36.0
30 50.0
31 50.0
32 24.0
35 36.0
53 24.0
54 36.0
15 24.0
16 24.0
17 36.0
18 36.0
33 36.0
34 36.0
48 36.0
19 36.0
20 36.0
21 36.0
22 36.0
23 36.0
24 16.0
25 64.0
39 64.0
40 64.0
41 64.0
42 36.0
43 36.0
49 64.0
50 16.0
51 16.0
52 36.0
26 64.0
27 8.0
28 36.0
;
param cpu : 
0 1 2 3 4 5 6 7 8 9 10 11 12 13 14 15 := 
1 4.0 4.0 4.0 4.0 4.0 4.0 4.0 4.0 4.545454545454546 4.545454545454546 4.0 4.0 4.0 4.0 4.761904761904762 4.761904761904762 
2 4.0 4.0 4.0 4.0 4.0 4.0 4.0 4.0 4.545454545454546 4.545454545454546 4.0 4.0 4.0 4.0 4.761904761904762 4.761904761904762 
3 1.0 1.0 1.0 1.0 1.0 1.0 1.0 1.0 1.1363636363636365 1.1363636363636365 1.0 1.0 1.0 1.0 1.1904761904761905 1.1904761904761905 
4 2.0 2.0 2.0 2.0 2.0 2.0 2.0 2.0 2.272727272727273 2.272727272727273 2.0 2.0 2.0 2.0 2.380952380952381 2.380952380952381 
44 1.0 1.0 1.0 1.0 1.0 1.0 1.0 1.0 1.1363636363636365 1.1363636363636365 1.0 1.0 1.0 1.0 1.1904761904761905 1.1904761904761905 
45 4.0 4.0 4.0 4.0 4.0 4.0 4.0 4.0 4.545454545454546 4.545454545454546 4.0 4.0 4.0 4.0 4.761904761904762 4.761904761904762 
46 1.0 1.0 1.0 1.0 1.0 1.0 1.0 1.0 1.1363636363636365 1.1363636363636365 1.0 1.0 1.0 1.0 1.1904761904761905 1.1904761904761905 
47 4.0 4.0 4.0 4.0 4.0 4.0 4.0 4.0 4.545454545454546 4.545454545454546 4.0 4.0 4.0 4.0 4.761904761904762 4.761904761904762 
5 8.0 8.0 8.0 8.0 8.0 8.0 8.0 8.0 9.090909090909092 9.090909090909092 8.0 8.0 8.0 8.0 9.523809523809524 9.523809523809524 
6 8.0 8.0 8.0 8.0 8.0 8.0 8.0 8.0 9.090909090909092 9.090909090909092 8.0 8.0 8.0 8.0 9.523809523809524 9.523809523809524 
7 2.0 2.0 2.0 2.0 2.0 2.0 2.0 2.0 2.272727272727273 2.272727272727273 2.0 2.0 2.0 2.0 2.380952380952381 2.380952380952381 
8 2.0 2.0 2.0 2.0 2.0 2.0 2.0 2.0 2.272727272727273 2.272727272727273 2.0 2.0 2.0 2.0 2.380952380952381 2.380952380952381 
36 2.0 2.0 2.0 2.0 2.0 2.0 2.0 2.0 2.272727272727273 2.272727272727273 2.0 2.0 2.0 2.0 2.380952380952381 2.380952380952381 
37 8.0 8.0 8.0 8.0 8.0 8.0 8.0 8.0 9.090909090909092 9.090909090909092 8.0 8.0 8.0 8.0 9.523809523809524 9.523809523809524 
38 8.0 8.0 8.0 8.0 8.0 8.0 8.0 8.0 9.090909090909092 9.090909090909092 8.0 8.0 8.0 8.0 9.523809523809524 9.523809523809524 
9 8.0 8.0 8.0 8.0 8.0 8.0 8.0 8.0 9.090909090909092 9.090909090909092 8.0 8.0 8.0 8.0 9.523809523809524 9.523809523809524 
10 8.0 8.0 8.0 8.0 8.0 8.0 8.0 8.0 9.090909090909092 9.090909090909092 8.0 8.0 8.0 8.0 9.523809523809524 9.523809523809524 
11 8.0 8.0 8.0 8.0 8.0 8.0 8.0 8.0 9.090909090909092 9.090909090909092 8.0 8.0 8.0 8.0 9.523809523809524 9.523809523809524 
12 8.0 8.0 8.0 8.0 8.0 8.0 8.0 8.0 9.090909090909092 9.090909090909092 8.0 8.0 8.0 8.0 9.523809523809524 9.523809523809524 
13 2.0 2.0 2.0 2.0 2.0 2.0 2.0 2.0 2.272727272727273 2.272727272727273 2.0 2.0 2.0 2.0 2.380952380952381 2.380952380952381 
14 4.0 4.0 4.0 4.0 4.0 4.0 4.0 4.0 4.545454545454546 4.545454545454546 4.0 4.0 4.0 4.0 4.761904761904762 4.761904761904762 
29 4.0 4.0 4.0 4.0 4.0 4.0 4.0 4.0 4.545454545454546 4.545454545454546 4.0 4.0 4.0 4.0 4.761904761904762 4.761904761904762 
30 8.0 8.0 8.0 8.0 8.0 8.0 8.0 8.0 9.090909090909092 9.090909090909092 8.0 8.0 8.0 8.0 9.523809523809524 9.523809523809524 
31 8.0 8.0 8.0 8.0 8.0 8.0 8.0 8.0 9.090909090909092 9.090909090909092 8.0 8.0 8.0 8.0 9.523809523809524 9.523809523809524 
32 2.0 2.0 2.0 2.0 2.0 2.0 2.0 2.0 2.272727272727273 2.272727272727273 2.0 2.0 2.0 2.0 2.380952380952381 2.380952380952381 
35 4.0 4.0 4.0 4.0 4.0 4.0 4.0 4.0 4.545454545454546 4.545454545454546 4.0 4.0 4.0 4.0 4.761904761904762 4.761904761904762 
53 2.0 2.0 2.0 2.0 2.0 2.0 2.0 2.0 2.272727272727273 2.272727272727273 2.0 2.0 2.0 2.0 2.380952380952381 2.380952380952381 
54 4.0 4.0 4.0 4.0 4.0 4.0 4.0 4.0 4.545454545454546 4.545454545454546 4.0 4.0 4.0 4.0 4.761904761904762 4.761904761904762 
15 2.0 2.0 2.0 2.0 2.0 2.0 2.0 2.0 2.272727272727273 2.272727272727273 2.0 2.0 2.0 2.0 2.380952380952381 2.380952380952381 
16 2.0 2.0 2.0 2.0 2.0 2.0 2.0 2.0 2.272727272727273 2.272727272727273 2.0 2.0 2.0 2.0 2.380952380952381 2.380952380952381 
17 4.0 4.0 4.0 4.0 4.0 4.0 4.0 4.0 4.545454545454546 4.545454545454546 4.0 4.0 4.0 4.0 4.761904761904762 4.761904761904762 
18 4.0 4.0 4.0 4.0 4.0 4.0 4.0 4.0 4.545454545454546 4.545454545454546 4.0 4.0 4.0 4.0 4.761904761904762 4.761904761904762 
33 4.0 4.0 4.0 4.0 4.0 4.0 4.0 4.0 4.545454545454546 4.545454545454546 4.0 4.0 4.0 4.0 4.761904761904762 4.761904761904762 
34 4.0 4.0 4.0 4.0 4.0 4.0 4.0 4.0 4.545454545454546 4.545454545454546 4.0 4.0 4.0 4.0 4.761904761904762 4.761904761904762 
48 4.0 4.0 4.0 4.0 4.0 4.0 4.0 4.0 4.545454545454546 4.545454545454546 4.0 4.0 4.0 4.0 4.761904761904762 4.761904761904762 
19 4.0 4.0 4.0 4.0 4.0 4.0 4.0 4.0 4.545454545454546 4.545454545454546 4.0 4.0 4.0 4.0 4.761904761904762 4.761904761904762 
20 4.0 4.0 4.0 4.0 4.0 4.0 4.0 4.0 4.545454545454546 4.545454545454546 4.0 4.0 4.0 4.0 4.761904761904762 4.761904761904762 
21 4.0 4.0 4.0 4.0 4.0 4.0 4.0 4.0 4.545454545454546 4.545454545454546 4.0 4.0 4.0 4.0 4.761904761904762 4.761904761904762 
22 4.0 4.0 4.0 4.0 4.0 4.0 4.0 4.0 4.545454545454546 4.545454545454546 4.0 4.0 4.0 4.0 4.761904761904762 4.761904761904762 
23 4.0 4.0 4.0 4.0 4.0 4.0 4.0 4.0 4.545454545454546 4.545454545454546 4.0 4.0 4.0 4.0 4.761904761904762 4.761904761904762 
24 2.0 2.0 2.0 2.0 2.0 2.0 2.0 2.0 2.272727272727273 2.272727272727273 2.0 2.0 2.0 2.0 2.380952380952381 2.380952380952381 
25 16.0 16.0 16.0 16.0 16.0 16.0 16.0 16.0 18.181818181818183 18.181818181818183 16.0 16.0 16.0 16.0 19.047619047619047 19.047619047619047 
39 16.0 16.0 16.0 16.0 16.0 16.0 16.0 16.0 18.181818181818183 18.181818181818183 16.0 16.0 16.0 16.0 19.047619047619047 19.047619047619047 
40 16.0 16.0 16.0 16.0 16.0 16.0 16.0 16.0 18.181818181818183 18.181818181818183 16.0 16.0 16.0 16.0 19.047619047619047 19.047619047619047 
41 16.0 16.0 16.0 16.0 16.0 16.0 16.0 16.0 18.181818181818183 18.181818181818183 16.0 16.0 16.0 16.0 19.047619047619047 19.047619047619047 
42 4.0 4.0 4.0 4.0 4.0 4.0 4.0 4.0 4.545454545454546 4.545454545454546 4.0 4.0 4.0 4.0 4.761904761904762 4.761904761904762 
43 4.0 4.0 4.0 4.0 4.0 4.0 4.0 4.0 4.545454545454546 4.545454545454546 4.0 4.0 4.0 4.0 4.761904761904762 4.761904761904762 
49 16.0 16.0 16.0 16.0 16.0 16.0 16.0 16.0 18.181818181818183 18.181818181818183 16.0 16.0 16.0 16.0 19.047619047619047 19.047619047619047 
50 2.0 2.0 2.0 2.0 2.0 2.0 2.0 2.0 2.272727272727273 2.272727272727273 2.0 2.0 2.0 2.0 2.380952380952381 2.380952380952381 
51 2.0 2.0 2.0 2.0 2.0 2.0 2.0 2.0 2.272727272727273 2.272727272727273 2.0 2.0 2.0 2.0 2.380952380952381 2.380952380952381 
52 4.0 4.0 4.0 4.0 4.0 4.0 4.0 4.0 4.545454545454546 4.545454545454546 4.0 4.0 4.0 4.0 4.761904761904762 4.761904761904762 
26 16.0 16.0 16.0 16.0 16.0 16.0 16.0 16.0 18.181818181818183 18.181818181818183 16.0 16.0 16.0 16.0 19.047619047619047 19.047619047619047 
27 1.0 1.0 1.0 1.0 1.0 1.0 1.0 1.0 1.1363636363636365 1.1363636363636365 1.0 1.0 1.0 1.0 1.1904761904761905 1.1904761904761905 
28 4.0 4.0 4.0 4.0 4.0 4.0 4.0 4.0 4.545454545454546 4.545454545454546 4.0 4.0 4.0 4.0 4.761904761904762 4.761904761904762 
;
set c_0 := 0;
param d := 
[0,*,*] : 
0 1 2 3 4 44 45 46 47 := 
0 0 2.088E-4 2.088E-4 0 0 0 2.088E-4 0 2.088E-4 
1 0.221328 0 0 6.96E-5 0 6.96E-5 0 6.96E-5 0 
2 0.221328 0 0 6.96E-5 0 6.96E-5 0 6.96E-5 0 
3 0 3.6888000000000003E-4 3.6888000000000003E-4 0 2.784E-4 0 3.6888000000000003E-4 0 3.6888000000000003E-4 
4 0 0 0 0.006934944000000001 0 0.006934944000000001 0 0.006934944000000001 0 
44 0 3.6888000000000003E-4 3.6888000000000003E-4 0 2.784E-4 0 3.6888000000000003E-4 0 3.6888000000000003E-4 
45 0.221328 0 0 6.96E-5 0 6.96E-5 0 6.96E-5 0 
46 0 3.6888000000000003E-4 3.6888000000000003E-4 0 2.784E-4 0 3.6888000000000003E-4 0 3.6888000000000003E-4 
47 0.221328 0 0 6.96E-5 0 6.96E-5 0 6.96E-5 0 
[1,*,*] : 
0 5 6 7 8 36 37 38 := 
0 0 7.158E-4 7.158E-4 0 0 0 7.158E-4 7.158E-4 
5 0.7587480000000001 0 0 3.579E-4 0 3.579E-4 0 0 
6 0.7587480000000001 0 0 3.579E-4 0 3.579E-4 0 0 
7 0 0.0018968700000000004 0.0018968700000000004 0 0.0014316 0 0.0018968700000000004 0.0018968700000000004 
8 0 0 0 0.06752857200000002 0 0.06752857200000002 0 0 
36 0 0.0018968700000000004 0.0018968700000000004 0 0.0014316 0 0.0018968700000000004 0.0018968700000000004 
37 0.7587480000000001 0 0 3.579E-4 0 3.579E-4 0 0 
38 0.7587480000000001 0 0 3.579E-4 0 3.579E-4 0 0 
[2,*,*] : 
0 9 10 11 12 13 14 29 30 31 32 35 53 54 := 
0 0 5.958666666666667E-4 5.958666666666667E-4 5.958666666666667E-4 5.958666666666667E-4 0 0 0 5.958666666666667E-4 5.958666666666667E-4 0 0 0 0 
9 0.6316186666666667 0 0 0 0 1.9862222222222223E-4 0 0 0 0 1.9862222222222223E-4 0 1.9862222222222223E-4 0 
10 0.6316186666666667 0 0 0 0 1.9862222222222223E-4 0 0 0 0 1.9862222222222223E-4 0 1.9862222222222223E-4 0 
11 0.6316186666666667 0 0 0 0 1.9862222222222223E-4 0 0 0 0 1.9862222222222223E-4 0 1.9862222222222223E-4 0 
12 0.6316186666666667 0 0 0 0 1.9862222222222223E-4 0 0 0 0 1.9862222222222223E-4 0 1.9862222222222223E-4 0 
13 0 0.0010526977777777777 0.0010526977777777777 0.0010526977777777777 0.0010526977777777777 0 2.9793333333333333E-4 2.9793333333333333E-4 0.0010526977777777777 0.0010526977777777777 0 2.9793333333333333E-4 0 2.9793333333333333E-4 
14 0 0 0 0 0 9.47428E-4 0 0 0 0 9.47428E-4 0 9.47428E-4 0 
29 0 0 0 0 0 9.47428E-4 0 0 0 0 9.47428E-4 0 9.47428E-4 0 
30 0.6316186666666667 0 0 0 0 1.9862222222222223E-4 0 0 0 0 1.9862222222222223E-4 0 1.9862222222222223E-4 0 
31 0.6316186666666667 0 0 0 0 1.9862222222222223E-4 0 0 0 0 1.9862222222222223E-4 0 1.9862222222222223E-4 0 
32 0 0.0010526977777777777 0.0010526977777777777 0.0010526977777777777 0.0010526977777777777 0 2.9793333333333333E-4 2.9793333333333333E-4 0.0010526977777777777 0.0010526977777777777 0 2.9793333333333333E-4 0 2.9793333333333333E-4 
35 0 0 0 0 0 9.47428E-4 0 0 0 0 9.47428E-4 0 9.47428E-4 0 
53 0 0.0010526977777777777 0.0010526977777777777 0.0010526977777777777 0.0010526977777777777 0 2.9793333333333333E-4 2.9793333333333333E-4 0.0010526977777777777 0.0010526977777777777 0 2.9793333333333333E-4 0 2.9793333333333333E-4 
54 0 0 0 0 0 9.47428E-4 0 0 0 0 9.47428E-4 0 9.47428E-4 0 
[3,*,*] : 
0 15 16 17 18 33 34 48 := 
0 0 0.001038 0.001038 0 0 0 0 0 
15 1.1002800000000001 0 0 3.46E-4 0 3.46E-4 0 3.46E-4 
16 1.1002800000000001 0 0 3.46E-4 0 3.46E-4 0 3.46E-4 
17 0 0.0018338000000000002 0.0018338000000000002 0 3.46E-4 0 3.46E-4 0 
18 0 0 0 0.00696844 0 0.00696844 0 0.00696844 
33 0 0.0018338000000000002 0.0018338000000000002 0 3.46E-4 0 3.46E-4 0 
34 0 0 0 0.00696844 0 0.00696844 0 0.00696844 
48 0 0.0018338000000000002 0.0018338000000000002 0 3.46E-4 0 3.46E-4 0 
[4,*,*] : 
0 19 20 21 22 23 24 25 39 40 41 42 43 49 50 51 52 := 
0 0 4.383E-4 4.383E-4 4.383E-4 4.383E-4 4.383E-4 0 0 0 0 0 4.383E-4 4.383E-4 0 0 0 4.383E-4 
19 0.46459799999999996 0 0 0 0 0 1.461E-4 0 0 0 0 0 0 0 1.461E-4 1.461E-4 0 
20 0.46459799999999996 0 0 0 0 0 1.461E-4 0 0 0 0 0 0 0 1.461E-4 1.461E-4 0 
21 0.46459799999999996 0 0 0 0 0 1.461E-4 0 0 0 0 0 0 0 1.461E-4 1.461E-4 0 
22 0.46459799999999996 0 0 0 0 0 1.461E-4 0 0 0 0 0 0 0 1.461E-4 1.461E-4 0 
23 0.46459799999999996 0 0 0 0 0 1.461E-4 0 0 0 0 0 0 0 1.461E-4 1.461E-4 0 
24 0 7.7433E-4 7.7433E-4 7.7433E-4 7.7433E-4 7.7433E-4 0 2.3376E-4 2.3376E-4 2.3376E-4 2.3376E-4 7.7433E-4 7.7433E-4 2.3376E-4 0 0 7.7433E-4 
25 0 0 0 0 0 0 0.0075574608000000005 0 0 0 0 0 0 0 0.0075574608000000005 0.0075574608000000005 0 
39 0 0 0 0 0 0 0.0075574608000000005 0 0 0 0 0 0 0 0.0075574608000000005 0.0075574608000000005 0 
40 0 0 0 0 0 0 0.0075574608000000005 0 0 0 0 0 0 0 0.0075574608000000005 0.0075574608000000005 0 
41 0 0 0 0 0 0 0.0075574608000000005 0 0 0 0 0 0 0 0.0075574608000000005 0.0075574608000000005 0 
42 0.46459799999999996 0 0 0 0 0 1.461E-4 0 0 0 0 0 0 0 1.461E-4 1.461E-4 0 
43 0.46459799999999996 0 0 0 0 0 1.461E-4 0 0 0 0 0 0 0 1.461E-4 1.461E-4 0 
49 0 0 0 0 0 0 0.0075574608000000005 0 0 0 0 0 0 0 0.0075574608000000005 0.0075574608000000005 0 
50 0 7.7433E-4 7.7433E-4 7.7433E-4 7.7433E-4 7.7433E-4 0 2.3376E-4 2.3376E-4 2.3376E-4 2.3376E-4 7.7433E-4 7.7433E-4 2.3376E-4 0 0 7.7433E-4 
51 0 7.7433E-4 7.7433E-4 7.7433E-4 7.7433E-4 7.7433E-4 0 2.3376E-4 2.3376E-4 2.3376E-4 2.3376E-4 7.7433E-4 7.7433E-4 2.3376E-4 0 0 7.7433E-4 
52 0.46459799999999996 0 0 0 0 0 1.461E-4 0 0 0 0 0 0 0 1.461E-4 1.461E-4 0 
[5,*,*] : 
0 26 27 28 := 
0 0 0.0017376 0 0 
26 1.841856 0 0.0017376 0 
27 0 0.00920928 0 0.0017376 
28 0 0 0.061702176000000004 0 
;
param x_bar : 0 1 2 3 4 5 6 7 8 9 10 11 12 13 14 15  := 
0 0 0 0 0 0 0 0 0 0 0 0 0 0 0 0 0 
1 0 0 0 0 0 0 0 0 0 0 0 0 1 0 0 0 
2 0 0 0 0 0 0 0 0 0 0 0 0 1 0 0 0 
3 0 0 0 0 0 0 0 0 0 0 0 0 1 0 0 0 
4 0 0 0 0 0 0 0 0 0 0 0 0 1 0 0 0 
5 0 0 0 0 0 0 0 0 1 0 0 0 0 0 0 0 
6 0 0 0 0 0 0 0 0 1 0 0 0 0 0 0 0 
7 0 0 1 0 0 0 0 0 0 0 0 0 0 0 0 0 
8 0 0 0 1 0 0 0 0 0 0 0 0 0 0 0 0 
9 0 0 0 0 1 0 0 0 0 0 0 0 0 0 0 0 
10 0 0 0 0 0 1 0 0 0 0 0 0 0 0 0 0 
11 0 0 0 0 0 1 0 0 0 0 0 0 0 0 0 0 
12 0 0 0 0 0 0 0 0 0 1 0 0 0 0 0 0 
13 0 0 0 0 1 0 0 0 0 0 0 0 0 0 0 0 
14 0 0 0 0 1 0 0 0 0 0 0 0 0 0 0 0 
;
