data;
set C_bar :=  1 2 3 4 5 6 7 8 9 10 11 ;
set C :=  12 13 14 15 16 47 48 49 50 51 17 18 19 20 21 22 37 38 39 46 23 24 25 26 27 28 29 30 31 32 33 34 44 45 40 41 42 43 35 36 ;
set R := 0 1 2 3 4 5 ;
set C_bar_r[0] :=  
1 2 3 4 ;
set C_bar_r[1] :=  
5 6 7 ;
set C_bar_r[2] :=  
8 9 10 11 ;
set C_r[0] :=  
40 41 42 43 ;
set C_r[1] :=  
35 36 ;
set C_r[2] :=  
;
set C_r[3] :=  
12 13 14 15 16 47 48 49 50 51 ;
set C_r[4] :=  
17 18 19 20 21 22 37 38 39 46 ;
set C_r[5] :=  
23 24 25 26 27 28 29 30 31 32 33 34 44 45 ;
set S :=  0 1 2 3 4 5 6 7 8 9 10 11 12 13 14 15 ;
set S_u :=  0 1 2 3 4 5 6 7 8 9 10 11 12 13 14 15 ;
set S_r[0] := 
12 ;
set S_r[1] := 
0 1 ;
set S_r[2] := 
4 5 ;
set Rack :=  0 1 2 3 4 5 6 7 ;
param COST : 0 1 2 3 4 5 6 7 8 9 10 11 12 13 14 15 :=
0 0 1 3 3 5 5 5 5 5 5 5 5 5 5 5 5 
1 1 0 3 3 5 5 5 5 5 5 5 5 5 5 5 5 
2 3 3 0 1 5 5 5 5 5 5 5 5 5 5 5 5 
3 3 3 1 0 5 5 5 5 5 5 5 5 5 5 5 5 
4 5 5 5 5 0 1 3 3 5 5 5 5 5 5 5 5 
5 5 5 5 5 1 0 3 3 5 5 5 5 5 5 5 5 
6 5 5 5 5 3 3 0 1 5 5 5 5 5 5 5 5 
7 5 5 5 5 3 3 1 0 5 5 5 5 5 5 5 5 
8 5 5 5 5 5 5 5 5 0 1 3 3 5 5 5 5 
9 5 5 5 5 5 5 5 5 1 0 3 3 5 5 5 5 
10 5 5 5 5 5 5 5 5 3 3 0 1 5 5 5 5 
11 5 5 5 5 5 5 5 5 3 3 1 0 5 5 5 5 
12 5 5 5 5 5 5 5 5 5 5 5 5 0 1 3 3 
13 5 5 5 5 5 5 5 5 5 5 5 5 1 0 3 3 
14 5 5 5 5 5 5 5 5 5 5 5 5 3 3 0 1 
15 5 5 5 5 5 5 5 5 5 5 5 5 3 3 1 0 
;
set S_rack[0] :=  
0 1 ;
set S_rack[1] :=  
2 3 ;
set S_rack[2] :=  
4 5 ;
set S_rack[3] :=  
6 7 ;
set S_rack[4] :=  
8 9 ;
set S_rack[5] :=  
10 11 ;
set S_rack[6] :=  
12 13 ;
set S_rack[7] :=  
14 15 ;
param CPU := 
0 12.0
1 20.0
2 28.0
3 28.0
4 16.0
5 12.0
6 28.0
7 28.0
8 28.0
9 28.0
10 44.0
11 44.0
12 42.0
13 56.0
14 28.0
15 28.0
;
param MEM := 
0 128.0
1 160.0
2 48.0
3 48.0
4 144.0
5 128.0
6 48.0
7 48.0
8 48.0
9 48.0
10 128.0
11 128.0
12 136.0
13 192.0
14 96.0
15 96.0
;
param DISK := 
0 128.0
1 120.0
2 48.0
3 48.0
4 84.0
5 128.0
6 48.0
7 48.0
8 48.0
9 48.0
10 128.0
11 128.0
12 70.0
13 192.0
14 96.0
15 96.0
;
param BDW_out := 
0 9.128269
1 9.9978217
2 10.0
3 10.0
4 9.1393168
5 9.9892516
6 10.0
7 10.0
8 10.0
9 10.0
10 10.0
11 10.0
12 7.495573333333333
13 10.0
14 10.0
15 10.0
;
param BDW_in := 
0 9.9969997
1 9.999589
2 10.0
3 10.0
4 9.9884404
5 9.9991888
6 10.0
7 10.0
8 10.0
9 10.0
10 10.0
11 10.0
12 9.997637333333333
13 10.0
14 10.0
15 10.0
;
param mem := 
1 8.0
2 8.0
3 8.0
4 32.0
40 8.0
41 32.0
42 8.0
43 32.0
5 64.0
6 16.0
7 16.0
35 64.0
36 16.0
8 16.0
9 16.0
10 16.0
11 64.0
12 1.0
13 1.0
14 1.0
15 32.0
16 16.0
47 16.0
48 16.0
49 32.0
50 16.0
51 32.0
17 2.0
18 2.0
19 2.0
20 2.0
21 8.0
22 16.0
37 2.0
38 2.0
39 2.0
46 16.0
23 8.0
24 8.0
25 8.0
26 8.0
27 8.0
28 8.0
29 8.0
30 8.0
31 8.0
32 8.0
33 32.0
34 2.0
44 8.0
45 32.0
;
param disk := 
1 24.0
2 24.0
3 24.0
4 50.0
40 24.0
41 50.0
42 24.0
43 50.0
5 64.0
6 36.0
7 36.0
35 64.0
36 36.0
8 36.0
9 36.0
10 36.0
11 64.0
12 4.0
13 4.0
14 4.0
15 50.0
16 36.0
47 36.0
48 36.0
49 50.0
50 36.0
51 50.0
17 8.0
18 8.0
19 8.0
20 8.0
21 24.0
22 36.0
37 8.0
38 8.0
39 8.0
46 36.0
23 24.0
24 24.0
25 24.0
26 24.0
27 24.0
28 24.0
29 24.0
30 24.0
31 24.0
32 24.0
33 50.0
34 8.0
44 24.0
45 50.0
;
param cpu : 
0 1 2 3 4 5 6 7 8 9 10 11 12 13 14 15 := 
1 2.0 2.0 2.0 2.0 2.0 2.0 2.0 2.0 2.0 2.0 2.272727272727273 2.272727272727273 2.0 2.0 2.380952380952381 2.380952380952381 
2 2.0 2.0 2.0 2.0 2.0 2.0 2.0 2.0 2.0 2.0 2.272727272727273 2.272727272727273 2.0 2.0 2.380952380952381 2.380952380952381 
3 2.0 2.0 2.0 2.0 2.0 2.0 2.0 2.0 2.0 2.0 2.272727272727273 2.272727272727273 2.0 2.0 2.380952380952381 2.380952380952381 
4 8.0 8.0 8.0 8.0 8.0 8.0 8.0 8.0 8.0 8.0 9.090909090909092 9.090909090909092 8.0 8.0 9.523809523809524 9.523809523809524 
40 2.0 2.0 2.0 2.0 2.0 2.0 2.0 2.0 2.0 2.0 2.272727272727273 2.272727272727273 2.0 2.0 2.380952380952381 2.380952380952381 
41 8.0 8.0 8.0 8.0 8.0 8.0 8.0 8.0 8.0 8.0 9.090909090909092 9.090909090909092 8.0 8.0 9.523809523809524 9.523809523809524 
42 2.0 2.0 2.0 2.0 2.0 2.0 2.0 2.0 2.0 2.0 2.272727272727273 2.272727272727273 2.0 2.0 2.380952380952381 2.380952380952381 
43 8.0 8.0 8.0 8.0 8.0 8.0 8.0 8.0 8.0 8.0 9.090909090909092 9.090909090909092 8.0 8.0 9.523809523809524 9.523809523809524 
5 16.0 16.0 16.0 16.0 16.0 16.0 16.0 16.0 16.0 16.0 18.181818181818183 18.181818181818183 16.0 16.0 19.047619047619047 19.047619047619047 
6 4.0 4.0 4.0 4.0 4.0 4.0 4.0 4.0 4.0 4.0 4.545454545454546 4.545454545454546 4.0 4.0 4.761904761904762 4.761904761904762 
7 4.0 4.0 4.0 4.0 4.0 4.0 4.0 4.0 4.0 4.0 4.545454545454546 4.545454545454546 4.0 4.0 4.761904761904762 4.761904761904762 
35 16.0 16.0 16.0 16.0 16.0 16.0 16.0 16.0 16.0 16.0 18.181818181818183 18.181818181818183 16.0 16.0 19.047619047619047 19.047619047619047 
36 4.0 4.0 4.0 4.0 4.0 4.0 4.0 4.0 4.0 4.0 4.545454545454546 4.545454545454546 4.0 4.0 4.761904761904762 4.761904761904762 
8 4.0 4.0 4.0 4.0 4.0 4.0 4.0 4.0 4.0 4.0 4.545454545454546 4.545454545454546 4.0 4.0 4.761904761904762 4.761904761904762 
9 4.0 4.0 4.0 4.0 4.0 4.0 4.0 4.0 4.0 4.0 4.545454545454546 4.545454545454546 4.0 4.0 4.761904761904762 4.761904761904762 
10 4.0 4.0 4.0 4.0 4.0 4.0 4.0 4.0 4.0 4.0 4.545454545454546 4.545454545454546 4.0 4.0 4.761904761904762 4.761904761904762 
11 16.0 16.0 16.0 16.0 16.0 16.0 16.0 16.0 16.0 16.0 18.181818181818183 18.181818181818183 16.0 16.0 19.047619047619047 19.047619047619047 
12 1.0 1.0 1.0 1.0 1.0 1.0 1.0 1.0 1.0 1.0 1.1363636363636365 1.1363636363636365 1.0 1.0 1.1904761904761905 1.1904761904761905 
13 1.0 1.0 1.0 1.0 1.0 1.0 1.0 1.0 1.0 1.0 1.1363636363636365 1.1363636363636365 1.0 1.0 1.1904761904761905 1.1904761904761905 
14 1.0 1.0 1.0 1.0 1.0 1.0 1.0 1.0 1.0 1.0 1.1363636363636365 1.1363636363636365 1.0 1.0 1.1904761904761905 1.1904761904761905 
15 8.0 8.0 8.0 8.0 8.0 8.0 8.0 8.0 8.0 8.0 9.090909090909092 9.090909090909092 8.0 8.0 9.523809523809524 9.523809523809524 
16 4.0 4.0 4.0 4.0 4.0 4.0 4.0 4.0 4.0 4.0 4.545454545454546 4.545454545454546 4.0 4.0 4.761904761904762 4.761904761904762 
47 4.0 4.0 4.0 4.0 4.0 4.0 4.0 4.0 4.0 4.0 4.545454545454546 4.545454545454546 4.0 4.0 4.761904761904762 4.761904761904762 
48 4.0 4.0 4.0 4.0 4.0 4.0 4.0 4.0 4.0 4.0 4.545454545454546 4.545454545454546 4.0 4.0 4.761904761904762 4.761904761904762 
49 8.0 8.0 8.0 8.0 8.0 8.0 8.0 8.0 8.0 8.0 9.090909090909092 9.090909090909092 8.0 8.0 9.523809523809524 9.523809523809524 
50 4.0 4.0 4.0 4.0 4.0 4.0 4.0 4.0 4.0 4.0 4.545454545454546 4.545454545454546 4.0 4.0 4.761904761904762 4.761904761904762 
51 8.0 8.0 8.0 8.0 8.0 8.0 8.0 8.0 8.0 8.0 9.090909090909092 9.090909090909092 8.0 8.0 9.523809523809524 9.523809523809524 
17 1.0 1.0 1.0 1.0 1.0 1.0 1.0 1.0 1.0 1.0 1.1363636363636365 1.1363636363636365 1.0 1.0 1.1904761904761905 1.1904761904761905 
18 1.0 1.0 1.0 1.0 1.0 1.0 1.0 1.0 1.0 1.0 1.1363636363636365 1.1363636363636365 1.0 1.0 1.1904761904761905 1.1904761904761905 
19 1.0 1.0 1.0 1.0 1.0 1.0 1.0 1.0 1.0 1.0 1.1363636363636365 1.1363636363636365 1.0 1.0 1.1904761904761905 1.1904761904761905 
20 1.0 1.0 1.0 1.0 1.0 1.0 1.0 1.0 1.0 1.0 1.1363636363636365 1.1363636363636365 1.0 1.0 1.1904761904761905 1.1904761904761905 
21 2.0 2.0 2.0 2.0 2.0 2.0 2.0 2.0 2.0 2.0 2.272727272727273 2.272727272727273 2.0 2.0 2.380952380952381 2.380952380952381 
22 4.0 4.0 4.0 4.0 4.0 4.0 4.0 4.0 4.0 4.0 4.545454545454546 4.545454545454546 4.0 4.0 4.761904761904762 4.761904761904762 
37 1.0 1.0 1.0 1.0 1.0 1.0 1.0 1.0 1.0 1.0 1.1363636363636365 1.1363636363636365 1.0 1.0 1.1904761904761905 1.1904761904761905 
38 1.0 1.0 1.0 1.0 1.0 1.0 1.0 1.0 1.0 1.0 1.1363636363636365 1.1363636363636365 1.0 1.0 1.1904761904761905 1.1904761904761905 
39 1.0 1.0 1.0 1.0 1.0 1.0 1.0 1.0 1.0 1.0 1.1363636363636365 1.1363636363636365 1.0 1.0 1.1904761904761905 1.1904761904761905 
46 4.0 4.0 4.0 4.0 4.0 4.0 4.0 4.0 4.0 4.0 4.545454545454546 4.545454545454546 4.0 4.0 4.761904761904762 4.761904761904762 
23 2.0 2.0 2.0 2.0 2.0 2.0 2.0 2.0 2.0 2.0 2.272727272727273 2.272727272727273 2.0 2.0 2.380952380952381 2.380952380952381 
24 2.0 2.0 2.0 2.0 2.0 2.0 2.0 2.0 2.0 2.0 2.272727272727273 2.272727272727273 2.0 2.0 2.380952380952381 2.380952380952381 
25 2.0 2.0 2.0 2.0 2.0 2.0 2.0 2.0 2.0 2.0 2.272727272727273 2.272727272727273 2.0 2.0 2.380952380952381 2.380952380952381 
26 2.0 2.0 2.0 2.0 2.0 2.0 2.0 2.0 2.0 2.0 2.272727272727273 2.272727272727273 2.0 2.0 2.380952380952381 2.380952380952381 
27 2.0 2.0 2.0 2.0 2.0 2.0 2.0 2.0 2.0 2.0 2.272727272727273 2.272727272727273 2.0 2.0 2.380952380952381 2.380952380952381 
28 2.0 2.0 2.0 2.0 2.0 2.0 2.0 2.0 2.0 2.0 2.272727272727273 2.272727272727273 2.0 2.0 2.380952380952381 2.380952380952381 
29 2.0 2.0 2.0 2.0 2.0 2.0 2.0 2.0 2.0 2.0 2.272727272727273 2.272727272727273 2.0 2.0 2.380952380952381 2.380952380952381 
30 2.0 2.0 2.0 2.0 2.0 2.0 2.0 2.0 2.0 2.0 2.272727272727273 2.272727272727273 2.0 2.0 2.380952380952381 2.380952380952381 
31 2.0 2.0 2.0 2.0 2.0 2.0 2.0 2.0 2.0 2.0 2.272727272727273 2.272727272727273 2.0 2.0 2.380952380952381 2.380952380952381 
32 2.0 2.0 2.0 2.0 2.0 2.0 2.0 2.0 2.0 2.0 2.272727272727273 2.272727272727273 2.0 2.0 2.380952380952381 2.380952380952381 
33 8.0 8.0 8.0 8.0 8.0 8.0 8.0 8.0 8.0 8.0 9.090909090909092 9.090909090909092 8.0 8.0 9.523809523809524 9.523809523809524 
34 1.0 1.0 1.0 1.0 1.0 1.0 1.0 1.0 1.0 1.0 1.1363636363636365 1.1363636363636365 1.0 1.0 1.1904761904761905 1.1904761904761905 
44 2.0 2.0 2.0 2.0 2.0 2.0 2.0 2.0 2.0 2.0 2.272727272727273 2.272727272727273 2.0 2.0 2.380952380952381 2.380952380952381 
45 8.0 8.0 8.0 8.0 8.0 8.0 8.0 8.0 8.0 8.0 9.090909090909092 9.090909090909092 8.0 8.0 9.523809523809524 9.523809523809524 
;
set c_0 := 0;
param d := 
[0,*,*] : 
0 1 2 3 4 40 41 42 43 := 
0 0 0.0011813333333333333 0.0011813333333333333 0 0 0.0011813333333333333 0 0 0 
1 1.2522133333333334 0 0 5.906666666666666E-4 0 0 0 5.906666666666666E-4 0 
2 1.2522133333333334 0 0 5.906666666666666E-4 0 0 0 5.906666666666666E-4 0 
3 0 0.003130533333333333 0.003130533333333333 0 5.906666666666666E-4 0.003130533333333333 5.906666666666666E-4 0 5.906666666666666E-4 
4 0 0 0 0.0012522133333333334 0 0 0 0.0012522133333333334 0 
40 1.2522133333333334 0 0 5.906666666666666E-4 0 0 0 5.906666666666666E-4 0 
41 0 0 0 0.0012522133333333334 0 0 0 0.0012522133333333334 0 
42 0 0.003130533333333333 0.003130533333333333 0 5.906666666666666E-4 0.003130533333333333 5.906666666666666E-4 0 5.906666666666666E-4 
43 0 0 0 0.0012522133333333334 0 0 0 0.0012522133333333334 0 
[1,*,*] : 
0 5 6 7 35 36 := 
0 0 8.22E-4 0 0 8.22E-4 0 
5 0.87132 0 4.11E-4 0 0 4.11E-4 
6 0 0.0021783 0 8.22E-4 0.0021783 0 
7 0 0 0.016119420000000002 0 0 0.016119420000000002 
35 0.87132 0 4.11E-4 0 0 4.11E-4 
36 0 0.0021783 0 8.22E-4 0.0021783 0 
[2,*,*] : 
0 8 9 10 11 := 
0 0 4.056E-4 4.056E-4 0 0 
8 0.429936 0 0 4.056E-4 0 
9 0.429936 0 0 4.056E-4 0 
10 0 0.00214968 0.00214968 0 8.112E-4 
11 0 0 0 0.010748400000000002 0 
[3,*,*] : 
0 12 13 14 15 16 47 48 49 50 51 := 
0 0 6.002666666666667E-4 6.002666666666667E-4 6.002666666666667E-4 0 0 0 0 0 0 0 
12 0.6362826666666667 0 0 0 2.0008888888888889E-4 0 0 0 2.0008888888888889E-4 0 2.0008888888888889E-4 
13 0.6362826666666667 0 0 0 2.0008888888888889E-4 0 0 0 2.0008888888888889E-4 0 2.0008888888888889E-4 
14 0.6362826666666667 0 0 0 2.0008888888888889E-4 0 0 0 2.0008888888888889E-4 0 2.0008888888888889E-4 
15 0 0.0010604711111111109 0.0010604711111111109 0.0010604711111111109 0 1.5006666666666666E-4 1.5006666666666666E-4 1.5006666666666666E-4 0 1.5006666666666666E-4 0 
16 0 0 0 0 0.005090261333333333 0 0 0 0.005090261333333333 0 0.005090261333333333 
47 0 0 0 0 0.005090261333333333 0 0 0 0.005090261333333333 0 0.005090261333333333 
48 0 0 0 0 0.005090261333333333 0 0 0 0.005090261333333333 0 0.005090261333333333 
49 0 0.0010604711111111109 0.0010604711111111109 0.0010604711111111109 0 1.5006666666666666E-4 1.5006666666666666E-4 1.5006666666666666E-4 0 1.5006666666666666E-4 0 
50 0 0 0 0 0.005090261333333333 0 0 0 0.005090261333333333 0 0.005090261333333333 
51 0 0.0010604711111111109 0.0010604711111111109 0.0010604711111111109 0 1.5006666666666666E-4 1.5006666666666666E-4 1.5006666666666666E-4 0 1.5006666666666666E-4 0 
[4,*,*] : 
0 17 18 19 20 21 22 37 38 39 46 := 
0 0 5.707428571428572E-4 5.707428571428572E-4 5.707428571428572E-4 5.707428571428572E-4 0 0 5.707428571428572E-4 5.707428571428572E-4 5.707428571428572E-4 0 
17 0.6049874285714285 0 0 0 0 5.707428571428572E-4 0 0 0 0 0 
18 0.6049874285714285 0 0 0 0 5.707428571428572E-4 0 0 0 0 0 
19 0.6049874285714285 0 0 0 0 5.707428571428572E-4 0 0 0 0 0 
20 0.6049874285714285 0 0 0 0 5.707428571428572E-4 0 0 0 0 0 
21 0 0.0030249371428571425 0.0030249371428571425 0.0030249371428571425 0.0030249371428571425 0 0.0019976 0.0030249371428571425 0.0030249371428571425 0.0030249371428571425 0.0019976 
22 0 0 0 0 0 0.10057915999999999 0 0 0 0 0 
37 0.6049874285714285 0 0 0 0 5.707428571428572E-4 0 0 0 0 0 
38 0.6049874285714285 0 0 0 0 5.707428571428572E-4 0 0 0 0 0 
39 0.6049874285714285 0 0 0 0 5.707428571428572E-4 0 0 0 0 0 
46 0 0 0 0 0 0.10057915999999999 0 0 0 0 0 
[5,*,*] : 
0 23 24 25 26 27 28 29 30 31 32 33 34 44 45 := 
0 0 3.5803636363636364E-4 3.5803636363636364E-4 3.5803636363636364E-4 3.5803636363636364E-4 3.5803636363636364E-4 3.5803636363636364E-4 3.5803636363636364E-4 3.5803636363636364E-4 3.5803636363636364E-4 3.5803636363636364E-4 0 0 3.5803636363636364E-4 0 
23 0.3795185454545455 0 0 0 0 0 0 0 0 0 0 1.7901818181818182E-4 0 0 1.7901818181818182E-4 
24 0.3795185454545455 0 0 0 0 0 0 0 0 0 0 1.7901818181818182E-4 0 0 1.7901818181818182E-4 
25 0.3795185454545455 0 0 0 0 0 0 0 0 0 0 1.7901818181818182E-4 0 0 1.7901818181818182E-4 
26 0.3795185454545455 0 0 0 0 0 0 0 0 0 0 1.7901818181818182E-4 0 0 1.7901818181818182E-4 
27 0.3795185454545455 0 0 0 0 0 0 0 0 0 0 1.7901818181818182E-4 0 0 1.7901818181818182E-4 
28 0.3795185454545455 0 0 0 0 0 0 0 0 0 0 1.7901818181818182E-4 0 0 1.7901818181818182E-4 
29 0.3795185454545455 0 0 0 0 0 0 0 0 0 0 1.7901818181818182E-4 0 0 1.7901818181818182E-4 
30 0.3795185454545455 0 0 0 0 0 0 0 0 0 0 1.7901818181818182E-4 0 0 1.7901818181818182E-4 
31 0.3795185454545455 0 0 0 0 0 0 0 0 0 0 1.7901818181818182E-4 0 0 1.7901818181818182E-4 
32 0.3795185454545455 0 0 0 0 0 0 0 0 0 0 1.7901818181818182E-4 0 0 1.7901818181818182E-4 
33 0 9.487963636363638E-4 9.487963636363638E-4 9.487963636363638E-4 9.487963636363638E-4 9.487963636363638E-4 9.487963636363638E-4 9.487963636363638E-4 9.487963636363638E-4 9.487963636363638E-4 9.487963636363638E-4 0 0.0019692 9.487963636363638E-4 0 
34 0 0 0 0 0 0 0 0 0 0 0 0.022960872000000004 0 0 0.022960872000000004 
44 0.3795185454545455 0 0 0 0 0 0 0 0 0 0 1.7901818181818182E-4 0 0 1.7901818181818182E-4 
45 0 9.487963636363638E-4 9.487963636363638E-4 9.487963636363638E-4 9.487963636363638E-4 9.487963636363638E-4 9.487963636363638E-4 9.487963636363638E-4 9.487963636363638E-4 9.487963636363638E-4 9.487963636363638E-4 0 0.0019692 9.487963636363638E-4 0 
;
param x_bar : 0 1 2 3 4 5 6 7 8 9 10 11 12 13 14 15  := 
0 0 0 0 0 0 0 0 0 0 0 0 0 0 0 0 0 
1 0 0 0 0 0 0 0 0 0 0 0 0 1 0 0 0 
2 0 0 0 0 0 0 0 0 0 0 0 0 1 0 0 0 
3 0 0 0 0 0 0 0 0 0 0 0 0 1 0 0 0 
4 0 0 0 0 0 0 0 0 0 0 0 0 1 0 0 0 
5 1 0 0 0 0 0 0 0 0 0 0 0 0 0 0 0 
6 0 1 0 0 0 0 0 0 0 0 0 0 0 0 0 0 
7 0 1 0 0 0 0 0 0 0 0 0 0 0 0 0 0 
8 0 0 0 0 1 0 0 0 0 0 0 0 0 0 0 0 
9 0 0 0 0 1 0 0 0 0 0 0 0 0 0 0 0 
10 0 0 0 0 1 0 0 0 0 0 0 0 0 0 0 0 
11 0 0 0 0 0 1 0 0 0 0 0 0 0 0 0 0 
;
