seed102_p8_C40_nR3_oR210
2.0879703612655023
1.5250001912841715 1617
180009 36
seed103_p8_C40_nR3_oR210
0.4349351549111449
0.3741294041555894 1238
180029 36
seed104_p8_C40_nR3_oR210
1.8138886598142412
1.0739619436948338 1183
180031 36
seed106_p8_C40_nR3_oR210
1.021220047945274
0.9552653599622712 3694
180017 36
seed108_p8_C40_nR3_oR210
2.642714836592635
2.4446705509647164 1986
180036 42
seed110_p8_C40_nR3_oR210
2.495550299591593
2.439231033831707 2555
180020 36
seed111_p8_C40_nR3_oR210
1.6402515366785788
1.6094430102101513 2324
180025 36
seed114_p8_C40_nR3_oR210
2.2814808470131007
2.031086732177051 2244
180030 36
seed121_p8_C40_nR3_oR210
1.2478521675361132
1.16779952142164 2775
180018 37
seed123_p8_C40_nR3_oR210
1.3062602318718881
1.2293905111113772 1938
180021 42
seed126_p8_C40_nR3_oR210
1.6206125233307624
1.5888837838508647 459
180079 35
seed127_p8_C40_nR3_oR210
2.2070838416866514
1.988447134700952 324
180061 36
seed128_p8_C40_nR3_oR210
2.6939441833201414
2.69182053907113 341
180055 36
seed131_p8_C40_nR3_oR210
1.2230011863532766
0.8820392605664203 664
180011 36
seed132_p8_C40_nR3_oR210
1.1834271345025136
1.1834271345025134 462
180057 19393
seed134_p8_C40_nR3_oR210
0.9987152368121027
0.8616936709837325 375
180045 36
seed137_p8_C40_nR3_oR210
0.5328176411037331
0.490736516479048 679
180081 36
seed138_p8_C40_nR3_oR210
1.5589759699948613
1.4998057659768975 288
180170 36
seed139_p8_C40_nR3_oR210
1.4430683485599016
1.4285151869527313 1092
180027 38
seed140_p8_C40_nR3_oR210
2.0767471624390694
2.038881214459427 195
180070 39
seed141_p8_C40_nR3_oR210
0.25403498897888926
0.18299370252699843 706
180036 36
seed142_p8_C40_nR3_oR210
1.2606732890232304
0.6091257584221408 578
180063 39
seed143_p8_C40_nR3_oR210
0.2097248834321146
0.1703730701876701 1055
180037 58
seed145_p8_C40_nR3_oR210
0.9555838101366175
0.7570385071294224 777
180086 36
seed146_p8_C40_nR3_oR210
0.9435569345674285
0.928787295510638 665
180205 36
seed147_p8_C40_nR3_oR210
2.472380861679399
2.2965371086149333 535
180209 59
seed148_p8_C40_nR3_oR210
1.7784657827382333
1.4865883304382668 729
180081 36
seed149_p8_C40_nR3_oR210
0.820555350580712
0.7369190984695536 788
180002 48
seed150_p8_C40_nR3_oR210
0.4686298135789271
0.38076761182247426 788
180023 50
seed153_p8_C40_nR3_oR210
2.4632774626808707
2.2972392722697594 437
180130 37
seed154_p8_C40_nR3_oR210
2.1157341267709486
1.9948830905705033 975
180030 37
seed155_p8_C40_nR3_oR210
1.102411670692219
1.0452245801992999 874
180019 46
seed156_p8_C40_nR3_oR210
2.0306563124358186
1.4665577815699604 891
180009 36
seed157_p8_C40_nR3_oR210
2.1161005999011953
2.0634000362429084 154
180017 37
seed158_p8_C40_nR3_oR210
1.6052141246004572
1.5268683387027868 918
180067 36
seed159_p8_C40_nR3_oR210
1.5359408514421111
1.4600272236860627 371
180018 36
seed160_p8_C40_nR3_oR210
0.6691406162822345
0.6572837988600123 1086
180077 41
seed161_p8_C40_nR3_oR210
0.9947263192327974
0.6057853648651311 552
180030 36
seed162_p8_C40_nR3_oR210
0.9431773919883776
0.6516392210332436 434
180021 36
seed163_p8_C40_nR3_oR210
1.4871902162551722
1.3624469277773403 550
180002 36
seed165_p8_C40_nR3_oR210
1.5708555759772733
1.3910827789869553 1449
180018 61
seed166_p8_C40_nR3_oR210
1.32235095668794
1.2257990533287968 935
180041 54
