seed9004_p34_R10000_Cob4791_Cf1610
-130321.9524457398
1019343 12
seed9026_p34_R10000_Cob4993_Cf1500
-126619.63160197354
920817 11
seed9040_p34_R10000_Cob4647_Cf1604
-114437.62516700279
1029322 12
seed9053_p34_R10000_Cob4872_Cf1470
-148559.65680063603
786511 9
seed9077_p34_R10000_Cob4780_Cf1653
-103311.60893257611
970744 11
seed9082_p34_R10000_Cob5089_Cf1465
-144960.60644963436
907122 11
seed9087_p34_R10000_Cob5118_Cf1561
-147982.98403836624
902727 10
seed9096_p34_R10000_Cob5076_Cf1620
-131769.48239767534
1022865 9
seed9141_p34_R10000_Cob4433_Cf1472
-98833.86225243067
923366 9
seed9205_p34_R10000_Cob4902_Cf1657
-128330.47783346064
1018104 11
seed9211_p34_R10000_Cob4898_Cf1711
-128507.64673151793
825115 7
seed9219_p34_R10000_Cob4885_Cf1644
-140076.86173086087
931053 11
seed9240_p34_R10000_Cob4968_Cf1533
-123308.94537777742
956649 8
