data;
set C_bar :=  ;
set C :=  1 2 3 4 5 6 7 8 9 10 11 12 13 14 15 16 17 18 19 20 21 22 23 24 25 26 27 28 29 30 31 32 ;
set R := 0 1 2 3 4 ;
set C_r[0] :=  
1 2 3 4 5 6 ;
set C_r[1] :=  
7 8 9 10 11 12 13 14 ;
set C_r[2] :=  
15 16 17 18 ;
set C_r[3] :=  
19 20 21 22 ;
set C_r[4] :=  
23 24 25 26 27 28 29 30 31 32 ;
set S :=  0 1 2 3 4 5 6 7 8 9 10 11 12 13 14 15 ;
set S_u :=  0 1 2 3 4 5 6 7 8 9 10 11 12 13 14 15 ;
set Rack :=  0 1 2 3 4 5 6 7 ;
param COST : 0 1 2 3 4 5 6 7 8 9 10 11 12 13 14 15 :=
0 0 1 3 3 5 5 5 5 5 5 5 5 5 5 5 5 
1 1 0 3 3 5 5 5 5 5 5 5 5 5 5 5 5 
2 3 3 0 1 5 5 5 5 5 5 5 5 5 5 5 5 
3 3 3 1 0 5 5 5 5 5 5 5 5 5 5 5 5 
4 5 5 5 5 0 1 3 3 5 5 5 5 5 5 5 5 
5 5 5 5 5 1 0 3 3 5 5 5 5 5 5 5 5 
6 5 5 5 5 3 3 0 1 5 5 5 5 5 5 5 5 
7 5 5 5 5 3 3 1 0 5 5 5 5 5 5 5 5 
8 5 5 5 5 5 5 5 5 0 1 3 3 5 5 5 5 
9 5 5 5 5 5 5 5 5 1 0 3 3 5 5 5 5 
10 5 5 5 5 5 5 5 5 3 3 0 1 5 5 5 5 
11 5 5 5 5 5 5 5 5 3 3 1 0 5 5 5 5 
12 5 5 5 5 5 5 5 5 5 5 5 5 0 1 3 3 
13 5 5 5 5 5 5 5 5 5 5 5 5 1 0 3 3 
14 5 5 5 5 5 5 5 5 5 5 5 5 3 3 0 1 
15 5 5 5 5 5 5 5 5 5 5 5 5 3 3 1 0 
;
set S_rack[0] :=  
0 1 ;
set S_rack[1] :=  
2 3 ;
set S_rack[2] :=  
4 5 ;
set S_rack[3] :=  
6 7 ;
set S_rack[4] :=  
8 9 ;
set S_rack[5] :=  
10 11 ;
set S_rack[6] :=  
12 13 ;
set S_rack[7] :=  
14 15 ;
param CPU := 
0 56.0
1 56.0
2 28.0
3 28.0
4 28.0
5 28.0
6 28.0
7 28.0
8 56.0
9 56.0
10 28.0
11 28.0
12 44.0
13 44.0
14 28.0
15 28.0
;
param MEM := 
0 192.0
1 192.0
2 48.0
3 48.0
4 192.0
5 192.0
6 192.0
7 192.0
8 192.0
9 192.0
10 192.0
11 192.0
12 128.0
13 128.0
14 192.0
15 192.0
;
param DISK := 
0 192.0
1 192.0
2 48.0
3 48.0
4 192.0
5 192.0
6 192.0
7 192.0
8 192.0
9 192.0
10 192.0
11 192.0
12 128.0
13 128.0
14 192.0
15 192.0
;
param BDW_out := 
0 10.0
1 10.0
2 10.0
3 10.0
4 10.0
5 10.0
6 10.0
7 10.0
8 10.0
9 10.0
10 10.0
11 10.0
12 10.0
13 10.0
14 10.0
15 10.0
;
param BDW_in := 
0 10.0
1 10.0
2 10.0
3 10.0
4 10.0
5 10.0
6 10.0
7 10.0
8 10.0
9 10.0
10 10.0
11 10.0
12 10.0
13 10.0
14 10.0
15 10.0
;
param mem := 
1 32.0
2 32.0
3 32.0
4 32.0
5 2.0
6 16.0
7 16.0
8 16.0
9 16.0
10 16.0
11 16.0
12 16.0
13 4.0
14 8.0
15 16.0
16 16.0
17 16.0
18 1.0
19 1.0
20 1.0
21 64.0
22 1.0
23 8.0
24 8.0
25 8.0
26 8.0
27 8.0
28 8.0
29 8.0
30 8.0
31 8.0
32 64.0
;
param disk := 
1 50.0
2 50.0
3 50.0
4 50.0
5 8.0
6 36.0
7 36.0
8 36.0
9 36.0
10 36.0
11 36.0
12 36.0
13 16.0
14 24.0
15 36.0
16 36.0
17 36.0
18 4.0
19 4.0
20 4.0
21 64.0
22 4.0
23 24.0
24 24.0
25 24.0
26 24.0
27 24.0
28 24.0
29 24.0
30 24.0
31 24.0
32 64.0
;
param cpu : 
0 1 2 3 4 5 6 7 8 9 10 11 12 13 14 15 := 
1 8.0 8.0 8.0 8.0 8.0 8.0 8.0 8.0 8.0 8.0 8.0 8.0 9.090909090909092 9.090909090909092 8.0 8.0 
2 8.0 8.0 8.0 8.0 8.0 8.0 8.0 8.0 8.0 8.0 8.0 8.0 9.090909090909092 9.090909090909092 8.0 8.0 
3 8.0 8.0 8.0 8.0 8.0 8.0 8.0 8.0 8.0 8.0 8.0 8.0 9.090909090909092 9.090909090909092 8.0 8.0 
4 8.0 8.0 8.0 8.0 8.0 8.0 8.0 8.0 8.0 8.0 8.0 8.0 9.090909090909092 9.090909090909092 8.0 8.0 
5 1.0 1.0 1.0 1.0 1.0 1.0 1.0 1.0 1.0 1.0 1.0 1.0 1.1363636363636365 1.1363636363636365 1.0 1.0 
6 4.0 4.0 4.0 4.0 4.0 4.0 4.0 4.0 4.0 4.0 4.0 4.0 4.545454545454546 4.545454545454546 4.0 4.0 
7 4.0 4.0 4.0 4.0 4.0 4.0 4.0 4.0 4.0 4.0 4.0 4.0 4.545454545454546 4.545454545454546 4.0 4.0 
8 4.0 4.0 4.0 4.0 4.0 4.0 4.0 4.0 4.0 4.0 4.0 4.0 4.545454545454546 4.545454545454546 4.0 4.0 
9 4.0 4.0 4.0 4.0 4.0 4.0 4.0 4.0 4.0 4.0 4.0 4.0 4.545454545454546 4.545454545454546 4.0 4.0 
10 4.0 4.0 4.0 4.0 4.0 4.0 4.0 4.0 4.0 4.0 4.0 4.0 4.545454545454546 4.545454545454546 4.0 4.0 
11 4.0 4.0 4.0 4.0 4.0 4.0 4.0 4.0 4.0 4.0 4.0 4.0 4.545454545454546 4.545454545454546 4.0 4.0 
12 4.0 4.0 4.0 4.0 4.0 4.0 4.0 4.0 4.0 4.0 4.0 4.0 4.545454545454546 4.545454545454546 4.0 4.0 
13 2.0 2.0 2.0 2.0 2.0 2.0 2.0 2.0 2.0 2.0 2.0 2.0 2.272727272727273 2.272727272727273 2.0 2.0 
14 2.0 2.0 2.0 2.0 2.0 2.0 2.0 2.0 2.0 2.0 2.0 2.0 2.272727272727273 2.272727272727273 2.0 2.0 
15 4.0 4.0 4.0 4.0 4.0 4.0 4.0 4.0 4.0 4.0 4.0 4.0 4.545454545454546 4.545454545454546 4.0 4.0 
16 4.0 4.0 4.0 4.0 4.0 4.0 4.0 4.0 4.0 4.0 4.0 4.0 4.545454545454546 4.545454545454546 4.0 4.0 
17 4.0 4.0 4.0 4.0 4.0 4.0 4.0 4.0 4.0 4.0 4.0 4.0 4.545454545454546 4.545454545454546 4.0 4.0 
18 1.0 1.0 1.0 1.0 1.0 1.0 1.0 1.0 1.0 1.0 1.0 1.0 1.1363636363636365 1.1363636363636365 1.0 1.0 
19 1.0 1.0 1.0 1.0 1.0 1.0 1.0 1.0 1.0 1.0 1.0 1.0 1.1363636363636365 1.1363636363636365 1.0 1.0 
20 1.0 1.0 1.0 1.0 1.0 1.0 1.0 1.0 1.0 1.0 1.0 1.0 1.1363636363636365 1.1363636363636365 1.0 1.0 
21 16.0 16.0 16.0 16.0 16.0 16.0 16.0 16.0 16.0 16.0 16.0 16.0 18.181818181818183 18.181818181818183 16.0 16.0 
22 1.0 1.0 1.0 1.0 1.0 1.0 1.0 1.0 1.0 1.0 1.0 1.0 1.1363636363636365 1.1363636363636365 1.0 1.0 
23 2.0 2.0 2.0 2.0 2.0 2.0 2.0 2.0 2.0 2.0 2.0 2.0 2.272727272727273 2.272727272727273 2.0 2.0 
24 2.0 2.0 2.0 2.0 2.0 2.0 2.0 2.0 2.0 2.0 2.0 2.0 2.272727272727273 2.272727272727273 2.0 2.0 
25 2.0 2.0 2.0 2.0 2.0 2.0 2.0 2.0 2.0 2.0 2.0 2.0 2.272727272727273 2.272727272727273 2.0 2.0 
26 2.0 2.0 2.0 2.0 2.0 2.0 2.0 2.0 2.0 2.0 2.0 2.0 2.272727272727273 2.272727272727273 2.0 2.0 
27 2.0 2.0 2.0 2.0 2.0 2.0 2.0 2.0 2.0 2.0 2.0 2.0 2.272727272727273 2.272727272727273 2.0 2.0 
28 2.0 2.0 2.0 2.0 2.0 2.0 2.0 2.0 2.0 2.0 2.0 2.0 2.272727272727273 2.272727272727273 2.0 2.0 
29 2.0 2.0 2.0 2.0 2.0 2.0 2.0 2.0 2.0 2.0 2.0 2.0 2.272727272727273 2.272727272727273 2.0 2.0 
30 2.0 2.0 2.0 2.0 2.0 2.0 2.0 2.0 2.0 2.0 2.0 2.0 2.272727272727273 2.272727272727273 2.0 2.0 
31 2.0 2.0 2.0 2.0 2.0 2.0 2.0 2.0 2.0 2.0 2.0 2.0 2.272727272727273 2.272727272727273 2.0 2.0 
32 16.0 16.0 16.0 16.0 16.0 16.0 16.0 16.0 16.0 16.0 16.0 16.0 18.181818181818183 18.181818181818183 16.0 16.0 
;
set c_0 := 0;
param d := 
[0,*,*] : 
0 1 2 3 4 5 6 := 
0 0 7.97E-4 7.97E-4 7.97E-4 7.97E-4 0 0 
1 0.84482 0 0 0 0 7.97E-4 0 
2 0.84482 0 0 0 0 7.97E-4 0 
3 0.84482 0 0 0 0 7.97E-4 0 
4 0.84482 0 0 0 0 7.97E-4 0 
5 0 0.004224100000000001 0.004224100000000001 0.004224100000000001 0.004224100000000001 0 0.003188 
6 0 0 0 0 0 0.04055136 0 
[1,*,*] : 
0 7 8 9 10 11 12 13 14 := 
0 0 6.078666666666667E-4 6.078666666666667E-4 6.078666666666667E-4 6.078666666666667E-4 6.078666666666667E-4 6.078666666666667E-4 0 0 
7 0.6443386666666667 0 0 0 0 0 0 6.078666666666667E-4 0 
8 0.6443386666666667 0 0 0 0 0 0 6.078666666666667E-4 0 
9 0.6443386666666667 0 0 0 0 0 0 6.078666666666667E-4 0 
10 0.6443386666666667 0 0 0 0 0 0 6.078666666666667E-4 0 
11 0.6443386666666667 0 0 0 0 0 0 6.078666666666667E-4 0 
12 0.6443386666666667 0 0 0 0 0 0 6.078666666666667E-4 0 
13 0 0.003221693333333334 0.003221693333333334 0.003221693333333334 0.003221693333333334 0.003221693333333334 0.003221693333333334 0 0.0036472 
14 0 0 0 0 0 0 0 0.08118667200000002 0 
[2,*,*] : 
0 15 16 17 18 := 
0 0 0.0018156 0.0018156 0 0 
15 1.9245359999999998 0 0 0.0018156 0 
16 1.9245359999999998 0 0 0.0018156 0 
17 0 0.00962268 0.00962268 0 0.0036312 
18 0 0 0 0.12317030400000001 0 
[3,*,*] : 
0 19 20 21 22 := 
0 0 5.772E-4 5.772E-4 0 0 
19 0.611832 0 0 5.772E-4 0 
20 0.611832 0 0 5.772E-4 0 
21 0 0.0030591600000000004 0.0030591600000000004 0 0.0011544 
22 0 0 0 0.040992744000000005 0 
[4,*,*] : 
0 23 24 25 26 27 28 29 30 31 32 := 
0 0 4.228E-4 4.228E-4 4.228E-4 4.228E-4 4.228E-4 4.228E-4 4.228E-4 4.228E-4 0 0 
23 0.44816799999999996 0 0 0 0 0 0 0 0 4.228E-4 0 
24 0.44816799999999996 0 0 0 0 0 0 0 0 4.228E-4 0 
25 0.44816799999999996 0 0 0 0 0 0 0 0 4.228E-4 0 
26 0.44816799999999996 0 0 0 0 0 0 0 0 4.228E-4 0 
27 0.44816799999999996 0 0 0 0 0 0 0 0 4.228E-4 0 
28 0.44816799999999996 0 0 0 0 0 0 0 0 4.228E-4 0 
29 0.44816799999999996 0 0 0 0 0 0 0 0 4.228E-4 0 
30 0.44816799999999996 0 0 0 0 0 0 0 0 4.228E-4 0 
31 0 0.00224084 0.00224084 0.00224084 0.00224084 0.00224084 0.00224084 0.00224084 0.00224084 0 0.0033824 
32 0 0 0 0 0 0 0 0 0 0.17926720000000002 0 
;
param x_bar : 0 1 2 3 4 5 6 7 8 9 10 11 12 13 14 15  := 
0 0 0 0 0 0 0 0 0 0 0 0 0 0 0 0 0 
;
