data;
set C_bar :=  ;
set C :=  1 2 3 4 5 6 7 8 9 26 27 28 29 30 10 11 12 13 14 15 16 17 23 18 19 20 21 22 24 25 ;
set R := 0 1 2 3 4 ;
set C_r[0] :=  
1 2 3 ;
set C_r[1] :=  
4 5 6 7 8 9 26 27 28 29 30 ;
set C_r[2] :=  
10 11 12 13 14 ;
set C_r[3] :=  
15 16 17 23 ;
set C_r[4] :=  
18 19 20 21 22 24 25 ;
set S :=  0 1 2 3 4 5 6 7 8 9 10 11 12 13 14 15 ;
set S_u :=  0 1 2 3 4 5 6 7 8 9 10 11 12 13 14 15 ;
set Rack :=  0 1 2 3 4 5 6 7 ;
param COST : 0 1 2 3 4 5 6 7 8 9 10 11 12 13 14 15 :=
0 0 1 3 3 5 5 5 5 5 5 5 5 5 5 5 5 
1 1 0 3 3 5 5 5 5 5 5 5 5 5 5 5 5 
2 3 3 0 1 5 5 5 5 5 5 5 5 5 5 5 5 
3 3 3 1 0 5 5 5 5 5 5 5 5 5 5 5 5 
4 5 5 5 5 0 1 3 3 5 5 5 5 5 5 5 5 
5 5 5 5 5 1 0 3 3 5 5 5 5 5 5 5 5 
6 5 5 5 5 3 3 0 1 5 5 5 5 5 5 5 5 
7 5 5 5 5 3 3 1 0 5 5 5 5 5 5 5 5 
8 5 5 5 5 5 5 5 5 0 1 3 3 5 5 5 5 
9 5 5 5 5 5 5 5 5 1 0 3 3 5 5 5 5 
10 5 5 5 5 5 5 5 5 3 3 0 1 5 5 5 5 
11 5 5 5 5 5 5 5 5 3 3 1 0 5 5 5 5 
12 5 5 5 5 5 5 5 5 5 5 5 5 0 1 3 3 
13 5 5 5 5 5 5 5 5 5 5 5 5 1 0 3 3 
14 5 5 5 5 5 5 5 5 5 5 5 5 3 3 0 1 
15 5 5 5 5 5 5 5 5 5 5 5 5 3 3 1 0 
;
set S_rack[0] :=  
0 1 ;
set S_rack[1] :=  
2 3 ;
set S_rack[2] :=  
4 5 ;
set S_rack[3] :=  
6 7 ;
set S_rack[4] :=  
8 9 ;
set S_rack[5] :=  
10 11 ;
set S_rack[6] :=  
12 13 ;
set S_rack[7] :=  
14 15 ;
param CPU := 
0 28.0
1 28.0
2 56.0
3 56.0
4 28.0
5 28.0
6 28.0
7 28.0
8 56.0
9 56.0
10 28.0
11 28.0
12 56.0
13 56.0
14 28.0
15 28.0
;
param MEM := 
0 192.0
1 192.0
2 192.0
3 192.0
4 48.0
5 48.0
6 48.0
7 48.0
8 192.0
9 192.0
10 48.0
11 48.0
12 192.0
13 192.0
14 48.0
15 48.0
;
param DISK := 
0 192.0
1 192.0
2 192.0
3 192.0
4 48.0
5 48.0
6 48.0
7 48.0
8 192.0
9 192.0
10 48.0
11 48.0
12 192.0
13 192.0
14 48.0
15 48.0
;
param BDW_out := 
0 10.0
1 10.0
2 10.0
3 10.0
4 10.0
5 10.0
6 10.0
7 10.0
8 10.0
9 10.0
10 10.0
11 10.0
12 10.0
13 10.0
14 10.0
15 10.0
;
param BDW_in := 
0 10.0
1 10.0
2 10.0
3 10.0
4 10.0
5 10.0
6 10.0
7 10.0
8 10.0
9 10.0
10 10.0
11 10.0
12 10.0
13 10.0
14 10.0
15 10.0
;
param mem := 
1 32.0
2 32.0
3 32.0
4 1.0
5 1.0
6 1.0
7 1.0
8 8.0
9 2.0
26 8.0
27 8.0
28 2.0
29 8.0
30 2.0
10 2.0
11 2.0
12 2.0
13 8.0
14 32.0
15 2.0
16 16.0
17 2.0
23 16.0
18 4.0
19 4.0
20 4.0
21 4.0
22 32.0
24 32.0
25 4.0
;
param disk := 
1 43.2
2 50.0
3 43.2
4 4.0
5 4.0
6 4.0
7 4.0
8 24.0
9 8.0
26 24.0
27 24.0
28 8.0
29 24.0
30 8.0
10 8.0
11 8.0
12 8.0
13 24.0
14 50.0
15 8.0
16 36.0
17 8.0
23 36.0
18 16.0
19 16.0
20 16.0
21 16.0
22 43.2
24 43.2
25 16.0
;
param cpu : 
0 1 2 3 4 5 6 7 8 9 10 11 12 13 14 15 := 
1 8.0 8.0 8.0 8.0 8.0 8.0 8.0 8.0 8.0 8.0 8.0 8.0 8.0 8.0 8.0 8.0 
2 8.0 8.0 8.0 8.0 8.0 8.0 8.0 8.0 8.0 8.0 8.0 8.0 8.0 8.0 8.0 8.0 
3 8.0 8.0 8.0 8.0 8.0 8.0 8.0 8.0 8.0 8.0 8.0 8.0 8.0 8.0 8.0 8.0 
4 1.0 1.0 1.0 1.0 1.0 1.0 1.0 1.0 1.0 1.0 1.0 1.0 1.0 1.0 1.0 1.0 
5 1.0 1.0 1.0 1.0 1.0 1.0 1.0 1.0 1.0 1.0 1.0 1.0 1.0 1.0 1.0 1.0 
6 1.0 1.0 1.0 1.0 1.0 1.0 1.0 1.0 1.0 1.0 1.0 1.0 1.0 1.0 1.0 1.0 
7 1.0 1.0 1.0 1.0 1.0 1.0 1.0 1.0 1.0 1.0 1.0 1.0 1.0 1.0 1.0 1.0 
8 2.0 2.0 2.0 2.0 2.0 2.0 2.0 2.0 2.0 2.0 2.0 2.0 2.0 2.0 2.0 2.0 
9 1.0 1.0 1.0 1.0 1.0 1.0 1.0 1.0 1.0 1.0 1.0 1.0 1.0 1.0 1.0 1.0 
26 2.0 2.0 2.0 2.0 2.0 2.0 2.0 2.0 2.0 2.0 2.0 2.0 2.0 2.0 2.0 2.0 
27 2.0 2.0 2.0 2.0 2.0 2.0 2.0 2.0 2.0 2.0 2.0 2.0 2.0 2.0 2.0 2.0 
28 1.0 1.0 1.0 1.0 1.0 1.0 1.0 1.0 1.0 1.0 1.0 1.0 1.0 1.0 1.0 1.0 
29 2.0 2.0 2.0 2.0 2.0 2.0 2.0 2.0 2.0 2.0 2.0 2.0 2.0 2.0 2.0 2.0 
30 1.0 1.0 1.0 1.0 1.0 1.0 1.0 1.0 1.0 1.0 1.0 1.0 1.0 1.0 1.0 1.0 
10 1.0 1.0 1.0 1.0 1.0 1.0 1.0 1.0 1.0 1.0 1.0 1.0 1.0 1.0 1.0 1.0 
11 1.0 1.0 1.0 1.0 1.0 1.0 1.0 1.0 1.0 1.0 1.0 1.0 1.0 1.0 1.0 1.0 
12 1.0 1.0 1.0 1.0 1.0 1.0 1.0 1.0 1.0 1.0 1.0 1.0 1.0 1.0 1.0 1.0 
13 2.0 2.0 2.0 2.0 2.0 2.0 2.0 2.0 2.0 2.0 2.0 2.0 2.0 2.0 2.0 2.0 
14 8.0 8.0 8.0 8.0 8.0 8.0 8.0 8.0 8.0 8.0 8.0 8.0 8.0 8.0 8.0 8.0 
15 1.0 1.0 1.0 1.0 1.0 1.0 1.0 1.0 1.0 1.0 1.0 1.0 1.0 1.0 1.0 1.0 
16 4.0 4.0 4.0 4.0 4.0 4.0 4.0 4.0 4.0 4.0 4.0 4.0 4.0 4.0 4.0 4.0 
17 1.0 1.0 1.0 1.0 1.0 1.0 1.0 1.0 1.0 1.0 1.0 1.0 1.0 1.0 1.0 1.0 
23 4.0 4.0 4.0 4.0 4.0 4.0 4.0 4.0 4.0 4.0 4.0 4.0 4.0 4.0 4.0 4.0 
18 2.0 2.0 2.0 2.0 2.0 2.0 2.0 2.0 2.0 2.0 2.0 2.0 2.0 2.0 2.0 2.0 
19 2.0 2.0 2.0 2.0 2.0 2.0 2.0 2.0 2.0 2.0 2.0 2.0 2.0 2.0 2.0 2.0 
20 2.0 2.0 2.0 2.0 2.0 2.0 2.0 2.0 2.0 2.0 2.0 2.0 2.0 2.0 2.0 2.0 
21 2.0 2.0 2.0 2.0 2.0 2.0 2.0 2.0 2.0 2.0 2.0 2.0 2.0 2.0 2.0 2.0 
22 8.0 8.0 8.0 8.0 8.0 8.0 8.0 8.0 8.0 8.0 8.0 8.0 8.0 8.0 8.0 8.0 
24 8.0 8.0 8.0 8.0 8.0 8.0 8.0 8.0 8.0 8.0 8.0 8.0 8.0 8.0 8.0 8.0 
25 2.0 2.0 2.0 2.0 2.0 2.0 2.0 2.0 2.0 2.0 2.0 2.0 2.0 2.0 2.0 2.0 
;
set c_0 := 0;
param d := 
[0,*,*] : 
0 1 2 3 := 
0 0 0.0016824 0 0 
1 1.7833439999999998 0 0.0016824 0 
2 0 0.00891672 0 0.0016824 
3 0 0 0.037450224 0 
[1,*,*] : 
0 4 5 6 7 8 9 26 27 28 29 30 := 
0 0 5.476E-4 5.476E-4 5.476E-4 5.476E-4 0 0 0 0 0 0 0 
4 0.580456 0 0 0 0 1.369E-4 0 1.369E-4 1.369E-4 0 1.369E-4 0 
5 0.580456 0 0 0 0 1.369E-4 0 1.369E-4 1.369E-4 0 1.369E-4 0 
6 0.580456 0 0 0 0 1.369E-4 0 1.369E-4 1.369E-4 0 1.369E-4 0 
7 0.580456 0 0 0 0 1.369E-4 0 1.369E-4 1.369E-4 0 1.369E-4 0 
8 0 7.255699999999999E-4 7.255699999999999E-4 7.255699999999999E-4 7.255699999999999E-4 0 1.8253333333333332E-4 0 0 1.8253333333333332E-4 0 1.8253333333333332E-4 
9 0 0 0 0 0 6.771986666666666E-4 0 6.771986666666666E-4 6.771986666666666E-4 0 6.771986666666666E-4 0 
26 0 7.255699999999999E-4 7.255699999999999E-4 7.255699999999999E-4 7.255699999999999E-4 0 1.8253333333333332E-4 0 0 1.8253333333333332E-4 0 1.8253333333333332E-4 
27 0 7.255699999999999E-4 7.255699999999999E-4 7.255699999999999E-4 7.255699999999999E-4 0 1.8253333333333332E-4 0 0 1.8253333333333332E-4 0 1.8253333333333332E-4 
28 0 0 0 0 0 6.771986666666666E-4 0 6.771986666666666E-4 6.771986666666666E-4 0 6.771986666666666E-4 0 
29 0 7.255699999999999E-4 7.255699999999999E-4 7.255699999999999E-4 7.255699999999999E-4 0 1.8253333333333332E-4 0 0 1.8253333333333332E-4 0 1.8253333333333332E-4 
30 0 0 0 0 0 6.771986666666666E-4 0 6.771986666666666E-4 6.771986666666666E-4 0 6.771986666666666E-4 0 
[2,*,*] : 
0 10 11 12 13 14 := 
0 0 8.216E-4 8.216E-4 8.216E-4 0 0 
10 0.870896 0 0 0 8.216E-4 0 
11 0.870896 0 0 0 8.216E-4 0 
12 0.870896 0 0 0 8.216E-4 0 
13 0 0.00435448 0.00435448 0.00435448 0 0.0024648 
14 0 0 0 0 0.005225376 0 
[3,*,*] : 
0 15 16 17 23 := 
0 0 8.296E-4 0 0 0 
15 0.879376 0 4.148E-4 0 4.148E-4 
16 0 0.0021984400000000003 0 4.148E-4 0 
17 0 0 0.014509704000000002 0 0.014509704000000002 
23 0 0.0021984400000000003 0 4.148E-4 0 
[4,*,*] : 
0 18 19 20 21 22 24 25 := 
0 0 0.0010810666666666666 0.0010810666666666666 0.0010810666666666666 0 0 0 0 
18 1.1459306666666667 0 0 0 5.405333333333333E-4 0 0 5.405333333333333E-4 
19 1.1459306666666667 0 0 0 5.405333333333333E-4 0 0 5.405333333333333E-4 
20 1.1459306666666667 0 0 0 5.405333333333333E-4 0 0 5.405333333333333E-4 
21 0 0.0028648266666666668 0.0028648266666666668 0.0028648266666666668 0 8.108E-4 8.108E-4 0 
22 0 0 0 0 0.0068755840000000006 0 0 0.0068755840000000006 
24 0 0 0 0 0.0068755840000000006 0 0 0.0068755840000000006 
25 0 0.0028648266666666668 0.0028648266666666668 0.0028648266666666668 0 8.108E-4 8.108E-4 0 
;
param x_bar : 0 1 2 3 4 5 6 7 8 9 10 11 12 13 14 15  := 
0 0 0 0 0 0 0 0 0 0 0 0 0 0 0 0 0 
;
