data;
set C_bar :=  ;
set C :=  1 2 3 4 5 6 7 8 9 10 11 12 13 17 18 19 20 21 22 23 24 25 26 27 28 14 15 16 29 30 ;
set R := 0 1 2 3 4 ;
set C_r[0] :=  
1 2 3 4 ;
set C_r[1] :=  
5 6 7 ;
set C_r[2] :=  
8 9 10 ;
set C_r[3] :=  
11 12 13 17 18 19 20 21 22 23 24 25 26 27 28 ;
set C_r[4] :=  
14 15 16 29 30 ;
set S :=  0 1 2 3 4 5 6 7 8 9 10 11 12 13 14 15 ;
set S_u :=  0 1 2 3 4 5 6 7 8 9 10 11 12 13 14 15 ;
set Rack :=  0 1 2 3 4 5 6 7 ;
param COST : 0 1 2 3 4 5 6 7 8 9 10 11 12 13 14 15 :=
0 0 1 3 3 5 5 5 5 5 5 5 5 5 5 5 5 
1 1 0 3 3 5 5 5 5 5 5 5 5 5 5 5 5 
2 3 3 0 1 5 5 5 5 5 5 5 5 5 5 5 5 
3 3 3 1 0 5 5 5 5 5 5 5 5 5 5 5 5 
4 5 5 5 5 0 1 3 3 5 5 5 5 5 5 5 5 
5 5 5 5 5 1 0 3 3 5 5 5 5 5 5 5 5 
6 5 5 5 5 3 3 0 1 5 5 5 5 5 5 5 5 
7 5 5 5 5 3 3 1 0 5 5 5 5 5 5 5 5 
8 5 5 5 5 5 5 5 5 0 1 3 3 5 5 5 5 
9 5 5 5 5 5 5 5 5 1 0 3 3 5 5 5 5 
10 5 5 5 5 5 5 5 5 3 3 0 1 5 5 5 5 
11 5 5 5 5 5 5 5 5 3 3 1 0 5 5 5 5 
12 5 5 5 5 5 5 5 5 5 5 5 5 0 1 3 3 
13 5 5 5 5 5 5 5 5 5 5 5 5 1 0 3 3 
14 5 5 5 5 5 5 5 5 5 5 5 5 3 3 0 1 
15 5 5 5 5 5 5 5 5 5 5 5 5 3 3 1 0 
;
set S_rack[0] :=  
0 1 ;
set S_rack[1] :=  
2 3 ;
set S_rack[2] :=  
4 5 ;
set S_rack[3] :=  
6 7 ;
set S_rack[4] :=  
8 9 ;
set S_rack[5] :=  
10 11 ;
set S_rack[6] :=  
12 13 ;
set S_rack[7] :=  
14 15 ;
param CPU := 
0 28.0
1 28.0
2 28.0
3 28.0
4 56.0
5 56.0
6 28.0
7 28.0
8 56.0
9 56.0
10 28.0
11 28.0
12 28.0
13 28.0
14 56.0
15 56.0
;
param MEM := 
0 192.0
1 192.0
2 96.0
3 96.0
4 192.0
5 192.0
6 48.0
7 48.0
8 192.0
9 192.0
10 96.0
11 96.0
12 48.0
13 48.0
14 192.0
15 192.0
;
param DISK := 
0 192.0
1 192.0
2 96.0
3 96.0
4 192.0
5 192.0
6 48.0
7 48.0
8 192.0
9 192.0
10 96.0
11 96.0
12 48.0
13 48.0
14 192.0
15 192.0
;
param BDW_out := 
0 10.0
1 10.0
2 10.0
3 10.0
4 10.0
5 10.0
6 10.0
7 10.0
8 10.0
9 10.0
10 10.0
11 10.0
12 10.0
13 10.0
14 10.0
15 10.0
;
param BDW_in := 
0 10.0
1 10.0
2 10.0
3 10.0
4 10.0
5 10.0
6 10.0
7 10.0
8 10.0
9 10.0
10 10.0
11 10.0
12 10.0
13 10.0
14 10.0
15 10.0
;
param mem := 
1 64.0
2 64.0
3 1.0
4 4.0
5 16.0
6 64.0
7 2.0
8 4.0
9 32.0
10 64.0
11 2.0
12 2.0
13 1.0
17 2.0
18 2.0
19 2.0
20 2.0
21 1.0
22 2.0
23 2.0
24 2.0
25 2.0
26 2.0
27 2.0
28 2.0
14 16.0
15 2.0
16 8.0
29 16.0
30 2.0
;
param disk := 
1 64.0
2 64.0
3 4.0
4 16.0
5 36.0
6 64.0
7 8.0
8 16.0
9 43.2
10 64.0
11 8.0
12 8.0
13 4.0
17 8.0
18 8.0
19 8.0
20 8.0
21 4.0
22 8.0
23 8.0
24 8.0
25 8.0
26 8.0
27 8.0
28 8.0
14 36.0
15 8.0
16 24.0
29 36.0
30 8.0
;
param cpu : 
0 1 2 3 4 5 6 7 8 9 10 11 12 13 14 15 := 
1 16.0 16.0 19.047619047619047 19.047619047619047 16.0 16.0 16.0 16.0 16.0 16.0 19.047619047619047 19.047619047619047 16.0 16.0 16.0 16.0 
2 16.0 16.0 19.047619047619047 19.047619047619047 16.0 16.0 16.0 16.0 16.0 16.0 19.047619047619047 19.047619047619047 16.0 16.0 16.0 16.0 
3 1.0 1.0 1.1904761904761905 1.1904761904761905 1.0 1.0 1.0 1.0 1.0 1.0 1.1904761904761905 1.1904761904761905 1.0 1.0 1.0 1.0 
4 2.0 2.0 2.380952380952381 2.380952380952381 2.0 2.0 2.0 2.0 2.0 2.0 2.380952380952381 2.380952380952381 2.0 2.0 2.0 2.0 
5 4.0 4.0 4.761904761904762 4.761904761904762 4.0 4.0 4.0 4.0 4.0 4.0 4.761904761904762 4.761904761904762 4.0 4.0 4.0 4.0 
6 16.0 16.0 19.047619047619047 19.047619047619047 16.0 16.0 16.0 16.0 16.0 16.0 19.047619047619047 19.047619047619047 16.0 16.0 16.0 16.0 
7 1.0 1.0 1.1904761904761905 1.1904761904761905 1.0 1.0 1.0 1.0 1.0 1.0 1.1904761904761905 1.1904761904761905 1.0 1.0 1.0 1.0 
8 2.0 2.0 2.380952380952381 2.380952380952381 2.0 2.0 2.0 2.0 2.0 2.0 2.380952380952381 2.380952380952381 2.0 2.0 2.0 2.0 
9 8.0 8.0 9.523809523809524 9.523809523809524 8.0 8.0 8.0 8.0 8.0 8.0 9.523809523809524 9.523809523809524 8.0 8.0 8.0 8.0 
10 16.0 16.0 19.047619047619047 19.047619047619047 16.0 16.0 16.0 16.0 16.0 16.0 19.047619047619047 19.047619047619047 16.0 16.0 16.0 16.0 
11 1.0 1.0 1.1904761904761905 1.1904761904761905 1.0 1.0 1.0 1.0 1.0 1.0 1.1904761904761905 1.1904761904761905 1.0 1.0 1.0 1.0 
12 1.0 1.0 1.1904761904761905 1.1904761904761905 1.0 1.0 1.0 1.0 1.0 1.0 1.1904761904761905 1.1904761904761905 1.0 1.0 1.0 1.0 
13 1.0 1.0 1.1904761904761905 1.1904761904761905 1.0 1.0 1.0 1.0 1.0 1.0 1.1904761904761905 1.1904761904761905 1.0 1.0 1.0 1.0 
17 1.0 1.0 1.1904761904761905 1.1904761904761905 1.0 1.0 1.0 1.0 1.0 1.0 1.1904761904761905 1.1904761904761905 1.0 1.0 1.0 1.0 
18 1.0 1.0 1.1904761904761905 1.1904761904761905 1.0 1.0 1.0 1.0 1.0 1.0 1.1904761904761905 1.1904761904761905 1.0 1.0 1.0 1.0 
19 1.0 1.0 1.1904761904761905 1.1904761904761905 1.0 1.0 1.0 1.0 1.0 1.0 1.1904761904761905 1.1904761904761905 1.0 1.0 1.0 1.0 
20 1.0 1.0 1.1904761904761905 1.1904761904761905 1.0 1.0 1.0 1.0 1.0 1.0 1.1904761904761905 1.1904761904761905 1.0 1.0 1.0 1.0 
21 1.0 1.0 1.1904761904761905 1.1904761904761905 1.0 1.0 1.0 1.0 1.0 1.0 1.1904761904761905 1.1904761904761905 1.0 1.0 1.0 1.0 
22 1.0 1.0 1.1904761904761905 1.1904761904761905 1.0 1.0 1.0 1.0 1.0 1.0 1.1904761904761905 1.1904761904761905 1.0 1.0 1.0 1.0 
23 1.0 1.0 1.1904761904761905 1.1904761904761905 1.0 1.0 1.0 1.0 1.0 1.0 1.1904761904761905 1.1904761904761905 1.0 1.0 1.0 1.0 
24 1.0 1.0 1.1904761904761905 1.1904761904761905 1.0 1.0 1.0 1.0 1.0 1.0 1.1904761904761905 1.1904761904761905 1.0 1.0 1.0 1.0 
25 1.0 1.0 1.1904761904761905 1.1904761904761905 1.0 1.0 1.0 1.0 1.0 1.0 1.1904761904761905 1.1904761904761905 1.0 1.0 1.0 1.0 
26 1.0 1.0 1.1904761904761905 1.1904761904761905 1.0 1.0 1.0 1.0 1.0 1.0 1.1904761904761905 1.1904761904761905 1.0 1.0 1.0 1.0 
27 1.0 1.0 1.1904761904761905 1.1904761904761905 1.0 1.0 1.0 1.0 1.0 1.0 1.1904761904761905 1.1904761904761905 1.0 1.0 1.0 1.0 
28 1.0 1.0 1.1904761904761905 1.1904761904761905 1.0 1.0 1.0 1.0 1.0 1.0 1.1904761904761905 1.1904761904761905 1.0 1.0 1.0 1.0 
14 4.0 4.0 4.761904761904762 4.761904761904762 4.0 4.0 4.0 4.0 4.0 4.0 4.761904761904762 4.761904761904762 4.0 4.0 4.0 4.0 
15 1.0 1.0 1.1904761904761905 1.1904761904761905 1.0 1.0 1.0 1.0 1.0 1.0 1.1904761904761905 1.1904761904761905 1.0 1.0 1.0 1.0 
16 2.0 2.0 2.380952380952381 2.380952380952381 2.0 2.0 2.0 2.0 2.0 2.0 2.380952380952381 2.380952380952381 2.0 2.0 2.0 2.0 
29 4.0 4.0 4.761904761904762 4.761904761904762 4.0 4.0 4.0 4.0 4.0 4.0 4.761904761904762 4.761904761904762 4.0 4.0 4.0 4.0 
30 1.0 1.0 1.1904761904761905 1.1904761904761905 1.0 1.0 1.0 1.0 1.0 1.0 1.1904761904761905 1.1904761904761905 1.0 1.0 1.0 1.0 
;
set c_0 := 0;
param d := 
[0,*,*] : 
0 1 2 3 4 := 
0 0 0.0013232 0.0013232 0 0 
1 1.402592 0 0 0.0013232 0 
2 1.402592 0 0 0.0013232 0 
3 0 0.00701296 0.00701296 0 0.0026464 
4 0 0 0 0.134648832 0 
[1,*,*] : 
0 5 6 7 := 
0 0 7.968E-4 0 0 
5 0.8446079999999999 0 7.968E-4 0 
6 0 0.00422304 0 7.968E-4 
7 0 0 0.033362016 0 
[2,*,*] : 
0 8 9 10 := 
0 0 0.0012768 0 0 
8 1.353408 0 0.0012768 0 
9 0 0.00676704 0 0.0012768 
10 0 0 0.05751984 0 
[3,*,*] : 
0 11 12 13 17 18 19 20 21 22 23 24 25 26 27 28 := 
0 0 1.972E-4 0 0 0 0 1.972E-4 0 0 0 0 0 1.972E-4 0 1.972E-4 0 
11 0.209032 0 2.191111111111111E-5 0 2.191111111111111E-5 2.191111111111111E-5 0 2.191111111111111E-5 0 2.191111111111111E-5 2.191111111111111E-5 2.191111111111111E-5 0 2.191111111111111E-5 0 2.191111111111111E-5 
12 0 1.161288888888889E-4 0 4.382222222222222E-5 0 0 1.161288888888889E-4 0 4.382222222222222E-5 0 0 0 1.161288888888889E-4 0 1.161288888888889E-4 0 
13 0 0 5.574186666666667E-4 0 5.574186666666667E-4 5.574186666666667E-4 0 5.574186666666667E-4 0 5.574186666666667E-4 5.574186666666667E-4 5.574186666666667E-4 0 5.574186666666667E-4 0 5.574186666666667E-4 
17 0 1.161288888888889E-4 0 4.382222222222222E-5 0 0 1.161288888888889E-4 0 4.382222222222222E-5 0 0 0 1.161288888888889E-4 0 1.161288888888889E-4 0 
18 0 1.161288888888889E-4 0 4.382222222222222E-5 0 0 1.161288888888889E-4 0 4.382222222222222E-5 0 0 0 1.161288888888889E-4 0 1.161288888888889E-4 0 
19 0.209032 0 2.191111111111111E-5 0 2.191111111111111E-5 2.191111111111111E-5 0 2.191111111111111E-5 0 2.191111111111111E-5 2.191111111111111E-5 2.191111111111111E-5 0 2.191111111111111E-5 0 2.191111111111111E-5 
20 0 1.161288888888889E-4 0 4.382222222222222E-5 0 0 1.161288888888889E-4 0 4.382222222222222E-5 0 0 0 1.161288888888889E-4 0 1.161288888888889E-4 0 
21 0 0 5.574186666666667E-4 0 5.574186666666667E-4 5.574186666666667E-4 0 5.574186666666667E-4 0 5.574186666666667E-4 5.574186666666667E-4 5.574186666666667E-4 0 5.574186666666667E-4 0 5.574186666666667E-4 
22 0 1.161288888888889E-4 0 4.382222222222222E-5 0 0 1.161288888888889E-4 0 4.382222222222222E-5 0 0 0 1.161288888888889E-4 0 1.161288888888889E-4 0 
23 0 1.161288888888889E-4 0 4.382222222222222E-5 0 0 1.161288888888889E-4 0 4.382222222222222E-5 0 0 0 1.161288888888889E-4 0 1.161288888888889E-4 0 
24 0 1.161288888888889E-4 0 4.382222222222222E-5 0 0 1.161288888888889E-4 0 4.382222222222222E-5 0 0 0 1.161288888888889E-4 0 1.161288888888889E-4 0 
25 0.209032 0 2.191111111111111E-5 0 2.191111111111111E-5 2.191111111111111E-5 0 2.191111111111111E-5 0 2.191111111111111E-5 2.191111111111111E-5 2.191111111111111E-5 0 2.191111111111111E-5 0 2.191111111111111E-5 
26 0 1.161288888888889E-4 0 4.382222222222222E-5 0 0 1.161288888888889E-4 0 4.382222222222222E-5 0 0 0 1.161288888888889E-4 0 1.161288888888889E-4 0 
27 0.209032 0 2.191111111111111E-5 0 2.191111111111111E-5 2.191111111111111E-5 0 2.191111111111111E-5 0 2.191111111111111E-5 2.191111111111111E-5 2.191111111111111E-5 0 2.191111111111111E-5 0 2.191111111111111E-5 
28 0 1.161288888888889E-4 0 4.382222222222222E-5 0 0 1.161288888888889E-4 0 4.382222222222222E-5 0 0 0 1.161288888888889E-4 0 1.161288888888889E-4 0 
[4,*,*] : 
0 14 15 16 29 30 := 
0 0 8.152E-4 0 0 8.152E-4 0 
14 0.864112 0 4.076E-4 0 0 4.076E-4 
15 0 0.00216028 0 8.152E-4 0.00216028 0 
16 0 0 0.029811864000000004 0 0 0.029811864000000004 
29 0.864112 0 4.076E-4 0 0 4.076E-4 
30 0 0.00216028 0 8.152E-4 0.00216028 0 
;
param x_bar : 0 1 2 3 4 5 6 7 8 9 10 11 12 13 14 15  := 
0 0 0 0 0 0 0 0 0 0 0 0 0 0 0 0 0 
;
