data;
set C_bar :=  ;
set C :=  1 2 3 4 5 15 16 17 18 19 20 6 7 8 9 10 11 21 22 23 24 25 26 27 28 29 30 12 13 14 ;
set R := 0 1 2 3 ;
set C_r[0] :=  
1 2 3 4 5 15 16 17 18 19 20 ;
set C_r[1] :=  
6 7 8 ;
set C_r[2] :=  
9 10 11 21 22 23 24 25 26 27 28 29 30 ;
set C_r[3] :=  
12 13 14 ;
set S :=  0 1 2 3 4 5 6 7 8 9 10 11 12 13 14 15 ;
set S_u :=  0 1 2 3 4 5 6 7 8 9 10 11 12 13 14 15 ;
set Rack :=  0 1 2 3 4 5 6 7 ;
param COST : 0 1 2 3 4 5 6 7 8 9 10 11 12 13 14 15 :=
0 0 1 3 3 5 5 5 5 5 5 5 5 5 5 5 5 
1 1 0 3 3 5 5 5 5 5 5 5 5 5 5 5 5 
2 3 3 0 1 5 5 5 5 5 5 5 5 5 5 5 5 
3 3 3 1 0 5 5 5 5 5 5 5 5 5 5 5 5 
4 5 5 5 5 0 1 3 3 5 5 5 5 5 5 5 5 
5 5 5 5 5 1 0 3 3 5 5 5 5 5 5 5 5 
6 5 5 5 5 3 3 0 1 5 5 5 5 5 5 5 5 
7 5 5 5 5 3 3 1 0 5 5 5 5 5 5 5 5 
8 5 5 5 5 5 5 5 5 0 1 3 3 5 5 5 5 
9 5 5 5 5 5 5 5 5 1 0 3 3 5 5 5 5 
10 5 5 5 5 5 5 5 5 3 3 0 1 5 5 5 5 
11 5 5 5 5 5 5 5 5 3 3 1 0 5 5 5 5 
12 5 5 5 5 5 5 5 5 5 5 5 5 0 1 3 3 
13 5 5 5 5 5 5 5 5 5 5 5 5 1 0 3 3 
14 5 5 5 5 5 5 5 5 5 5 5 5 3 3 0 1 
15 5 5 5 5 5 5 5 5 5 5 5 5 3 3 1 0 
;
set S_rack[0] :=  
0 1 ;
set S_rack[1] :=  
2 3 ;
set S_rack[2] :=  
4 5 ;
set S_rack[3] :=  
6 7 ;
set S_rack[4] :=  
8 9 ;
set S_rack[5] :=  
10 11 ;
set S_rack[6] :=  
12 13 ;
set S_rack[7] :=  
14 15 ;
param CPU := 
0 56.0
1 56.0
2 28.0
3 28.0
4 56.0
5 56.0
6 28.0
7 28.0
8 28.0
9 28.0
10 28.0
11 28.0
12 56.0
13 56.0
14 28.0
15 28.0
;
param MEM := 
0 192.0
1 192.0
2 192.0
3 192.0
4 192.0
5 192.0
6 96.0
7 96.0
8 96.0
9 96.0
10 96.0
11 96.0
12 192.0
13 192.0
14 96.0
15 96.0
;
param DISK := 
0 384.0
1 384.0
2 384.0
3 384.0
4 384.0
5 384.0
6 192.0
7 192.0
8 192.0
9 192.0
10 192.0
11 192.0
12 384.0
13 384.0
14 192.0
15 192.0
;
param BDW_out := 
0 10.0
1 10.0
2 10.0
3 10.0
4 10.0
5 10.0
6 10.0
7 10.0
8 10.0
9 10.0
10 10.0
11 10.0
12 10.0
13 10.0
14 10.0
15 10.0
;
param BDW_in := 
0 10.0
1 10.0
2 10.0
3 10.0
4 10.0
5 10.0
6 10.0
7 10.0
8 10.0
9 10.0
10 10.0
11 10.0
12 10.0
13 10.0
14 10.0
15 10.0
;
param mem := 
1 8.0
2 8.0
3 8.0
4 2.0
5 4.0
15 4.0
16 8.0
17 4.0
18 8.0
19 8.0
20 2.0
6 4.0
7 32.0
8 16.0
9 1.0
10 64.0
11 32.0
21 64.0
22 32.0
23 1.0
24 64.0
25 64.0
26 1.0
27 1.0
28 32.0
29 64.0
30 32.0
12 32.0
13 1.0
14 64.0
;
param disk := 
1 24.0
2 24.0
3 24.0
4 8.0
5 16.0
15 16.0
16 24.0
17 16.0
18 24.0
19 24.0
20 8.0
6 16.0
7 43.2
8 36.0
9 4.0
10 64.0
11 43.2
21 64.0
22 43.2
23 4.0
24 64.0
25 64.0
26 4.0
27 4.0
28 43.2
29 64.0
30 43.2
12 43.2
13 4.0
14 64.0
;
param cpu : 
0 1 2 3 4 5 6 7 8 9 10 11 12 13 14 15 := 
1 2.0 2.0 2.0 2.0 2.0 2.0 2.380952380952381 2.380952380952381 2.380952380952381 2.380952380952381 2.380952380952381 2.380952380952381 2.0 2.0 2.380952380952381 2.380952380952381 
2 2.0 2.0 2.0 2.0 2.0 2.0 2.380952380952381 2.380952380952381 2.380952380952381 2.380952380952381 2.380952380952381 2.380952380952381 2.0 2.0 2.380952380952381 2.380952380952381 
3 2.0 2.0 2.0 2.0 2.0 2.0 2.380952380952381 2.380952380952381 2.380952380952381 2.380952380952381 2.380952380952381 2.380952380952381 2.0 2.0 2.380952380952381 2.380952380952381 
4 1.0 1.0 1.0 1.0 1.0 1.0 1.1904761904761905 1.1904761904761905 1.1904761904761905 1.1904761904761905 1.1904761904761905 1.1904761904761905 1.0 1.0 1.1904761904761905 1.1904761904761905 
5 2.0 2.0 2.0 2.0 2.0 2.0 2.380952380952381 2.380952380952381 2.380952380952381 2.380952380952381 2.380952380952381 2.380952380952381 2.0 2.0 2.380952380952381 2.380952380952381 
15 2.0 2.0 2.0 2.0 2.0 2.0 2.380952380952381 2.380952380952381 2.380952380952381 2.380952380952381 2.380952380952381 2.380952380952381 2.0 2.0 2.380952380952381 2.380952380952381 
16 2.0 2.0 2.0 2.0 2.0 2.0 2.380952380952381 2.380952380952381 2.380952380952381 2.380952380952381 2.380952380952381 2.380952380952381 2.0 2.0 2.380952380952381 2.380952380952381 
17 2.0 2.0 2.0 2.0 2.0 2.0 2.380952380952381 2.380952380952381 2.380952380952381 2.380952380952381 2.380952380952381 2.380952380952381 2.0 2.0 2.380952380952381 2.380952380952381 
18 2.0 2.0 2.0 2.0 2.0 2.0 2.380952380952381 2.380952380952381 2.380952380952381 2.380952380952381 2.380952380952381 2.380952380952381 2.0 2.0 2.380952380952381 2.380952380952381 
19 2.0 2.0 2.0 2.0 2.0 2.0 2.380952380952381 2.380952380952381 2.380952380952381 2.380952380952381 2.380952380952381 2.380952380952381 2.0 2.0 2.380952380952381 2.380952380952381 
20 1.0 1.0 1.0 1.0 1.0 1.0 1.1904761904761905 1.1904761904761905 1.1904761904761905 1.1904761904761905 1.1904761904761905 1.1904761904761905 1.0 1.0 1.1904761904761905 1.1904761904761905 
6 2.0 2.0 2.0 2.0 2.0 2.0 2.380952380952381 2.380952380952381 2.380952380952381 2.380952380952381 2.380952380952381 2.380952380952381 2.0 2.0 2.380952380952381 2.380952380952381 
7 8.0 8.0 8.0 8.0 8.0 8.0 9.523809523809524 9.523809523809524 9.523809523809524 9.523809523809524 9.523809523809524 9.523809523809524 8.0 8.0 9.523809523809524 9.523809523809524 
8 4.0 4.0 4.0 4.0 4.0 4.0 4.761904761904762 4.761904761904762 4.761904761904762 4.761904761904762 4.761904761904762 4.761904761904762 4.0 4.0 4.761904761904762 4.761904761904762 
9 1.0 1.0 1.0 1.0 1.0 1.0 1.1904761904761905 1.1904761904761905 1.1904761904761905 1.1904761904761905 1.1904761904761905 1.1904761904761905 1.0 1.0 1.1904761904761905 1.1904761904761905 
10 16.0 16.0 16.0 16.0 16.0 16.0 19.047619047619047 19.047619047619047 19.047619047619047 19.047619047619047 19.047619047619047 19.047619047619047 16.0 16.0 19.047619047619047 19.047619047619047 
11 8.0 8.0 8.0 8.0 8.0 8.0 9.523809523809524 9.523809523809524 9.523809523809524 9.523809523809524 9.523809523809524 9.523809523809524 8.0 8.0 9.523809523809524 9.523809523809524 
21 16.0 16.0 16.0 16.0 16.0 16.0 19.047619047619047 19.047619047619047 19.047619047619047 19.047619047619047 19.047619047619047 19.047619047619047 16.0 16.0 19.047619047619047 19.047619047619047 
22 8.0 8.0 8.0 8.0 8.0 8.0 9.523809523809524 9.523809523809524 9.523809523809524 9.523809523809524 9.523809523809524 9.523809523809524 8.0 8.0 9.523809523809524 9.523809523809524 
23 1.0 1.0 1.0 1.0 1.0 1.0 1.1904761904761905 1.1904761904761905 1.1904761904761905 1.1904761904761905 1.1904761904761905 1.1904761904761905 1.0 1.0 1.1904761904761905 1.1904761904761905 
24 16.0 16.0 16.0 16.0 16.0 16.0 19.047619047619047 19.047619047619047 19.047619047619047 19.047619047619047 19.047619047619047 19.047619047619047 16.0 16.0 19.047619047619047 19.047619047619047 
25 16.0 16.0 16.0 16.0 16.0 16.0 19.047619047619047 19.047619047619047 19.047619047619047 19.047619047619047 19.047619047619047 19.047619047619047 16.0 16.0 19.047619047619047 19.047619047619047 
26 1.0 1.0 1.0 1.0 1.0 1.0 1.1904761904761905 1.1904761904761905 1.1904761904761905 1.1904761904761905 1.1904761904761905 1.1904761904761905 1.0 1.0 1.1904761904761905 1.1904761904761905 
27 1.0 1.0 1.0 1.0 1.0 1.0 1.1904761904761905 1.1904761904761905 1.1904761904761905 1.1904761904761905 1.1904761904761905 1.1904761904761905 1.0 1.0 1.1904761904761905 1.1904761904761905 
28 8.0 8.0 8.0 8.0 8.0 8.0 9.523809523809524 9.523809523809524 9.523809523809524 9.523809523809524 9.523809523809524 9.523809523809524 8.0 8.0 9.523809523809524 9.523809523809524 
29 16.0 16.0 16.0 16.0 16.0 16.0 19.047619047619047 19.047619047619047 19.047619047619047 19.047619047619047 19.047619047619047 19.047619047619047 16.0 16.0 19.047619047619047 19.047619047619047 
30 8.0 8.0 8.0 8.0 8.0 8.0 9.523809523809524 9.523809523809524 9.523809523809524 9.523809523809524 9.523809523809524 9.523809523809524 8.0 8.0 9.523809523809524 9.523809523809524 
12 8.0 8.0 8.0 8.0 8.0 8.0 9.523809523809524 9.523809523809524 9.523809523809524 9.523809523809524 9.523809523809524 9.523809523809524 8.0 8.0 9.523809523809524 9.523809523809524 
13 1.0 1.0 1.0 1.0 1.0 1.0 1.1904761904761905 1.1904761904761905 1.1904761904761905 1.1904761904761905 1.1904761904761905 1.1904761904761905 1.0 1.0 1.1904761904761905 1.1904761904761905 
14 16.0 16.0 16.0 16.0 16.0 16.0 19.047619047619047 19.047619047619047 19.047619047619047 19.047619047619047 19.047619047619047 19.047619047619047 16.0 16.0 19.047619047619047 19.047619047619047 
;
set c_0 := 0;
param d := 
[0,*,*] : 
0 1 2 3 4 5 15 16 17 18 19 20 := 
0 0 0.0045253333333333335 0.0045253333333333335 0.0045253333333333335 0 0 0 0.0045253333333333335 0 0.0045253333333333335 0.0045253333333333335 0 
1 0.19394285714285717 0 0 0 0.0022626666666666667 0 0 0 0 0 0 0.0022626666666666667 
2 0.19394285714285717 0 0 0 0.0022626666666666667 0 0 0 0 0 0 0.0022626666666666667 
3 0.19394285714285717 0 0 0 0.0022626666666666667 0 0 0 0 0 0 0.0022626666666666667 
4 0 0.0074668 0.0074668 0.0074668 0 0.0045253333333333335 0.0045253333333333335 0.0074668 0.0045253333333333335 0.0074668 0.0074668 0 
5 0 0 0 0 0.05077424 0 0 0 0 0 0 0.05077424 
15 0 0 0 0 0.05077424 0 0 0 0 0 0 0.05077424 
16 0.19394285714285717 0 0 0 0.0022626666666666667 0 0 0 0 0 0 0.0022626666666666667 
17 0 0 0 0 0.05077424 0 0 0 0 0 0 0.05077424 
18 0.19394285714285717 0 0 0 0.0022626666666666667 0 0 0 0 0 0 0.0022626666666666667 
19 0.19394285714285717 0 0 0 0.0022626666666666667 0 0 0 0 0 0 0.0022626666666666667 
20 0 0.0074668 0.0074668 0.0074668 0 0.0045253333333333335 0.0045253333333333335 0.0074668 0.0045253333333333335 0.0074668 0.0074668 0 
[1,*,*] : 
0 6 7 8 := 
0 0 0.005688 0 0 
6 0.2437714285714286 0 0.005688 0 
7 0 0.018770400000000003 0 0.005688 
8 0 0 0.13139280000000003 0 
[2,*,*] : 
0 9 10 11 21 22 23 24 25 26 27 28 29 30 := 
0 0 9.22E-4 0 0 0 0 9.22E-4 0 0 9.22E-4 9.22E-4 0 0 0 
9 0.03951428571428572 0 1.8439999999999998E-4 0 1.8439999999999998E-4 0 0 1.8439999999999998E-4 1.8439999999999998E-4 0 0 0 1.8439999999999998E-4 0 
10 0 6.0852E-4 0 1.8439999999999998E-4 0 1.8439999999999998E-4 6.0852E-4 0 0 6.0852E-4 6.0852E-4 1.8439999999999998E-4 0 1.8439999999999998E-4 
11 0 0 0.0034685639999999995 0 0.0034685639999999995 0 0 0.0034685639999999995 0.0034685639999999995 0 0 0 0.0034685639999999995 0 
21 0 6.0852E-4 0 1.8439999999999998E-4 0 1.8439999999999998E-4 6.0852E-4 0 0 6.0852E-4 6.0852E-4 1.8439999999999998E-4 0 1.8439999999999998E-4 
22 0 0 0.0034685639999999995 0 0.0034685639999999995 0 0 0.0034685639999999995 0.0034685639999999995 0 0 0 0.0034685639999999995 0 
23 0.03951428571428572 0 1.8439999999999998E-4 0 1.8439999999999998E-4 0 0 1.8439999999999998E-4 1.8439999999999998E-4 0 0 0 1.8439999999999998E-4 0 
24 0 6.0852E-4 0 1.8439999999999998E-4 0 1.8439999999999998E-4 6.0852E-4 0 0 6.0852E-4 6.0852E-4 1.8439999999999998E-4 0 1.8439999999999998E-4 
25 0 6.0852E-4 0 1.8439999999999998E-4 0 1.8439999999999998E-4 6.0852E-4 0 0 6.0852E-4 6.0852E-4 1.8439999999999998E-4 0 1.8439999999999998E-4 
26 0.03951428571428572 0 1.8439999999999998E-4 0 1.8439999999999998E-4 0 0 1.8439999999999998E-4 1.8439999999999998E-4 0 0 0 1.8439999999999998E-4 0 
27 0.03951428571428572 0 1.8439999999999998E-4 0 1.8439999999999998E-4 0 0 1.8439999999999998E-4 1.8439999999999998E-4 0 0 0 1.8439999999999998E-4 0 
28 0 0 0.0034685639999999995 0 0.0034685639999999995 0 0 0.0034685639999999995 0.0034685639999999995 0 0 0 0.0034685639999999995 0 
29 0 6.0852E-4 0 1.8439999999999998E-4 0 1.8439999999999998E-4 6.0852E-4 0 0 6.0852E-4 6.0852E-4 1.8439999999999998E-4 0 1.8439999999999998E-4 
30 0 0 0.0034685639999999995 0 0.0034685639999999995 0 0 0.0034685639999999995 0.0034685639999999995 0 0 0 0.0034685639999999995 0 
[3,*,*] : 
0 12 13 14 := 
0 0 0.00548 0 0 
12 0.23485714285714285 0 0.00548 0 
13 0 0.018084 0 0.00548 
14 0 0 0.0325512 0 
;
param x_bar : 0 1 2 3 4 5 6 7 8 9 10 11 12 13 14 15  := 
0 0 0 0 0 0 0 0 0 0 0 0 0 0 0 0 0 
;
