data;
set C_bar :=  ;
set C :=  1 2 3 4 5 6 7 8 9 19 20 21 22 10 11 12 25 26 13 14 15 23 24 27 28 29 30 16 17 18 ;
set R := 0 1 2 3 ;
set C_r[0] :=  
1 2 3 4 5 6 7 8 9 19 20 21 22 ;
set C_r[1] :=  
10 11 12 25 26 ;
set C_r[2] :=  
13 14 15 23 24 27 28 29 30 ;
set C_r[3] :=  
16 17 18 ;
set S :=  0 1 2 3 4 5 6 7 8 9 10 11 12 13 14 15 ;
set S_u :=  0 1 2 3 4 5 6 7 8 9 10 11 12 13 14 15 ;
set Rack :=  0 1 2 3 4 5 6 7 ;
param COST : 0 1 2 3 4 5 6 7 8 9 10 11 12 13 14 15 :=
0 0 1 3 3 5 5 5 5 5 5 5 5 5 5 5 5 
1 1 0 3 3 5 5 5 5 5 5 5 5 5 5 5 5 
2 3 3 0 1 5 5 5 5 5 5 5 5 5 5 5 5 
3 3 3 1 0 5 5 5 5 5 5 5 5 5 5 5 5 
4 5 5 5 5 0 1 3 3 5 5 5 5 5 5 5 5 
5 5 5 5 5 1 0 3 3 5 5 5 5 5 5 5 5 
6 5 5 5 5 3 3 0 1 5 5 5 5 5 5 5 5 
7 5 5 5 5 3 3 1 0 5 5 5 5 5 5 5 5 
8 5 5 5 5 5 5 5 5 0 1 3 3 5 5 5 5 
9 5 5 5 5 5 5 5 5 1 0 3 3 5 5 5 5 
10 5 5 5 5 5 5 5 5 3 3 0 1 5 5 5 5 
11 5 5 5 5 5 5 5 5 3 3 1 0 5 5 5 5 
12 5 5 5 5 5 5 5 5 5 5 5 5 0 1 3 3 
13 5 5 5 5 5 5 5 5 5 5 5 5 1 0 3 3 
14 5 5 5 5 5 5 5 5 5 5 5 5 3 3 0 1 
15 5 5 5 5 5 5 5 5 5 5 5 5 3 3 1 0 
;
set S_rack[0] :=  
0 1 ;
set S_rack[1] :=  
2 3 ;
set S_rack[2] :=  
4 5 ;
set S_rack[3] :=  
6 7 ;
set S_rack[4] :=  
8 9 ;
set S_rack[5] :=  
10 11 ;
set S_rack[6] :=  
12 13 ;
set S_rack[7] :=  
14 15 ;
param CPU := 
0 56.0
1 56.0
2 44.0
3 44.0
4 56.0
5 56.0
6 44.0
7 44.0
8 56.0
9 56.0
10 56.0
11 56.0
12 56.0
13 56.0
14 28.0
15 28.0
;
param MEM := 
0 192.0
1 192.0
2 128.0
3 128.0
4 192.0
5 192.0
6 128.0
7 128.0
8 192.0
9 192.0
10 192.0
11 192.0
12 192.0
13 192.0
14 192.0
15 192.0
;
param DISK := 
0 384.0
1 384.0
2 256.0
3 256.0
4 384.0
5 384.0
6 256.0
7 256.0
8 384.0
9 384.0
10 384.0
11 384.0
12 384.0
13 384.0
14 384.0
15 384.0
;
param BDW_out := 
0 10.0
1 10.0
2 10.0
3 10.0
4 10.0
5 10.0
6 10.0
7 10.0
8 10.0
9 10.0
10 10.0
11 10.0
12 10.0
13 10.0
14 10.0
15 10.0
;
param BDW_in := 
0 10.0
1 10.0
2 10.0
3 10.0
4 10.0
5 10.0
6 10.0
7 10.0
8 10.0
9 10.0
10 10.0
11 10.0
12 10.0
13 10.0
14 10.0
15 10.0
;
param mem := 
1 32.0
2 32.0
3 32.0
4 32.0
5 32.0
6 32.0
7 32.0
8 2.0
9 8.0
19 8.0
20 8.0
21 2.0
22 2.0
10 64.0
11 16.0
12 16.0
25 16.0
26 16.0
13 8.0
14 16.0
15 32.0
23 32.0
24 16.0
27 16.0
28 32.0
29 16.0
30 32.0
16 8.0
17 8.0
18 64.0
;
param disk := 
1 50.0
2 50.0
3 50.0
4 50.0
5 50.0
6 50.0
7 50.0
8 8.0
9 24.0
19 24.0
20 24.0
21 8.0
22 8.0
10 64.0
11 36.0
12 36.0
25 36.0
26 36.0
13 24.0
14 36.0
15 43.2
23 43.2
24 36.0
27 36.0
28 43.2
29 36.0
30 43.2
16 24.0
17 24.0
18 64.0
;
param cpu : 
0 1 2 3 4 5 6 7 8 9 10 11 12 13 14 15 := 
1 8.0 8.0 9.090909090909092 9.090909090909092 8.0 8.0 9.090909090909092 9.090909090909092 8.0 8.0 8.0 8.0 8.0 8.0 8.0 8.0 
2 8.0 8.0 9.090909090909092 9.090909090909092 8.0 8.0 9.090909090909092 9.090909090909092 8.0 8.0 8.0 8.0 8.0 8.0 8.0 8.0 
3 8.0 8.0 9.090909090909092 9.090909090909092 8.0 8.0 9.090909090909092 9.090909090909092 8.0 8.0 8.0 8.0 8.0 8.0 8.0 8.0 
4 8.0 8.0 9.090909090909092 9.090909090909092 8.0 8.0 9.090909090909092 9.090909090909092 8.0 8.0 8.0 8.0 8.0 8.0 8.0 8.0 
5 8.0 8.0 9.090909090909092 9.090909090909092 8.0 8.0 9.090909090909092 9.090909090909092 8.0 8.0 8.0 8.0 8.0 8.0 8.0 8.0 
6 8.0 8.0 9.090909090909092 9.090909090909092 8.0 8.0 9.090909090909092 9.090909090909092 8.0 8.0 8.0 8.0 8.0 8.0 8.0 8.0 
7 8.0 8.0 9.090909090909092 9.090909090909092 8.0 8.0 9.090909090909092 9.090909090909092 8.0 8.0 8.0 8.0 8.0 8.0 8.0 8.0 
8 1.0 1.0 1.1363636363636365 1.1363636363636365 1.0 1.0 1.1363636363636365 1.1363636363636365 1.0 1.0 1.0 1.0 1.0 1.0 1.0 1.0 
9 2.0 2.0 2.272727272727273 2.272727272727273 2.0 2.0 2.272727272727273 2.272727272727273 2.0 2.0 2.0 2.0 2.0 2.0 2.0 2.0 
19 2.0 2.0 2.272727272727273 2.272727272727273 2.0 2.0 2.272727272727273 2.272727272727273 2.0 2.0 2.0 2.0 2.0 2.0 2.0 2.0 
20 2.0 2.0 2.272727272727273 2.272727272727273 2.0 2.0 2.272727272727273 2.272727272727273 2.0 2.0 2.0 2.0 2.0 2.0 2.0 2.0 
21 1.0 1.0 1.1363636363636365 1.1363636363636365 1.0 1.0 1.1363636363636365 1.1363636363636365 1.0 1.0 1.0 1.0 1.0 1.0 1.0 1.0 
22 1.0 1.0 1.1363636363636365 1.1363636363636365 1.0 1.0 1.1363636363636365 1.1363636363636365 1.0 1.0 1.0 1.0 1.0 1.0 1.0 1.0 
10 16.0 16.0 18.181818181818183 18.181818181818183 16.0 16.0 18.181818181818183 18.181818181818183 16.0 16.0 16.0 16.0 16.0 16.0 16.0 16.0 
11 4.0 4.0 4.545454545454546 4.545454545454546 4.0 4.0 4.545454545454546 4.545454545454546 4.0 4.0 4.0 4.0 4.0 4.0 4.0 4.0 
12 4.0 4.0 4.545454545454546 4.545454545454546 4.0 4.0 4.545454545454546 4.545454545454546 4.0 4.0 4.0 4.0 4.0 4.0 4.0 4.0 
25 4.0 4.0 4.545454545454546 4.545454545454546 4.0 4.0 4.545454545454546 4.545454545454546 4.0 4.0 4.0 4.0 4.0 4.0 4.0 4.0 
26 4.0 4.0 4.545454545454546 4.545454545454546 4.0 4.0 4.545454545454546 4.545454545454546 4.0 4.0 4.0 4.0 4.0 4.0 4.0 4.0 
13 2.0 2.0 2.272727272727273 2.272727272727273 2.0 2.0 2.272727272727273 2.272727272727273 2.0 2.0 2.0 2.0 2.0 2.0 2.0 2.0 
14 4.0 4.0 4.545454545454546 4.545454545454546 4.0 4.0 4.545454545454546 4.545454545454546 4.0 4.0 4.0 4.0 4.0 4.0 4.0 4.0 
15 8.0 8.0 9.090909090909092 9.090909090909092 8.0 8.0 9.090909090909092 9.090909090909092 8.0 8.0 8.0 8.0 8.0 8.0 8.0 8.0 
23 8.0 8.0 9.090909090909092 9.090909090909092 8.0 8.0 9.090909090909092 9.090909090909092 8.0 8.0 8.0 8.0 8.0 8.0 8.0 8.0 
24 4.0 4.0 4.545454545454546 4.545454545454546 4.0 4.0 4.545454545454546 4.545454545454546 4.0 4.0 4.0 4.0 4.0 4.0 4.0 4.0 
27 4.0 4.0 4.545454545454546 4.545454545454546 4.0 4.0 4.545454545454546 4.545454545454546 4.0 4.0 4.0 4.0 4.0 4.0 4.0 4.0 
28 8.0 8.0 9.090909090909092 9.090909090909092 8.0 8.0 9.090909090909092 9.090909090909092 8.0 8.0 8.0 8.0 8.0 8.0 8.0 8.0 
29 4.0 4.0 4.545454545454546 4.545454545454546 4.0 4.0 4.545454545454546 4.545454545454546 4.0 4.0 4.0 4.0 4.0 4.0 4.0 4.0 
30 8.0 8.0 9.090909090909092 9.090909090909092 8.0 8.0 9.090909090909092 9.090909090909092 8.0 8.0 8.0 8.0 8.0 8.0 8.0 8.0 
16 2.0 2.0 2.272727272727273 2.272727272727273 2.0 2.0 2.272727272727273 2.272727272727273 2.0 2.0 2.0 2.0 2.0 2.0 2.0 2.0 
17 2.0 2.0 2.272727272727273 2.272727272727273 2.0 2.0 2.272727272727273 2.272727272727273 2.0 2.0 2.0 2.0 2.0 2.0 2.0 2.0 
18 16.0 16.0 18.181818181818183 18.181818181818183 16.0 16.0 18.181818181818183 18.181818181818183 16.0 16.0 16.0 16.0 16.0 16.0 16.0 16.0 
;
set c_0 := 0;
param d := 
[0,*,*] : 
0 1 2 3 4 5 6 7 8 9 19 20 21 22 := 
0 0 0.0034537142857142857 0.0034537142857142857 0.0034537142857142857 0.0034537142857142857 0.0034537142857142857 0.0034537142857142857 0.0034537142857142857 0 0 0 0 0 0 
1 0.96704 0 0 0 0 0 0 0 0.0011512380952380951 0 0 0 0.0011512380952380951 0.0011512380952380951 
2 0.96704 0 0 0 0 0 0 0 0.0011512380952380951 0 0 0 0.0011512380952380951 0.0011512380952380951 
3 0.96704 0 0 0 0 0 0 0 0.0011512380952380951 0 0 0 0.0011512380952380951 0.0011512380952380951 
4 0.96704 0 0 0 0 0 0 0 0.0011512380952380951 0 0 0 0.0011512380952380951 0.0011512380952380951 
5 0.96704 0 0 0 0 0 0 0 0.0011512380952380951 0 0 0 0.0011512380952380951 0.0011512380952380951 
6 0.96704 0 0 0 0 0 0 0 0.0011512380952380951 0 0 0 0.0011512380952380951 0.0011512380952380951 
7 0.96704 0 0 0 0 0 0 0 0.0011512380952380951 0 0 0 0.0011512380952380951 0.0011512380952380951 
8 0 0.0016117333333333331 0.0016117333333333331 0.0016117333333333331 0.0016117333333333331 0.0016117333333333331 0.0016117333333333331 0.0016117333333333331 0 0.0026862222222222222 0.0026862222222222222 0.0026862222222222222 0 0 
9 0 0 0 0 0 0 0 0 0.02858140444444444 0 0 0 0.02858140444444444 0.02858140444444444 
19 0 0 0 0 0 0 0 0 0.02858140444444444 0 0 0 0.02858140444444444 0.02858140444444444 
20 0 0 0 0 0 0 0 0 0.02858140444444444 0 0 0 0.02858140444444444 0.02858140444444444 
21 0 0.0016117333333333331 0.0016117333333333331 0.0016117333333333331 0.0016117333333333331 0.0016117333333333331 0.0016117333333333331 0.0016117333333333331 0 0.0026862222222222222 0.0026862222222222222 0.0026862222222222222 0 0 
22 0 0.0016117333333333331 0.0016117333333333331 0.0016117333333333331 0.0016117333333333331 0.0016117333333333331 0.0016117333333333331 0.0016117333333333331 0 0.0026862222222222222 0.0026862222222222222 0.0026862222222222222 0 0 
[1,*,*] : 
0 10 11 12 25 26 := 
0 0 0.017456 0 0 0 0 
10 0.7481142857142856 0 0.005818666666666666 0 0.005818666666666666 0.005818666666666666 
11 0 0.019201599999999996 0 0.005818666666666666 0 0 
12 0 0 0.07680639999999998 0 0.07680639999999998 0.07680639999999998 
25 0 0.019201599999999996 0 0.005818666666666666 0 0 
26 0 0.019201599999999996 0 0.005818666666666666 0 0 
[2,*,*] : 
0 13 14 15 23 24 27 28 29 30 := 
0 0 0.006248 0 0 0 0 0 0 0 0 
13 0.2677714285714286 0 0.001562 0 0 0.001562 0.001562 0 0.001562 0 
14 0 0.0051546000000000005 0 3.905E-4 3.905E-4 0 0 3.905E-4 0 3.905E-4 
15 0 0 0.00902055 0 0 0.00902055 0.00902055 0 0.00902055 0 
23 0 0 0.00902055 0 0 0.00902055 0.00902055 0 0.00902055 0 
24 0 0.0051546000000000005 0 3.905E-4 3.905E-4 0 0 3.905E-4 0 3.905E-4 
27 0 0.0051546000000000005 0 3.905E-4 3.905E-4 0 0 3.905E-4 0 3.905E-4 
28 0 0 0.00902055 0 0 0.00902055 0.00902055 0 0.00902055 0 
29 0 0.0051546000000000005 0 3.905E-4 3.905E-4 0 0 3.905E-4 0 3.905E-4 
30 0 0 0.00902055 0 0 0.00902055 0.00902055 0 0.00902055 0 
[3,*,*] : 
0 16 17 18 := 
0 0 0.02976 0 0 
16 1.2754285714285716 0 0.02976 0 
17 0 0.098208 0 0.02976 
18 0 0 0.8053056 0 
;
param x_bar : 0 1 2 3 4 5 6 7 8 9 10 11 12 13 14 15  := 
0 0 0 0 0 0 0 0 0 0 0 0 0 0 0 0 0 
;
