data;
set C_bar :=  ;
set C :=  1 2 3 4 5 6 7 8 18 19 20 21 22 23 25 26 29 30 9 10 11 27 12 13 14 15 16 17 24 28 ;
set R := 0 1 2 3 ;
set C_r[0] :=  
1 2 3 ;
set C_r[1] :=  
4 5 6 7 8 18 19 20 21 22 23 25 26 29 30 ;
set C_r[2] :=  
9 10 11 27 ;
set C_r[3] :=  
12 13 14 15 16 17 24 28 ;
set S :=  0 1 2 3 4 5 6 7 8 9 10 11 12 13 14 15 ;
set S_u :=  0 1 2 3 4 5 6 7 8 9 10 11 12 13 14 15 ;
set Rack :=  0 1 2 3 4 5 6 7 ;
param COST : 0 1 2 3 4 5 6 7 8 9 10 11 12 13 14 15 :=
0 0 1 3 3 5 5 5 5 5 5 5 5 5 5 5 5 
1 1 0 3 3 5 5 5 5 5 5 5 5 5 5 5 5 
2 3 3 0 1 5 5 5 5 5 5 5 5 5 5 5 5 
3 3 3 1 0 5 5 5 5 5 5 5 5 5 5 5 5 
4 5 5 5 5 0 1 3 3 5 5 5 5 5 5 5 5 
5 5 5 5 5 1 0 3 3 5 5 5 5 5 5 5 5 
6 5 5 5 5 3 3 0 1 5 5 5 5 5 5 5 5 
7 5 5 5 5 3 3 1 0 5 5 5 5 5 5 5 5 
8 5 5 5 5 5 5 5 5 0 1 3 3 5 5 5 5 
9 5 5 5 5 5 5 5 5 1 0 3 3 5 5 5 5 
10 5 5 5 5 5 5 5 5 3 3 0 1 5 5 5 5 
11 5 5 5 5 5 5 5 5 3 3 1 0 5 5 5 5 
12 5 5 5 5 5 5 5 5 5 5 5 5 0 1 3 3 
13 5 5 5 5 5 5 5 5 5 5 5 5 1 0 3 3 
14 5 5 5 5 5 5 5 5 5 5 5 5 3 3 0 1 
15 5 5 5 5 5 5 5 5 5 5 5 5 3 3 1 0 
;
set S_rack[0] :=  
0 1 ;
set S_rack[1] :=  
2 3 ;
set S_rack[2] :=  
4 5 ;
set S_rack[3] :=  
6 7 ;
set S_rack[4] :=  
8 9 ;
set S_rack[5] :=  
10 11 ;
set S_rack[6] :=  
12 13 ;
set S_rack[7] :=  
14 15 ;
param CPU := 
0 56.0
1 56.0
2 28.0
3 28.0
4 28.0
5 28.0
6 28.0
7 28.0
8 56.0
9 56.0
10 56.0
11 56.0
12 44.0
13 44.0
14 28.0
15 28.0
;
param MEM := 
0 192.0
1 192.0
2 48.0
3 48.0
4 48.0
5 48.0
6 96.0
7 96.0
8 192.0
9 192.0
10 192.0
11 192.0
12 128.0
13 128.0
14 96.0
15 96.0
;
param DISK := 
0 384.0
1 384.0
2 96.0
3 96.0
4 96.0
5 96.0
6 192.0
7 192.0
8 384.0
9 384.0
10 384.0
11 384.0
12 256.0
13 256.0
14 192.0
15 192.0
;
param BDW_out := 
0 10.0
1 10.0
2 10.0
3 10.0
4 10.0
5 10.0
6 10.0
7 10.0
8 10.0
9 10.0
10 10.0
11 10.0
12 10.0
13 10.0
14 10.0
15 10.0
;
param BDW_in := 
0 10.0
1 10.0
2 10.0
3 10.0
4 10.0
5 10.0
6 10.0
7 10.0
8 10.0
9 10.0
10 10.0
11 10.0
12 10.0
13 10.0
14 10.0
15 10.0
;
param mem := 
1 32.0
2 8.0
3 32.0
4 8.0
5 8.0
6 8.0
7 64.0
8 16.0
18 16.0
19 64.0
20 8.0
21 16.0
22 64.0
23 8.0
25 64.0
26 16.0
29 8.0
30 16.0
9 32.0
10 64.0
11 4.0
27 4.0
12 8.0
13 8.0
14 8.0
15 8.0
16 2.0
17 32.0
24 8.0
28 8.0
;
param disk := 
1 50.0
2 24.0
3 43.2
4 24.0
5 24.0
6 24.0
7 64.0
8 36.0
18 36.0
19 64.0
20 24.0
21 36.0
22 64.0
23 24.0
25 64.0
26 36.0
29 24.0
30 36.0
9 43.2
10 64.0
11 16.0
27 16.0
12 24.0
13 24.0
14 24.0
15 24.0
16 8.0
17 50.0
24 24.0
28 24.0
;
param cpu : 
0 1 2 3 4 5 6 7 8 9 10 11 12 13 14 15 := 
1 8.0 8.0 8.0 8.0 8.0 8.0 9.523809523809524 9.523809523809524 8.0 8.0 8.0 8.0 9.090909090909092 9.090909090909092 9.523809523809524 9.523809523809524 
2 2.0 2.0 2.0 2.0 2.0 2.0 2.380952380952381 2.380952380952381 2.0 2.0 2.0 2.0 2.272727272727273 2.272727272727273 2.380952380952381 2.380952380952381 
3 8.0 8.0 8.0 8.0 8.0 8.0 9.523809523809524 9.523809523809524 8.0 8.0 8.0 8.0 9.090909090909092 9.090909090909092 9.523809523809524 9.523809523809524 
4 2.0 2.0 2.0 2.0 2.0 2.0 2.380952380952381 2.380952380952381 2.0 2.0 2.0 2.0 2.272727272727273 2.272727272727273 2.380952380952381 2.380952380952381 
5 2.0 2.0 2.0 2.0 2.0 2.0 2.380952380952381 2.380952380952381 2.0 2.0 2.0 2.0 2.272727272727273 2.272727272727273 2.380952380952381 2.380952380952381 
6 2.0 2.0 2.0 2.0 2.0 2.0 2.380952380952381 2.380952380952381 2.0 2.0 2.0 2.0 2.272727272727273 2.272727272727273 2.380952380952381 2.380952380952381 
7 16.0 16.0 16.0 16.0 16.0 16.0 19.047619047619047 19.047619047619047 16.0 16.0 16.0 16.0 18.181818181818183 18.181818181818183 19.047619047619047 19.047619047619047 
8 4.0 4.0 4.0 4.0 4.0 4.0 4.761904761904762 4.761904761904762 4.0 4.0 4.0 4.0 4.545454545454546 4.545454545454546 4.761904761904762 4.761904761904762 
18 4.0 4.0 4.0 4.0 4.0 4.0 4.761904761904762 4.761904761904762 4.0 4.0 4.0 4.0 4.545454545454546 4.545454545454546 4.761904761904762 4.761904761904762 
19 16.0 16.0 16.0 16.0 16.0 16.0 19.047619047619047 19.047619047619047 16.0 16.0 16.0 16.0 18.181818181818183 18.181818181818183 19.047619047619047 19.047619047619047 
20 2.0 2.0 2.0 2.0 2.0 2.0 2.380952380952381 2.380952380952381 2.0 2.0 2.0 2.0 2.272727272727273 2.272727272727273 2.380952380952381 2.380952380952381 
21 4.0 4.0 4.0 4.0 4.0 4.0 4.761904761904762 4.761904761904762 4.0 4.0 4.0 4.0 4.545454545454546 4.545454545454546 4.761904761904762 4.761904761904762 
22 16.0 16.0 16.0 16.0 16.0 16.0 19.047619047619047 19.047619047619047 16.0 16.0 16.0 16.0 18.181818181818183 18.181818181818183 19.047619047619047 19.047619047619047 
23 2.0 2.0 2.0 2.0 2.0 2.0 2.380952380952381 2.380952380952381 2.0 2.0 2.0 2.0 2.272727272727273 2.272727272727273 2.380952380952381 2.380952380952381 
25 16.0 16.0 16.0 16.0 16.0 16.0 19.047619047619047 19.047619047619047 16.0 16.0 16.0 16.0 18.181818181818183 18.181818181818183 19.047619047619047 19.047619047619047 
26 4.0 4.0 4.0 4.0 4.0 4.0 4.761904761904762 4.761904761904762 4.0 4.0 4.0 4.0 4.545454545454546 4.545454545454546 4.761904761904762 4.761904761904762 
29 2.0 2.0 2.0 2.0 2.0 2.0 2.380952380952381 2.380952380952381 2.0 2.0 2.0 2.0 2.272727272727273 2.272727272727273 2.380952380952381 2.380952380952381 
30 4.0 4.0 4.0 4.0 4.0 4.0 4.761904761904762 4.761904761904762 4.0 4.0 4.0 4.0 4.545454545454546 4.545454545454546 4.761904761904762 4.761904761904762 
9 8.0 8.0 8.0 8.0 8.0 8.0 9.523809523809524 9.523809523809524 8.0 8.0 8.0 8.0 9.090909090909092 9.090909090909092 9.523809523809524 9.523809523809524 
10 16.0 16.0 16.0 16.0 16.0 16.0 19.047619047619047 19.047619047619047 16.0 16.0 16.0 16.0 18.181818181818183 18.181818181818183 19.047619047619047 19.047619047619047 
11 2.0 2.0 2.0 2.0 2.0 2.0 2.380952380952381 2.380952380952381 2.0 2.0 2.0 2.0 2.272727272727273 2.272727272727273 2.380952380952381 2.380952380952381 
27 2.0 2.0 2.0 2.0 2.0 2.0 2.380952380952381 2.380952380952381 2.0 2.0 2.0 2.0 2.272727272727273 2.272727272727273 2.380952380952381 2.380952380952381 
12 2.0 2.0 2.0 2.0 2.0 2.0 2.380952380952381 2.380952380952381 2.0 2.0 2.0 2.0 2.272727272727273 2.272727272727273 2.380952380952381 2.380952380952381 
13 2.0 2.0 2.0 2.0 2.0 2.0 2.380952380952381 2.380952380952381 2.0 2.0 2.0 2.0 2.272727272727273 2.272727272727273 2.380952380952381 2.380952380952381 
14 2.0 2.0 2.0 2.0 2.0 2.0 2.380952380952381 2.380952380952381 2.0 2.0 2.0 2.0 2.272727272727273 2.272727272727273 2.380952380952381 2.380952380952381 
15 2.0 2.0 2.0 2.0 2.0 2.0 2.380952380952381 2.380952380952381 2.0 2.0 2.0 2.0 2.272727272727273 2.272727272727273 2.380952380952381 2.380952380952381 
16 1.0 1.0 1.0 1.0 1.0 1.0 1.1904761904761905 1.1904761904761905 1.0 1.0 1.0 1.0 1.1363636363636365 1.1363636363636365 1.1904761904761905 1.1904761904761905 
17 8.0 8.0 8.0 8.0 8.0 8.0 9.523809523809524 9.523809523809524 8.0 8.0 8.0 8.0 9.090909090909092 9.090909090909092 9.523809523809524 9.523809523809524 
24 2.0 2.0 2.0 2.0 2.0 2.0 2.380952380952381 2.380952380952381 2.0 2.0 2.0 2.0 2.272727272727273 2.272727272727273 2.380952380952381 2.380952380952381 
28 2.0 2.0 2.0 2.0 2.0 2.0 2.380952380952381 2.380952380952381 2.0 2.0 2.0 2.0 2.272727272727273 2.272727272727273 2.380952380952381 2.380952380952381 
;
set c_0 := 0;
param d := 
[0,*,*] : 
0 1 2 3 := 
0 0 0.00868 0 0 
1 0.37200000000000005 0 0.00868 0 
2 0 0.028644000000000003 0 0.00868 
3 0 0 0.0085932 0 
[1,*,*] : 
0 4 5 6 7 8 18 19 20 21 22 23 25 26 29 30 := 
0 0 0.004233333333333333 0.004233333333333333 0.004233333333333333 0 0 0 0 0.004233333333333333 0 0 0.004233333333333333 0 0 0.004233333333333333 0 
4 0.18142857142857147 0 0 0 0.0010583333333333332 0 0 0.0010583333333333332 0 0 0.0010583333333333332 0 0.0010583333333333332 0 0 0 
5 0.18142857142857147 0 0 0 0.0010583333333333332 0 0 0.0010583333333333332 0 0 0.0010583333333333332 0 0.0010583333333333332 0 0 0 
6 0.18142857142857147 0 0 0 0.0010583333333333332 0 0 0.0010583333333333332 0 0 0.0010583333333333332 0 0.0010583333333333332 0 0 0 
7 0 0.003492500000000001 0.003492500000000001 0.003492500000000001 0 0.0012699999999999999 0.0012699999999999999 0 0.003492500000000001 0.0012699999999999999 0 0.003492500000000001 0 0.0012699999999999999 0.003492500000000001 0.0012699999999999999 
8 0 0 0 0 0.023469600000000004 0 0 0.023469600000000004 0 0 0.023469600000000004 0 0.023469600000000004 0 0 0 
18 0 0 0 0 0.023469600000000004 0 0 0.023469600000000004 0 0 0.023469600000000004 0 0.023469600000000004 0 0 0 
19 0 0.003492500000000001 0.003492500000000001 0.003492500000000001 0 0.0012699999999999999 0.0012699999999999999 0 0.003492500000000001 0.0012699999999999999 0 0.003492500000000001 0 0.0012699999999999999 0.003492500000000001 0.0012699999999999999 
20 0.18142857142857147 0 0 0 0.0010583333333333332 0 0 0.0010583333333333332 0 0 0.0010583333333333332 0 0.0010583333333333332 0 0 0 
21 0 0 0 0 0.023469600000000004 0 0 0.023469600000000004 0 0 0.023469600000000004 0 0.023469600000000004 0 0 0 
22 0 0.003492500000000001 0.003492500000000001 0.003492500000000001 0 0.0012699999999999999 0.0012699999999999999 0 0.003492500000000001 0.0012699999999999999 0 0.003492500000000001 0 0.0012699999999999999 0.003492500000000001 0.0012699999999999999 
23 0.18142857142857147 0 0 0 0.0010583333333333332 0 0 0.0010583333333333332 0 0 0.0010583333333333332 0 0.0010583333333333332 0 0 0 
25 0 0.003492500000000001 0.003492500000000001 0.003492500000000001 0 0.0012699999999999999 0.0012699999999999999 0 0.003492500000000001 0.0012699999999999999 0 0.003492500000000001 0 0.0012699999999999999 0.003492500000000001 0.0012699999999999999 
26 0 0 0 0 0.023469600000000004 0 0 0.023469600000000004 0 0 0.023469600000000004 0 0.023469600000000004 0 0 0 
29 0.18142857142857147 0 0 0 0.0010583333333333332 0 0 0.0010583333333333332 0 0 0.0010583333333333332 0 0.0010583333333333332 0 0 0 
30 0 0 0 0 0.023469600000000004 0 0 0.023469600000000004 0 0 0.023469600000000004 0 0.023469600000000004 0 0 0 
[2,*,*] : 
0 9 10 11 27 := 
0 0 0.015808 0 0 0 
9 0.6774857142857144 0 0.015808 0 0 
10 0 0.0521664 0 0.007904 0.007904 
11 0 0 0.04694976 0 0 
27 0 0 0.04694976 0 0 
[3,*,*] : 
0 12 13 14 15 16 17 24 28 := 
0 0 0.004346666666666666 0.004346666666666666 0.004346666666666666 0.004346666666666666 0 0 0.004346666666666666 0.004346666666666666 
12 1.2170666666666665 0 0 0 0 0.004346666666666666 0 0 0 
13 1.2170666666666665 0 0 0 0 0.004346666666666666 0 0 0 
14 1.2170666666666665 0 0 0 0 0.004346666666666666 0 0 0 
15 1.2170666666666665 0 0 0 0 0.004346666666666666 0 0 0 
16 0 0.006085333333333332 0.006085333333333332 0.006085333333333332 0.006085333333333332 0 0.02608 0.006085333333333332 0.006085333333333332 
17 0 0 0 0 0 0.0766752 0 0 0 
24 1.2170666666666665 0 0 0 0 0.004346666666666666 0 0 0 
28 1.2170666666666665 0 0 0 0 0.004346666666666666 0 0 0 
;
param x_bar : 0 1 2 3 4 5 6 7 8 9 10 11 12 13 14 15  := 
0 0 0 0 0 0 0 0 0 0 0 0 0 0 0 0 0 
;
