data;
set C_bar :=  ;
set C :=  1 2 3 4 5 6 7 8 9 10 11 12 13 14 15 16 17 18 19 20 21 22 23 24 25 26 27 28 29 30 ;
set R := 0 1 2 3 ;
set C_r[0] :=  
1 2 3 4 5 6 7 8 9 10 11 12 13 ;
set C_r[1] :=  
14 15 16 17 18 19 ;
set C_r[2] :=  
20 21 22 ;
set C_r[3] :=  
23 24 25 26 27 28 29 30 ;
set S :=  0 1 2 3 4 5 6 7 8 9 10 11 12 13 14 15 ;
set S_u :=  0 1 2 3 4 5 6 7 8 9 10 11 12 13 14 15 ;
set Rack :=  0 1 2 3 4 5 6 7 ;
param COST : 0 1 2 3 4 5 6 7 8 9 10 11 12 13 14 15 :=
0 0 1 3 3 5 5 5 5 5 5 5 5 5 5 5 5 
1 1 0 3 3 5 5 5 5 5 5 5 5 5 5 5 5 
2 3 3 0 1 5 5 5 5 5 5 5 5 5 5 5 5 
3 3 3 1 0 5 5 5 5 5 5 5 5 5 5 5 5 
4 5 5 5 5 0 1 3 3 5 5 5 5 5 5 5 5 
5 5 5 5 5 1 0 3 3 5 5 5 5 5 5 5 5 
6 5 5 5 5 3 3 0 1 5 5 5 5 5 5 5 5 
7 5 5 5 5 3 3 1 0 5 5 5 5 5 5 5 5 
8 5 5 5 5 5 5 5 5 0 1 3 3 5 5 5 5 
9 5 5 5 5 5 5 5 5 1 0 3 3 5 5 5 5 
10 5 5 5 5 5 5 5 5 3 3 0 1 5 5 5 5 
11 5 5 5 5 5 5 5 5 3 3 1 0 5 5 5 5 
12 5 5 5 5 5 5 5 5 5 5 5 5 0 1 3 3 
13 5 5 5 5 5 5 5 5 5 5 5 5 1 0 3 3 
14 5 5 5 5 5 5 5 5 5 5 5 5 3 3 0 1 
15 5 5 5 5 5 5 5 5 5 5 5 5 3 3 1 0 
;
set S_rack[0] :=  
0 1 ;
set S_rack[1] :=  
2 3 ;
set S_rack[2] :=  
4 5 ;
set S_rack[3] :=  
6 7 ;
set S_rack[4] :=  
8 9 ;
set S_rack[5] :=  
10 11 ;
set S_rack[6] :=  
12 13 ;
set S_rack[7] :=  
14 15 ;
param CPU := 
0 44.0
1 44.0
2 56.0
3 56.0
4 56.0
5 56.0
6 28.0
7 28.0
8 28.0
9 28.0
10 44.0
11 44.0
12 28.0
13 28.0
14 56.0
15 56.0
;
param MEM := 
0 128.0
1 128.0
2 192.0
3 192.0
4 192.0
5 192.0
6 96.0
7 96.0
8 48.0
9 48.0
10 128.0
11 128.0
12 48.0
13 48.0
14 192.0
15 192.0
;
param DISK := 
0 256.0
1 256.0
2 384.0
3 384.0
4 384.0
5 384.0
6 192.0
7 192.0
8 96.0
9 96.0
10 256.0
11 256.0
12 96.0
13 96.0
14 384.0
15 384.0
;
param BDW_out := 
0 10.0
1 10.0
2 10.0
3 10.0
4 10.0
5 10.0
6 10.0
7 10.0
8 10.0
9 10.0
10 10.0
11 10.0
12 10.0
13 10.0
14 10.0
15 10.0
;
param BDW_in := 
0 10.0
1 10.0
2 10.0
3 10.0
4 10.0
5 10.0
6 10.0
7 10.0
8 10.0
9 10.0
10 10.0
11 10.0
12 10.0
13 10.0
14 10.0
15 10.0
;
param mem := 
1 16.0
2 16.0
3 16.0
4 16.0
5 16.0
6 16.0
7 16.0
8 16.0
9 16.0
10 16.0
11 16.0
12 8.0
13 32.0
14 8.0
15 8.0
16 8.0
17 8.0
18 64.0
19 16.0
20 32.0
21 32.0
22 32.0
23 32.0
24 32.0
25 32.0
26 32.0
27 32.0
28 32.0
29 2.0
30 16.0
;
param disk := 
1 36.0
2 36.0
3 36.0
4 36.0
5 36.0
6 36.0
7 36.0
8 36.0
9 36.0
10 36.0
11 36.0
12 24.0
13 50.0
14 24.0
15 24.0
16 24.0
17 24.0
18 64.0
19 36.0
20 43.2
21 50.0
22 50.0
23 50.0
24 50.0
25 50.0
26 50.0
27 50.0
28 50.0
29 8.0
30 36.0
;
param cpu : 
0 1 2 3 4 5 6 7 8 9 10 11 12 13 14 15 := 
1 4.545454545454546 4.545454545454546 4.0 4.0 4.0 4.0 4.761904761904762 4.761904761904762 4.0 4.0 4.545454545454546 4.545454545454546 4.0 4.0 4.0 4.0 
2 4.545454545454546 4.545454545454546 4.0 4.0 4.0 4.0 4.761904761904762 4.761904761904762 4.0 4.0 4.545454545454546 4.545454545454546 4.0 4.0 4.0 4.0 
3 4.545454545454546 4.545454545454546 4.0 4.0 4.0 4.0 4.761904761904762 4.761904761904762 4.0 4.0 4.545454545454546 4.545454545454546 4.0 4.0 4.0 4.0 
4 4.545454545454546 4.545454545454546 4.0 4.0 4.0 4.0 4.761904761904762 4.761904761904762 4.0 4.0 4.545454545454546 4.545454545454546 4.0 4.0 4.0 4.0 
5 4.545454545454546 4.545454545454546 4.0 4.0 4.0 4.0 4.761904761904762 4.761904761904762 4.0 4.0 4.545454545454546 4.545454545454546 4.0 4.0 4.0 4.0 
6 4.545454545454546 4.545454545454546 4.0 4.0 4.0 4.0 4.761904761904762 4.761904761904762 4.0 4.0 4.545454545454546 4.545454545454546 4.0 4.0 4.0 4.0 
7 4.545454545454546 4.545454545454546 4.0 4.0 4.0 4.0 4.761904761904762 4.761904761904762 4.0 4.0 4.545454545454546 4.545454545454546 4.0 4.0 4.0 4.0 
8 4.545454545454546 4.545454545454546 4.0 4.0 4.0 4.0 4.761904761904762 4.761904761904762 4.0 4.0 4.545454545454546 4.545454545454546 4.0 4.0 4.0 4.0 
9 4.545454545454546 4.545454545454546 4.0 4.0 4.0 4.0 4.761904761904762 4.761904761904762 4.0 4.0 4.545454545454546 4.545454545454546 4.0 4.0 4.0 4.0 
10 4.545454545454546 4.545454545454546 4.0 4.0 4.0 4.0 4.761904761904762 4.761904761904762 4.0 4.0 4.545454545454546 4.545454545454546 4.0 4.0 4.0 4.0 
11 4.545454545454546 4.545454545454546 4.0 4.0 4.0 4.0 4.761904761904762 4.761904761904762 4.0 4.0 4.545454545454546 4.545454545454546 4.0 4.0 4.0 4.0 
12 2.272727272727273 2.272727272727273 2.0 2.0 2.0 2.0 2.380952380952381 2.380952380952381 2.0 2.0 2.272727272727273 2.272727272727273 2.0 2.0 2.0 2.0 
13 9.090909090909092 9.090909090909092 8.0 8.0 8.0 8.0 9.523809523809524 9.523809523809524 8.0 8.0 9.090909090909092 9.090909090909092 8.0 8.0 8.0 8.0 
14 2.272727272727273 2.272727272727273 2.0 2.0 2.0 2.0 2.380952380952381 2.380952380952381 2.0 2.0 2.272727272727273 2.272727272727273 2.0 2.0 2.0 2.0 
15 2.272727272727273 2.272727272727273 2.0 2.0 2.0 2.0 2.380952380952381 2.380952380952381 2.0 2.0 2.272727272727273 2.272727272727273 2.0 2.0 2.0 2.0 
16 2.272727272727273 2.272727272727273 2.0 2.0 2.0 2.0 2.380952380952381 2.380952380952381 2.0 2.0 2.272727272727273 2.272727272727273 2.0 2.0 2.0 2.0 
17 2.272727272727273 2.272727272727273 2.0 2.0 2.0 2.0 2.380952380952381 2.380952380952381 2.0 2.0 2.272727272727273 2.272727272727273 2.0 2.0 2.0 2.0 
18 18.181818181818183 18.181818181818183 16.0 16.0 16.0 16.0 19.047619047619047 19.047619047619047 16.0 16.0 18.181818181818183 18.181818181818183 16.0 16.0 16.0 16.0 
19 4.545454545454546 4.545454545454546 4.0 4.0 4.0 4.0 4.761904761904762 4.761904761904762 4.0 4.0 4.545454545454546 4.545454545454546 4.0 4.0 4.0 4.0 
20 9.090909090909092 9.090909090909092 8.0 8.0 8.0 8.0 9.523809523809524 9.523809523809524 8.0 8.0 9.090909090909092 9.090909090909092 8.0 8.0 8.0 8.0 
21 9.090909090909092 9.090909090909092 8.0 8.0 8.0 8.0 9.523809523809524 9.523809523809524 8.0 8.0 9.090909090909092 9.090909090909092 8.0 8.0 8.0 8.0 
22 9.090909090909092 9.090909090909092 8.0 8.0 8.0 8.0 9.523809523809524 9.523809523809524 8.0 8.0 9.090909090909092 9.090909090909092 8.0 8.0 8.0 8.0 
23 9.090909090909092 9.090909090909092 8.0 8.0 8.0 8.0 9.523809523809524 9.523809523809524 8.0 8.0 9.090909090909092 9.090909090909092 8.0 8.0 8.0 8.0 
24 9.090909090909092 9.090909090909092 8.0 8.0 8.0 8.0 9.523809523809524 9.523809523809524 8.0 8.0 9.090909090909092 9.090909090909092 8.0 8.0 8.0 8.0 
25 9.090909090909092 9.090909090909092 8.0 8.0 8.0 8.0 9.523809523809524 9.523809523809524 8.0 8.0 9.090909090909092 9.090909090909092 8.0 8.0 8.0 8.0 
26 9.090909090909092 9.090909090909092 8.0 8.0 8.0 8.0 9.523809523809524 9.523809523809524 8.0 8.0 9.090909090909092 9.090909090909092 8.0 8.0 8.0 8.0 
27 9.090909090909092 9.090909090909092 8.0 8.0 8.0 8.0 9.523809523809524 9.523809523809524 8.0 8.0 9.090909090909092 9.090909090909092 8.0 8.0 8.0 8.0 
28 9.090909090909092 9.090909090909092 8.0 8.0 8.0 8.0 9.523809523809524 9.523809523809524 8.0 8.0 9.090909090909092 9.090909090909092 8.0 8.0 8.0 8.0 
29 1.1363636363636365 1.1363636363636365 1.0 1.0 1.0 1.0 1.1904761904761905 1.1904761904761905 1.0 1.0 1.1363636363636365 1.1363636363636365 1.0 1.0 1.0 1.0 
30 4.545454545454546 4.545454545454546 4.0 4.0 4.0 4.0 4.761904761904762 4.761904761904762 4.0 4.0 4.545454545454546 4.545454545454546 4.0 4.0 4.0 4.0 
;
set c_0 := 0;
param d := 
[0,*,*] : 
0 1 2 3 4 5 6 7 8 9 10 11 12 13 := 
0 0 0.002493090909090909 0.002493090909090909 0.002493090909090909 0.002493090909090909 0.002493090909090909 0.002493090909090909 0.002493090909090909 0.002493090909090909 0.002493090909090909 0.002493090909090909 0.002493090909090909 0 0 
1 0.6980654545454545 0 0 0 0 0 0 0 0 0 0 0 0.002493090909090909 0 
2 0.6980654545454545 0 0 0 0 0 0 0 0 0 0 0 0.002493090909090909 0 
3 0.6980654545454545 0 0 0 0 0 0 0 0 0 0 0 0.002493090909090909 0 
4 0.6980654545454545 0 0 0 0 0 0 0 0 0 0 0 0.002493090909090909 0 
5 0.6980654545454545 0 0 0 0 0 0 0 0 0 0 0 0.002493090909090909 0 
6 0.6980654545454545 0 0 0 0 0 0 0 0 0 0 0 0.002493090909090909 0 
7 0.6980654545454545 0 0 0 0 0 0 0 0 0 0 0 0.002493090909090909 0 
8 0.6980654545454545 0 0 0 0 0 0 0 0 0 0 0 0.002493090909090909 0 
9 0.6980654545454545 0 0 0 0 0 0 0 0 0 0 0 0.002493090909090909 0 
10 0.6980654545454545 0 0 0 0 0 0 0 0 0 0 0 0.002493090909090909 0 
11 0.6980654545454545 0 0 0 0 0 0 0 0 0 0 0 0.002493090909090909 0 
12 0 0.0034903272727272727 0.0034903272727272727 0.0034903272727272727 0.0034903272727272727 0.0034903272727272727 0.0034903272727272727 0.0034903272727272727 0.0034903272727272727 0.0034903272727272727 0.0034903272727272727 0.0034903272727272727 0 0.027424 
13 0 0 0 0 0 0 0 0 0 0 0 0 0.00767872 0 
[1,*,*] : 
0 14 15 16 17 18 19 := 
0 0 0.007082 0.007082 0.007082 0.007082 0 0 
14 1.9829599999999998 0 0 0 0 0.007082 0 
15 1.9829599999999998 0 0 0 0 0.007082 0 
16 1.9829599999999998 0 0 0 0 0.007082 0 
17 1.9829599999999998 0 0 0 0 0.007082 0 
18 0 0.0099148 0.0099148 0.0099148 0.0099148 0 0.028328 
19 0 0 0 0 0 0.2181256 0 
[2,*,*] : 
0 20 21 22 := 
0 0 0.00824 0 0 
20 2.3072000000000004 0 0.00824 0 
21 0 0.011536000000000003 0 0.00824 
22 0 0 0.05306560000000001 0 
[3,*,*] : 
0 23 24 25 26 27 28 29 30 := 
0 0 0.003090666666666667 0.003090666666666667 0.003090666666666667 0.003090666666666667 0.003090666666666667 0.003090666666666667 0 0 
23 0.8653866666666667 0 0 0 0 0 0 0.003090666666666667 0 
24 0.8653866666666667 0 0 0 0 0 0 0.003090666666666667 0 
25 0.8653866666666667 0 0 0 0 0 0 0.003090666666666667 0 
26 0.8653866666666667 0 0 0 0 0 0 0.003090666666666667 0 
27 0.8653866666666667 0 0 0 0 0 0 0.003090666666666667 0 
28 0.8653866666666667 0 0 0 0 0 0 0.003090666666666667 0 
29 0 0.004326933333333334 0.004326933333333334 0.004326933333333334 0.004326933333333334 0.004326933333333334 0.004326933333333334 0 0.018544 
30 0 0 0 0 0 0 0 0.15317344000000002 0 
;
param x_bar : 0 1 2 3 4 5 6 7 8 9 10 11 12 13 14 15  := 
0 0 0 0 0 0 0 0 0 0 0 0 0 0 0 0 0 
;
