data;
set C_bar :=  ;
set C :=  1 2 3 25 26 27 30 4 5 6 7 8 22 23 24 28 29 9 10 11 12 13 14 15 16 17 18 19 20 21 ;
set R := 0 1 2 3 ;
set C_r[0] :=  
1 2 3 25 26 27 30 ;
set C_r[1] :=  
4 5 6 7 8 22 23 24 28 29 ;
set C_r[2] :=  
9 10 11 ;
set C_r[3] :=  
12 13 14 15 16 17 18 19 20 21 ;
set S :=  0 1 2 3 4 5 6 7 8 9 10 11 12 13 14 15 ;
set S_u :=  0 1 2 3 4 5 6 7 8 9 10 11 12 13 14 15 ;
set Rack :=  0 1 2 3 4 5 6 7 ;
param COST : 0 1 2 3 4 5 6 7 8 9 10 11 12 13 14 15 :=
0 0 1 3 3 5 5 5 5 5 5 5 5 5 5 5 5 
1 1 0 3 3 5 5 5 5 5 5 5 5 5 5 5 5 
2 3 3 0 1 5 5 5 5 5 5 5 5 5 5 5 5 
3 3 3 1 0 5 5 5 5 5 5 5 5 5 5 5 5 
4 5 5 5 5 0 1 3 3 5 5 5 5 5 5 5 5 
5 5 5 5 5 1 0 3 3 5 5 5 5 5 5 5 5 
6 5 5 5 5 3 3 0 1 5 5 5 5 5 5 5 5 
7 5 5 5 5 3 3 1 0 5 5 5 5 5 5 5 5 
8 5 5 5 5 5 5 5 5 0 1 3 3 5 5 5 5 
9 5 5 5 5 5 5 5 5 1 0 3 3 5 5 5 5 
10 5 5 5 5 5 5 5 5 3 3 0 1 5 5 5 5 
11 5 5 5 5 5 5 5 5 3 3 1 0 5 5 5 5 
12 5 5 5 5 5 5 5 5 5 5 5 5 0 1 3 3 
13 5 5 5 5 5 5 5 5 5 5 5 5 1 0 3 3 
14 5 5 5 5 5 5 5 5 5 5 5 5 3 3 0 1 
15 5 5 5 5 5 5 5 5 5 5 5 5 3 3 1 0 
;
set S_rack[0] :=  
0 1 ;
set S_rack[1] :=  
2 3 ;
set S_rack[2] :=  
4 5 ;
set S_rack[3] :=  
6 7 ;
set S_rack[4] :=  
8 9 ;
set S_rack[5] :=  
10 11 ;
set S_rack[6] :=  
12 13 ;
set S_rack[7] :=  
14 15 ;
param CPU := 
0 56.0
1 56.0
2 28.0
3 28.0
4 28.0
5 28.0
6 56.0
7 56.0
8 56.0
9 56.0
10 56.0
11 56.0
12 28.0
13 28.0
14 28.0
15 28.0
;
param MEM := 
0 192.0
1 192.0
2 48.0
3 48.0
4 96.0
5 96.0
6 192.0
7 192.0
8 192.0
9 192.0
10 192.0
11 192.0
12 96.0
13 96.0
14 96.0
15 96.0
;
param DISK := 
0 384.0
1 384.0
2 96.0
3 96.0
4 192.0
5 192.0
6 384.0
7 384.0
8 384.0
9 384.0
10 384.0
11 384.0
12 192.0
13 192.0
14 192.0
15 192.0
;
param BDW_out := 
0 10.0
1 10.0
2 10.0
3 10.0
4 10.0
5 10.0
6 10.0
7 10.0
8 10.0
9 10.0
10 10.0
11 10.0
12 10.0
13 10.0
14 10.0
15 10.0
;
param BDW_in := 
0 10.0
1 10.0
2 10.0
3 10.0
4 10.0
5 10.0
6 10.0
7 10.0
8 10.0
9 10.0
10 10.0
11 10.0
12 10.0
13 10.0
14 10.0
15 10.0
;
param mem := 
1 4.0
2 8.0
3 8.0
25 4.0
26 8.0
27 8.0
30 8.0
4 32.0
5 32.0
6 32.0
7 8.0
8 2.0
22 8.0
23 8.0
24 8.0
28 32.0
29 2.0
9 2.0
10 16.0
11 4.0
12 16.0
13 16.0
14 16.0
15 16.0
16 16.0
17 16.0
18 16.0
19 16.0
20 4.0
21 32.0
;
param disk := 
1 16.0
2 24.0
3 24.0
25 16.0
26 24.0
27 24.0
30 24.0
4 50.0
5 50.0
6 50.0
7 24.0
8 8.0
22 24.0
23 24.0
24 24.0
28 50.0
29 8.0
9 8.0
10 36.0
11 16.0
12 36.0
13 36.0
14 36.0
15 36.0
16 36.0
17 36.0
18 36.0
19 36.0
20 16.0
21 43.2
;
param cpu : 
0 1 2 3 4 5 6 7 8 9 10 11 12 13 14 15 := 
1 2.0 2.0 2.0 2.0 2.380952380952381 2.380952380952381 2.0 2.0 2.0 2.0 2.0 2.0 2.380952380952381 2.380952380952381 2.380952380952381 2.380952380952381 
2 2.0 2.0 2.0 2.0 2.380952380952381 2.380952380952381 2.0 2.0 2.0 2.0 2.0 2.0 2.380952380952381 2.380952380952381 2.380952380952381 2.380952380952381 
3 2.0 2.0 2.0 2.0 2.380952380952381 2.380952380952381 2.0 2.0 2.0 2.0 2.0 2.0 2.380952380952381 2.380952380952381 2.380952380952381 2.380952380952381 
25 2.0 2.0 2.0 2.0 2.380952380952381 2.380952380952381 2.0 2.0 2.0 2.0 2.0 2.0 2.380952380952381 2.380952380952381 2.380952380952381 2.380952380952381 
26 2.0 2.0 2.0 2.0 2.380952380952381 2.380952380952381 2.0 2.0 2.0 2.0 2.0 2.0 2.380952380952381 2.380952380952381 2.380952380952381 2.380952380952381 
27 2.0 2.0 2.0 2.0 2.380952380952381 2.380952380952381 2.0 2.0 2.0 2.0 2.0 2.0 2.380952380952381 2.380952380952381 2.380952380952381 2.380952380952381 
30 2.0 2.0 2.0 2.0 2.380952380952381 2.380952380952381 2.0 2.0 2.0 2.0 2.0 2.0 2.380952380952381 2.380952380952381 2.380952380952381 2.380952380952381 
4 8.0 8.0 8.0 8.0 9.523809523809524 9.523809523809524 8.0 8.0 8.0 8.0 8.0 8.0 9.523809523809524 9.523809523809524 9.523809523809524 9.523809523809524 
5 8.0 8.0 8.0 8.0 9.523809523809524 9.523809523809524 8.0 8.0 8.0 8.0 8.0 8.0 9.523809523809524 9.523809523809524 9.523809523809524 9.523809523809524 
6 8.0 8.0 8.0 8.0 9.523809523809524 9.523809523809524 8.0 8.0 8.0 8.0 8.0 8.0 9.523809523809524 9.523809523809524 9.523809523809524 9.523809523809524 
7 2.0 2.0 2.0 2.0 2.380952380952381 2.380952380952381 2.0 2.0 2.0 2.0 2.0 2.0 2.380952380952381 2.380952380952381 2.380952380952381 2.380952380952381 
8 1.0 1.0 1.0 1.0 1.1904761904761905 1.1904761904761905 1.0 1.0 1.0 1.0 1.0 1.0 1.1904761904761905 1.1904761904761905 1.1904761904761905 1.1904761904761905 
22 2.0 2.0 2.0 2.0 2.380952380952381 2.380952380952381 2.0 2.0 2.0 2.0 2.0 2.0 2.380952380952381 2.380952380952381 2.380952380952381 2.380952380952381 
23 2.0 2.0 2.0 2.0 2.380952380952381 2.380952380952381 2.0 2.0 2.0 2.0 2.0 2.0 2.380952380952381 2.380952380952381 2.380952380952381 2.380952380952381 
24 2.0 2.0 2.0 2.0 2.380952380952381 2.380952380952381 2.0 2.0 2.0 2.0 2.0 2.0 2.380952380952381 2.380952380952381 2.380952380952381 2.380952380952381 
28 8.0 8.0 8.0 8.0 9.523809523809524 9.523809523809524 8.0 8.0 8.0 8.0 8.0 8.0 9.523809523809524 9.523809523809524 9.523809523809524 9.523809523809524 
29 1.0 1.0 1.0 1.0 1.1904761904761905 1.1904761904761905 1.0 1.0 1.0 1.0 1.0 1.0 1.1904761904761905 1.1904761904761905 1.1904761904761905 1.1904761904761905 
9 1.0 1.0 1.0 1.0 1.1904761904761905 1.1904761904761905 1.0 1.0 1.0 1.0 1.0 1.0 1.1904761904761905 1.1904761904761905 1.1904761904761905 1.1904761904761905 
10 4.0 4.0 4.0 4.0 4.761904761904762 4.761904761904762 4.0 4.0 4.0 4.0 4.0 4.0 4.761904761904762 4.761904761904762 4.761904761904762 4.761904761904762 
11 2.0 2.0 2.0 2.0 2.380952380952381 2.380952380952381 2.0 2.0 2.0 2.0 2.0 2.0 2.380952380952381 2.380952380952381 2.380952380952381 2.380952380952381 
12 4.0 4.0 4.0 4.0 4.761904761904762 4.761904761904762 4.0 4.0 4.0 4.0 4.0 4.0 4.761904761904762 4.761904761904762 4.761904761904762 4.761904761904762 
13 4.0 4.0 4.0 4.0 4.761904761904762 4.761904761904762 4.0 4.0 4.0 4.0 4.0 4.0 4.761904761904762 4.761904761904762 4.761904761904762 4.761904761904762 
14 4.0 4.0 4.0 4.0 4.761904761904762 4.761904761904762 4.0 4.0 4.0 4.0 4.0 4.0 4.761904761904762 4.761904761904762 4.761904761904762 4.761904761904762 
15 4.0 4.0 4.0 4.0 4.761904761904762 4.761904761904762 4.0 4.0 4.0 4.0 4.0 4.0 4.761904761904762 4.761904761904762 4.761904761904762 4.761904761904762 
16 4.0 4.0 4.0 4.0 4.761904761904762 4.761904761904762 4.0 4.0 4.0 4.0 4.0 4.0 4.761904761904762 4.761904761904762 4.761904761904762 4.761904761904762 
17 4.0 4.0 4.0 4.0 4.761904761904762 4.761904761904762 4.0 4.0 4.0 4.0 4.0 4.0 4.761904761904762 4.761904761904762 4.761904761904762 4.761904761904762 
18 4.0 4.0 4.0 4.0 4.761904761904762 4.761904761904762 4.0 4.0 4.0 4.0 4.0 4.0 4.761904761904762 4.761904761904762 4.761904761904762 4.761904761904762 
19 4.0 4.0 4.0 4.0 4.761904761904762 4.761904761904762 4.0 4.0 4.0 4.0 4.0 4.0 4.761904761904762 4.761904761904762 4.761904761904762 4.761904761904762 
20 2.0 2.0 2.0 2.0 2.380952380952381 2.380952380952381 2.0 2.0 2.0 2.0 2.0 2.0 2.380952380952381 2.380952380952381 2.380952380952381 2.380952380952381 
21 8.0 8.0 8.0 8.0 9.523809523809524 9.523809523809524 8.0 8.0 8.0 8.0 8.0 8.0 9.523809523809524 9.523809523809524 9.523809523809524 9.523809523809524 
;
set c_0 := 0;
param d := 
[0,*,*] : 
0 1 2 3 25 26 27 30 := 
0 0 0.004832 0 0 0.004832 0 0 0 
1 0.20708571428571432 0 0.004832 0 0 0 0 0 
2 0 0.0159456 0 0.002416 0.0159456 0.002416 0.002416 0.002416 
3 0 0 0.0079728 0 0 0 0 0 
25 0.20708571428571432 0 0.004832 0 0 0 0 0 
26 0 0 0.0079728 0 0 0 0 0 
27 0 0 0.0079728 0 0 0 0 0 
30 0 0 0.0079728 0 0 0 0 0 
[1,*,*] : 
0 4 5 6 7 8 22 23 24 28 29 := 
0 0 0.002558 0.002558 0.002558 0 0 0 0 0 0.002558 0 
4 0.71624 0 0 0 6.395E-4 0 6.395E-4 6.395E-4 6.395E-4 0 0 
5 0.71624 0 0 0 6.395E-4 0 6.395E-4 6.395E-4 6.395E-4 0 0 
6 0.71624 0 0 0 6.395E-4 0 6.395E-4 6.395E-4 6.395E-4 0 0 
7 0 8.953E-4 8.953E-4 8.953E-4 0 0.001279 0 0 0 8.953E-4 0.001279 
8 0 0 0 0 0.01736882 0 0.01736882 0.01736882 0.01736882 0 0 
22 0 8.953E-4 8.953E-4 8.953E-4 0 0.001279 0 0 0 8.953E-4 0.001279 
23 0 8.953E-4 8.953E-4 8.953E-4 0 0.001279 0 0 0 8.953E-4 0.001279 
24 0 8.953E-4 8.953E-4 8.953E-4 0 0.001279 0 0 0 8.953E-4 0.001279 
28 0.71624 0 0 0 6.395E-4 0 6.395E-4 6.395E-4 6.395E-4 0 0 
29 0 0 0 0 0.01736882 0 0.01736882 0.01736882 0.01736882 0 0 
[2,*,*] : 
0 9 10 11 := 
0 0 0.014768 0 0 
9 0.6329142857142858 0 0.014768 0 
10 0 0.0487344 0 0.014768 
11 0 0 0.0243672 0 
[3,*,*] : 
0 12 13 14 15 16 17 18 19 20 21 := 
0 0 0.002586 0.002586 0.002586 0.002586 0.002586 0.002586 0.002586 0.002586 0 0 
12 0.7240800000000001 0 0 0 0 0 0 0 0 0.002586 0 
13 0.7240800000000001 0 0 0 0 0 0 0 0 0.002586 0 
14 0.7240800000000001 0 0 0 0 0 0 0 0 0.002586 0 
15 0.7240800000000001 0 0 0 0 0 0 0 0 0.002586 0 
16 0.7240800000000001 0 0 0 0 0 0 0 0 0.002586 0 
17 0.7240800000000001 0 0 0 0 0 0 0 0 0.002586 0 
18 0.7240800000000001 0 0 0 0 0 0 0 0 0.002586 0 
19 0.7240800000000001 0 0 0 0 0 0 0 0 0.002586 0 
20 0 0.0036204 0.0036204 0.0036204 0.0036204 0.0036204 0.0036204 0.0036204 0.0036204 0 0.020688 
21 0 0 0 0 0 0 0 0 0 0.15640128000000003 0 
;
param x_bar : 0 1 2 3 4 5 6 7 8 9 10 11 12 13 14 15  := 
0 0 0 0 0 0 0 0 0 0 0 0 0 0 0 0 0 
;
