data;
set C_bar :=  ;
set C :=  1 2 3 4 5 6 7 8 9 10 11 12 13 14 15 16 17 18 19 20 21 22 23 24 25 26 27 28 29 30 31 32 33 ;
set R := 0 1 2 3 ;
set C_r[0] :=  
1 2 3 4 5 ;
set C_r[1] :=  
6 7 8 9 ;
set C_r[2] :=  
10 11 12 13 14 15 16 17 18 19 20 21 22 23 24 25 26 27 28 29 30 ;
set C_r[3] :=  
31 32 33 ;
set S :=  0 1 2 3 4 5 6 7 8 9 10 11 12 13 14 15 ;
set S_u :=  0 1 2 3 4 5 6 7 8 9 10 11 12 13 14 15 ;
set Rack :=  0 1 2 3 4 5 6 7 ;
param COST : 0 1 2 3 4 5 6 7 8 9 10 11 12 13 14 15 :=
0 0 1 3 3 5 5 5 5 5 5 5 5 5 5 5 5 
1 1 0 3 3 5 5 5 5 5 5 5 5 5 5 5 5 
2 3 3 0 1 5 5 5 5 5 5 5 5 5 5 5 5 
3 3 3 1 0 5 5 5 5 5 5 5 5 5 5 5 5 
4 5 5 5 5 0 1 3 3 5 5 5 5 5 5 5 5 
5 5 5 5 5 1 0 3 3 5 5 5 5 5 5 5 5 
6 5 5 5 5 3 3 0 1 5 5 5 5 5 5 5 5 
7 5 5 5 5 3 3 1 0 5 5 5 5 5 5 5 5 
8 5 5 5 5 5 5 5 5 0 1 3 3 5 5 5 5 
9 5 5 5 5 5 5 5 5 1 0 3 3 5 5 5 5 
10 5 5 5 5 5 5 5 5 3 3 0 1 5 5 5 5 
11 5 5 5 5 5 5 5 5 3 3 1 0 5 5 5 5 
12 5 5 5 5 5 5 5 5 5 5 5 5 0 1 3 3 
13 5 5 5 5 5 5 5 5 5 5 5 5 1 0 3 3 
14 5 5 5 5 5 5 5 5 5 5 5 5 3 3 0 1 
15 5 5 5 5 5 5 5 5 5 5 5 5 3 3 1 0 
;
set S_rack[0] :=  
0 1 ;
set S_rack[1] :=  
2 3 ;
set S_rack[2] :=  
4 5 ;
set S_rack[3] :=  
6 7 ;
set S_rack[4] :=  
8 9 ;
set S_rack[5] :=  
10 11 ;
set S_rack[6] :=  
12 13 ;
set S_rack[7] :=  
14 15 ;
param CPU := 
0 56.0
1 56.0
2 56.0
3 56.0
4 44.0
5 44.0
6 56.0
7 56.0
8 44.0
9 44.0
10 28.0
11 28.0
12 56.0
13 56.0
14 56.0
15 56.0
;
param MEM := 
0 192.0
1 192.0
2 192.0
3 192.0
4 128.0
5 128.0
6 192.0
7 192.0
8 128.0
9 128.0
10 96.0
11 96.0
12 192.0
13 192.0
14 192.0
15 192.0
;
param DISK := 
0 384.0
1 384.0
2 384.0
3 384.0
4 256.0
5 256.0
6 384.0
7 384.0
8 256.0
9 256.0
10 192.0
11 192.0
12 384.0
13 384.0
14 384.0
15 384.0
;
param BDW_out := 
0 10.0
1 10.0
2 10.0
3 10.0
4 10.0
5 10.0
6 10.0
7 10.0
8 10.0
9 10.0
10 10.0
11 10.0
12 10.0
13 10.0
14 10.0
15 10.0
;
param BDW_in := 
0 10.0
1 10.0
2 10.0
3 10.0
4 10.0
5 10.0
6 10.0
7 10.0
8 10.0
9 10.0
10 10.0
11 10.0
12 10.0
13 10.0
14 10.0
15 10.0
;
param mem := 
1 8.0
2 8.0
3 8.0
4 8.0
5 8.0
6 16.0
7 16.0
8 1.0
9 16.0
10 8.0
11 8.0
12 8.0
13 8.0
14 8.0
15 8.0
16 8.0
17 8.0
18 8.0
19 8.0
20 8.0
21 8.0
22 8.0
23 8.0
24 8.0
25 8.0
26 8.0
27 8.0
28 8.0
29 16.0
30 1.0
31 32.0
32 16.0
33 1.0
;
param disk := 
1 24.0
2 24.0
3 24.0
4 24.0
5 24.0
6 36.0
7 36.0
8 4.0
9 36.0
10 24.0
11 24.0
12 24.0
13 24.0
14 24.0
15 24.0
16 24.0
17 24.0
18 24.0
19 24.0
20 24.0
21 24.0
22 24.0
23 24.0
24 24.0
25 24.0
26 24.0
27 24.0
28 24.0
29 36.0
30 4.0
31 43.2
32 36.0
33 4.0
;
param cpu : 
0 1 2 3 4 5 6 7 8 9 10 11 12 13 14 15 := 
1 2.0 2.0 2.0 2.0 2.272727272727273 2.272727272727273 2.0 2.0 2.272727272727273 2.272727272727273 2.380952380952381 2.380952380952381 2.0 2.0 2.0 2.0 
2 2.0 2.0 2.0 2.0 2.272727272727273 2.272727272727273 2.0 2.0 2.272727272727273 2.272727272727273 2.380952380952381 2.380952380952381 2.0 2.0 2.0 2.0 
3 2.0 2.0 2.0 2.0 2.272727272727273 2.272727272727273 2.0 2.0 2.272727272727273 2.272727272727273 2.380952380952381 2.380952380952381 2.0 2.0 2.0 2.0 
4 2.0 2.0 2.0 2.0 2.272727272727273 2.272727272727273 2.0 2.0 2.272727272727273 2.272727272727273 2.380952380952381 2.380952380952381 2.0 2.0 2.0 2.0 
5 2.0 2.0 2.0 2.0 2.272727272727273 2.272727272727273 2.0 2.0 2.272727272727273 2.272727272727273 2.380952380952381 2.380952380952381 2.0 2.0 2.0 2.0 
6 4.0 4.0 4.0 4.0 4.545454545454546 4.545454545454546 4.0 4.0 4.545454545454546 4.545454545454546 4.761904761904762 4.761904761904762 4.0 4.0 4.0 4.0 
7 4.0 4.0 4.0 4.0 4.545454545454546 4.545454545454546 4.0 4.0 4.545454545454546 4.545454545454546 4.761904761904762 4.761904761904762 4.0 4.0 4.0 4.0 
8 1.0 1.0 1.0 1.0 1.1363636363636365 1.1363636363636365 1.0 1.0 1.1363636363636365 1.1363636363636365 1.1904761904761905 1.1904761904761905 1.0 1.0 1.0 1.0 
9 4.0 4.0 4.0 4.0 4.545454545454546 4.545454545454546 4.0 4.0 4.545454545454546 4.545454545454546 4.761904761904762 4.761904761904762 4.0 4.0 4.0 4.0 
10 2.0 2.0 2.0 2.0 2.272727272727273 2.272727272727273 2.0 2.0 2.272727272727273 2.272727272727273 2.380952380952381 2.380952380952381 2.0 2.0 2.0 2.0 
11 2.0 2.0 2.0 2.0 2.272727272727273 2.272727272727273 2.0 2.0 2.272727272727273 2.272727272727273 2.380952380952381 2.380952380952381 2.0 2.0 2.0 2.0 
12 2.0 2.0 2.0 2.0 2.272727272727273 2.272727272727273 2.0 2.0 2.272727272727273 2.272727272727273 2.380952380952381 2.380952380952381 2.0 2.0 2.0 2.0 
13 2.0 2.0 2.0 2.0 2.272727272727273 2.272727272727273 2.0 2.0 2.272727272727273 2.272727272727273 2.380952380952381 2.380952380952381 2.0 2.0 2.0 2.0 
14 2.0 2.0 2.0 2.0 2.272727272727273 2.272727272727273 2.0 2.0 2.272727272727273 2.272727272727273 2.380952380952381 2.380952380952381 2.0 2.0 2.0 2.0 
15 2.0 2.0 2.0 2.0 2.272727272727273 2.272727272727273 2.0 2.0 2.272727272727273 2.272727272727273 2.380952380952381 2.380952380952381 2.0 2.0 2.0 2.0 
16 2.0 2.0 2.0 2.0 2.272727272727273 2.272727272727273 2.0 2.0 2.272727272727273 2.272727272727273 2.380952380952381 2.380952380952381 2.0 2.0 2.0 2.0 
17 2.0 2.0 2.0 2.0 2.272727272727273 2.272727272727273 2.0 2.0 2.272727272727273 2.272727272727273 2.380952380952381 2.380952380952381 2.0 2.0 2.0 2.0 
18 2.0 2.0 2.0 2.0 2.272727272727273 2.272727272727273 2.0 2.0 2.272727272727273 2.272727272727273 2.380952380952381 2.380952380952381 2.0 2.0 2.0 2.0 
19 2.0 2.0 2.0 2.0 2.272727272727273 2.272727272727273 2.0 2.0 2.272727272727273 2.272727272727273 2.380952380952381 2.380952380952381 2.0 2.0 2.0 2.0 
20 2.0 2.0 2.0 2.0 2.272727272727273 2.272727272727273 2.0 2.0 2.272727272727273 2.272727272727273 2.380952380952381 2.380952380952381 2.0 2.0 2.0 2.0 
21 2.0 2.0 2.0 2.0 2.272727272727273 2.272727272727273 2.0 2.0 2.272727272727273 2.272727272727273 2.380952380952381 2.380952380952381 2.0 2.0 2.0 2.0 
22 2.0 2.0 2.0 2.0 2.272727272727273 2.272727272727273 2.0 2.0 2.272727272727273 2.272727272727273 2.380952380952381 2.380952380952381 2.0 2.0 2.0 2.0 
23 2.0 2.0 2.0 2.0 2.272727272727273 2.272727272727273 2.0 2.0 2.272727272727273 2.272727272727273 2.380952380952381 2.380952380952381 2.0 2.0 2.0 2.0 
24 2.0 2.0 2.0 2.0 2.272727272727273 2.272727272727273 2.0 2.0 2.272727272727273 2.272727272727273 2.380952380952381 2.380952380952381 2.0 2.0 2.0 2.0 
25 2.0 2.0 2.0 2.0 2.272727272727273 2.272727272727273 2.0 2.0 2.272727272727273 2.272727272727273 2.380952380952381 2.380952380952381 2.0 2.0 2.0 2.0 
26 2.0 2.0 2.0 2.0 2.272727272727273 2.272727272727273 2.0 2.0 2.272727272727273 2.272727272727273 2.380952380952381 2.380952380952381 2.0 2.0 2.0 2.0 
27 2.0 2.0 2.0 2.0 2.272727272727273 2.272727272727273 2.0 2.0 2.272727272727273 2.272727272727273 2.380952380952381 2.380952380952381 2.0 2.0 2.0 2.0 
28 2.0 2.0 2.0 2.0 2.272727272727273 2.272727272727273 2.0 2.0 2.272727272727273 2.272727272727273 2.380952380952381 2.380952380952381 2.0 2.0 2.0 2.0 
29 4.0 4.0 4.0 4.0 4.545454545454546 4.545454545454546 4.0 4.0 4.545454545454546 4.545454545454546 4.761904761904762 4.761904761904762 4.0 4.0 4.0 4.0 
30 1.0 1.0 1.0 1.0 1.1363636363636365 1.1363636363636365 1.0 1.0 1.1363636363636365 1.1363636363636365 1.1904761904761905 1.1904761904761905 1.0 1.0 1.0 1.0 
31 8.0 8.0 8.0 8.0 9.090909090909092 9.090909090909092 8.0 8.0 9.090909090909092 9.090909090909092 9.523809523809524 9.523809523809524 8.0 8.0 8.0 8.0 
32 4.0 4.0 4.0 4.0 4.545454545454546 4.545454545454546 4.0 4.0 4.545454545454546 4.545454545454546 4.761904761904762 4.761904761904762 4.0 4.0 4.0 4.0 
33 1.0 1.0 1.0 1.0 1.1363636363636365 1.1363636363636365 1.0 1.0 1.1363636363636365 1.1363636363636365 1.1904761904761905 1.1904761904761905 1.0 1.0 1.0 1.0 
;
set c_0 := 0;
param d := 
[0,*,*] : 
0 1 2 3 4 5 := 
0 0 0.00952 0.00952 0 0 0 
1 0.40800000000000003 0 0 0.00952 0 0 
2 0.40800000000000003 0 0 0.00952 0 0 
3 0 0.031416 0.031416 0 0.00952 0.00952 
4 0 0 0 0.27960240000000003 0 0 
5 0 0 0 0.27960240000000003 0 0 
[1,*,*] : 
0 6 7 8 9 := 
0 0 0.002336 0.002336 0 0 
6 0.65408 0 0 0.002336 0 
7 0.65408 0 0 0.002336 0 
8 0 0.0032704 0.0032704 0 0.004672 
9 0 0 0 0.04643968 0 
[2,*,*] : 
0 10 11 12 13 14 15 16 17 18 19 20 21 22 23 24 25 26 27 28 29 30 := 
0 0 0.0015385263157894737 0.0015385263157894737 0.0015385263157894737 0.0015385263157894737 0.0015385263157894737 0.0015385263157894737 0.0015385263157894737 0.0015385263157894737 0.0015385263157894737 0.0015385263157894737 0.0015385263157894737 0.0015385263157894737 0.0015385263157894737 0.0015385263157894737 0.0015385263157894737 0.0015385263157894737 0.0015385263157894737 0.0015385263157894737 0.0015385263157894737 0 0 
10 0.43078736842105264 0 0 0 0 0 0 0 0 0 0 0 0 0 0 0 0 0 0 0 0.0015385263157894737 0 
11 0.43078736842105264 0 0 0 0 0 0 0 0 0 0 0 0 0 0 0 0 0 0 0 0.0015385263157894737 0 
12 0.43078736842105264 0 0 0 0 0 0 0 0 0 0 0 0 0 0 0 0 0 0 0 0.0015385263157894737 0 
13 0.43078736842105264 0 0 0 0 0 0 0 0 0 0 0 0 0 0 0 0 0 0 0 0.0015385263157894737 0 
14 0.43078736842105264 0 0 0 0 0 0 0 0 0 0 0 0 0 0 0 0 0 0 0 0.0015385263157894737 0 
15 0.43078736842105264 0 0 0 0 0 0 0 0 0 0 0 0 0 0 0 0 0 0 0 0.0015385263157894737 0 
16 0.43078736842105264 0 0 0 0 0 0 0 0 0 0 0 0 0 0 0 0 0 0 0 0.0015385263157894737 0 
17 0.43078736842105264 0 0 0 0 0 0 0 0 0 0 0 0 0 0 0 0 0 0 0 0.0015385263157894737 0 
18 0.43078736842105264 0 0 0 0 0 0 0 0 0 0 0 0 0 0 0 0 0 0 0 0.0015385263157894737 0 
19 0.43078736842105264 0 0 0 0 0 0 0 0 0 0 0 0 0 0 0 0 0 0 0 0.0015385263157894737 0 
20 0.43078736842105264 0 0 0 0 0 0 0 0 0 0 0 0 0 0 0 0 0 0 0 0.0015385263157894737 0 
21 0.43078736842105264 0 0 0 0 0 0 0 0 0 0 0 0 0 0 0 0 0 0 0 0.0015385263157894737 0 
22 0.43078736842105264 0 0 0 0 0 0 0 0 0 0 0 0 0 0 0 0 0 0 0 0.0015385263157894737 0 
23 0.43078736842105264 0 0 0 0 0 0 0 0 0 0 0 0 0 0 0 0 0 0 0 0.0015385263157894737 0 
24 0.43078736842105264 0 0 0 0 0 0 0 0 0 0 0 0 0 0 0 0 0 0 0 0.0015385263157894737 0 
25 0.43078736842105264 0 0 0 0 0 0 0 0 0 0 0 0 0 0 0 0 0 0 0 0.0015385263157894737 0 
26 0.43078736842105264 0 0 0 0 0 0 0 0 0 0 0 0 0 0 0 0 0 0 0 0.0015385263157894737 0 
27 0.43078736842105264 0 0 0 0 0 0 0 0 0 0 0 0 0 0 0 0 0 0 0 0.0015385263157894737 0 
28 0.43078736842105264 0 0 0 0 0 0 0 0 0 0 0 0 0 0 0 0 0 0 0 0.0015385263157894737 0 
29 0 0.0021539368421052635 0.0021539368421052635 0.0021539368421052635 0.0021539368421052635 0.0021539368421052635 0.0021539368421052635 0.0021539368421052635 0.0021539368421052635 0.0021539368421052635 0.0021539368421052635 0.0021539368421052635 0.0021539368421052635 0.0021539368421052635 0.0021539368421052635 0.0021539368421052635 0.0021539368421052635 0.0021539368421052635 0.0021539368421052635 0.0021539368421052635 0 0.029232 
30 0 0 0 0 0 0 0 0 0 0 0 0 0 0 0 0 0 0 0 0 0.38060064000000005 0 
[3,*,*] : 
0 31 32 33 := 
0 0 0.00724 0 0 
31 0.31028571428571433 0 0.00724 0 
32 0 0.023892000000000004 0 0.00724 
33 0 0 0.10273560000000001 0 
;
param x_bar : 0 1 2 3 4 5 6 7 8 9 10 11 12 13 14 15  := 
0 0 0 0 0 0 0 0 0 0 0 0 0 0 0 0 0 
;
