seed100_p8_C40_nR3_oR210
0.09626290370468428 330 0.09527019506976364 429 0.09500292736036194 432 0.094277486434843 432 0.09202480145560002 473 0.08997350385779049 556 0.08896888691110755 590 0.08671620193186456 592 0.0815942829370815 592 0.08014416249752106 630 0.07942772974708638 703 0.0771750447678434 704 0.07532621675311736 745 0.07216850007993872 761 0.07036267357851417 1019 0.06956087045030904 1020 0.06956087045030901 2152 0.06956087045030898 5460 0.06956087045030895 32957 END
seed101_p8_C40_nR3_oR210
1.0643669868357426 515 1.042315212193691 599 0.8796872776643558 600 0.8387206064570546 621 0.8294099993644861 624 0.8022217274587295 641 0.7847282644426496 648 0.7615028063114023 693 0.7440093432953224 695 0.7207838851640751 697 0.6665343147751771 703 0.6607733150815024 719 0.6533491700148357 768 0.6472136321700719 1400 0.6332933601700719 1477 0.6124129521700719 1477 0.6068448433700718 1478 0.6068448433700717 29029 0.6068448433700709 45246 END
seed102_p8_C40_nR3_oR210
2.3116621471889087 558 2.1977583911211123 603 1.9388862182397564 605 1.891774175232021 606 1.8399997406557498 609 1.637939586903468 609 1.5271016427508393 704 1.5271016427508386 2032 1.5250001912841724 2131 1.5250001912841715 3019 1.5250001912841713 5284 1.525000191284171 36211 END
seed103_p8_C40_nR3_oR210
0.658484779202033 1082 0.48271110193336714 1402 0.45139048993336717 1403 0.44690462193336716 1404 0.42716590868892274 1408 0.4264573784667006 1535 0.4219715104667006 1536 0.40993588415558935 1570 0.38845199615558934 1573 0.3741294041555893 1626 0.37412940415558926 4925 0.3741294041555892 12195 0.37412940415558915 66941 0.37412940415558904 80191 END
seed104_p8_C40_nR3_oR210
2.928619305590383 250 2.923522225503464 292 2.913582919333973 293 2.515165778236338 301 1.8066953104778862 304 1.7559793636130447 315 1.4722709132140879 504 1.4671738331271693 521 1.4164578862623278 521 1.3309734596547658 523 1.3258763795678472 525 1.2751604327030057 525 1.1743825519810858 813 1.1702647895879235 1007 1.1598239059836934 1089 1.1593781334743496 1124 1.154281053387431 1125 1.1443417472179394 1125 1.1251788572744366 1184 1.1063391967998604 1185 1.0780797060879959 1231 1.0739619436948336 1275 1.0732377014693202 5215 1.073237701469319 16615 1.0732377014693175 61990 END
seed105_p8_C40_nR3_oR210
1.5821788792415539 197 1.372044204717434 204 1.3666123512519837 774 1.3069480984575463 776 1.2914614997265599 808 1.2317972469321226 810 1.216310648201136 812 1.2163106482011352 3923 1.2013897010407715 6046 1.201389701040771 11975 1.2013897010407704 15274 1.2013897010407701 52767 1.2013897010407695 69468 END
seed106_p8_C40_nR3_oR210
1.642611402894717 345 1.5917191894101452 356 1.5753682774472306 389 1.1117984796629496 1177 1.1108413554160361 1177 1.0791714266351198 1178 1.0772571781412925 1216 1.076300053894379 1216 1.0628205146722052 1217 1.0282792131505478 1217 1.0263649646567206 1219 1.025407840409807 1256 1.0119283011876332 1257 1.010014052693806 1259 1.0090569284468924 1259 1.0041635251876333 1597 1.002249276693806 1598 1.0012921524468925 1598 0.995549406965411 1689 0.9831967984807899 1723 0.9700889148659748 1731 0.9623241388659749 1736 0.9619652296906664 1763 0.9587462927045574 1781 0.9552653599622714 1782 0.9552653599622712 4531 0.9552653599622711 21722 0.9552653599622706 61023 END
seed107_p8_C40_nR3_oR210
0.10172472821160405 712 0.09811576880419665 912 0.08065508080419666 995 0.05597647398938184 995 0.04717311635975221 995 0.037992655368299225 1034 0.030091537590521446 1041 0.02783493502641888 1041 0.0199338172486411 1044 0.019933817248641076 1277 0.019933817248641073 1346 0.01993381724864107 1754 0.019933817248641055 1832 0.01993381724864104 3264 0.019933817248641027 6402 END
seed108_p8_C40_nR3_oR210
2.781661498570906 683 2.7794069018757495 722 2.7072032816217537 724 2.704948684926597 734 2.702789256478897 735 2.7005346597837403 750 2.5477051093171506 908 2.5341894111528744 910 2.5323379456509185 989 2.5063908488102484 1236 2.5040140660410177 1244 2.4992381207937475 1470 2.462504527081933 1608 2.458090501939076 1674 2.453676476796219 1721 2.449262451653362 3240 2.4470554390819332 3310 2.446885668884131 3310 2.443490264928087 3311 2.4412832523566586 3311 2.4402646311698453 3377 2.4380576185984166 3776 2.4375456062223466 5375 2.436869227213802 8032 2.4368692272137955 30531 END
seed109_p8_C40_nR3_oR210
1.6276194555373984 486 1.6249082041916068 625 1.6121077844262872 625 1.5993073646609677 629 1.5963086121429322 632 1.5938536935498564 691 1.5920358031794861 691 1.5890370506614506 693 1.5737706742059965 696 1.570376485576193 798 1.5680540429867191 849 1.5552536232213996 850 1.552542371875608 853 1.5397419521102884 854 1.5370307007644968 857 1.5242302809991772 864 1.5122352709270348 867 1.5067815998159235 1046 1.5049637094455532 1109 1.5029282682603682 1110 1.497474597149257 1112 1.4956567067788866 1112 1.4902030356677753 1126 1.488385145297405 1126 1.4883851452974044 1442 1.4883851452974042 3468 1.4883851452974035 4420 1.4883851452974033 5046 1.488385145297403 86107 END
seed110_p8_C40_nR3_oR210
3.1836601876913813 420 2.869464463577621 519 2.819227841407157 542 2.818264260172589 547 2.6562702178918483 570 2.4779324087698886 572 2.4774506181526044 573 2.4434497995185156 585 2.442486218283948 587 2.440077265197529 658 2.4395954745802446 660 2.4392310338317063 983 2.439231033831706 2408 2.4392310338317054 2602 2.4392310338317045 8338 END
seed111_p8_C40_nR3_oR210
1.6433851624563565 788 1.6346534141345317 825 1.6301115670161617 957 1.6242555351903853 959 1.6217253894126076 1121 1.614066449386532 1123 1.6106299162965712 1202 1.6095235362965712 1243 1.6094430102101513 1319 1.6083366302101514 1399 1.6083366302101512 2679 1.608336630210151 3989 1.6083366302101507 5630 1.6083366302101505 10605 END
seed112_p8_C40_nR3_oR210
1.1168574604041785 449 1.1114161350128993 610 0.6757537225012378 611 0.6650465983442045 612 0.6596052729529255 612 0.6488981487958922 615 0.6382747919829124 623 0.6276514351699325 625 0.5629460458505061 636 0.562946045850506 920 0.5629460458505057 2287 0.5629460458505056 4521 0.562946045850505 7742 END
seed113_p8_C40_nR3_oR210
0.7345607743235295 337 0.7326965168690122 354 0.6627505526390445 355 0.6605820736194877 356 0.6587178161649704 357 0.6565493371454136 420 0.6533951858442402 471 0.65162097573733 617 0.6516209757373299 1411 0.6516209757373298 5298 0.6516209757373297 14048 0.6516209757373296 33590 0.6516209757373295 75478 0.6516209757373294 92617 0.6516209757373292 172707 END
seed114_p8_C40_nR3_oR210
2.599124624224245 448 2.4387104563598383 454 2.311798490153841 455 2.270314106955502 465 2.2465181132918777 489 2.2433050242888357 496 2.174538728932034 497 2.1507427352684094 498 2.1475296462653675 501 2.123733652601743 502 2.120520563598701 505 2.0967245699350765 506 2.0935114809320345 508 2.06971548726841 510 2.069341106157299 513 2.065969441046188 515 2.05351003766841 515 2.053135656557299 517 2.049763991446188 518 2.049389610335077 520 2.048319950017617 635 2.0480861836908195 734 2.04715111838363 799 2.0469356176945133 1677 2.0465612365834023 1678 2.0454915762659422 1679 2.042335877357258 2029 2.041266217039798 2030 2.038589831135036 2032 2.0368375040239246 2032 2.0357678437064646 2033 2.0330914578017025 2056 2.0320217974842425 2057 2.031086732177053 2059 2.03108673217705 112815 END
seed115_p8_C40_nR3_oR210
0.8676285938161938 224 0.8673367160723465 462 0.8650443086803912 474 0.8591018932729838 474 0.8586389769273048 475 0.8583470991834575 475 0.8501882701618727 476 0.8403441350039781 481 0.8398812186582991 481 0.8393164544425745 545 0.8388026141618729 563 0.8383396978161939 564 0.8380478200723466 564 0.8375849037266676 565 0.8372930259828203 566 0.8368301096371413 592 0.8357834378037677 593 0.8353205214580888 618 0.8350286437142415 619 0.8345657273685625 621 0.8345657273685624 715 0.8345657273685623 1543 0.834565727368562 1545 0.8345657273685618 7253 0.8345657273685617 16414 0.8345657273685616 148420 END
seed116_p8_C40_nR3_oR210
1.3063613217851997 403 1.2975102510941958 508 1.2624935410444589 510 1.253642470353455 511 1.2436930635841414 518 1.2348419928931376 518 1.2304530872608037 617 1.2232739237997836 622 1.2058043260463431 636 1.1969532553553393 637 1.1870038485860257 639 1.1781527778950218 659 1.1772974753765033 662 1.1764421728579848 665 1.1764421728579844 814 1.1764421728579841 1694 1.1764421728579837 7077 1.1764421728579835 53988 1.1764421728579832 65428 1.176442172857983 147238 END
seed118_p8_C40_nR3_oR210
2.4193308436902328 848 2.3322187258284335 851 2.261772191878558 870 2.236888010323001 878 2.149775892461202 910 2.0917011472200024 940 2.0810496706272166 942 2.0266043769165356 967 2.009724339496979 1078 1.9516495942557794 1078 1.881417513813537 1079 1.8645374763939802 1110 1.7943053959517377 1111 1.7591893557306164 1248 1.7240733155094952 1252 1.7232922782828286 1261 1.7221080940650508 1262 1.6980864236576434 1263 1.6973053864309768 1264 1.696121202213199 1265 1.6720995318057916 1265 1.671318494579125 1267 1.6701343103613473 1268 1.6461126399539399 1292 1.6453316027272733 1294 1.6441474185094955 1294 1.643366381282829 1380 1.6428456897983845 1482 1.6417994789894945 1697 1.6406086117894945 1698 1.6386560187228278 1699 1.6353376734722638 4987 1.6342914626633755 11768 1.63245777750782 11828 1.631933867463375 16212 1.629574662983375 34886 1.6282648878722639 34886 1.628004542130042 47461 1.6280045421300418 49652 1.6280045421300413 116927 END
seed119_p8_C40_nR3_oR210
1.4430944484891262 472 1.3440303882179399 617 1.3274604379702213 617 1.227685095268787 619 1.1945451947733503 622 1.179347092305824 622 1.1462071918103873 642 1.140081199277054 644 1.090339347859771 661 1.0801293603042155 781 1.06928122369187 835 1.067239226180759 881 1.053168556037549 881 1.051126558526438 883 1.0511265585264378 3850 1.0511265585264375 8641 1.0511265585264369 10680 1.0511265585264367 76207 END
seed120_p8_C40_nR3_oR210
0.833945015659845 554 0.8320470870249244 664 0.5771374266116052 672 0.5752394979766845 719 0.5724168719449385 721 0.5582552079449384 722 0.5535346532782718 722 0.5516367246433511 771 0.5488140986116051 834 0.5469161699766845 1062 0.5467563276020814 1087 0.5456374309798592 1142 0.5443586919830338 1145 0.5443586919830337 2550 0.5443586919830333 3566 0.5443586919830332 3700 0.5443586919830331 6552 0.544358691983033 11478 0.5443586919830329 12620 END
seed121_p8_C40_nR3_oR210
1.2813860121260232 372 1.2769001441260233 555 1.2724142761260233 558 1.244136547836601 567 1.2160814331699343 627 1.2049394919324627 677 1.203935182006537 684 1.1987050220065367 685 1.194686079361034 686 1.1936817694351083 686 1.188451609435108 712 1.1874472995091823 713 1.1868929919536266 714 1.1839657414351081 714 1.1829614315091823 811 1.1824071239536267 812 1.1758680778783075 813 1.173682226863057 814 1.1718508381746038 814 1.170669297085279 864 1.1694877559959542 867 1.1688038313475662 2114 1.16779952142164 2219 1.1677995214216397 2760 1.167799521421638 9995 END
seed122_p8_C40_nR3_oR210
3.578727334083191 343 3.57694132065462 344 3.438541401705467 345 3.4361600504673717 374 3.4343740370388005 374 3.4274802838388 375 3.425098932600705 377 3.4233129191721337 377 3.4164191659721332 445 3.4142920279208515 445 3.4119106766827563 446 3.410124663254185 447 3.4087614689875183 448 3.4032309100541847 448 3.3977003511208514 448 3.395318999882756 453 3.393532986454185 453 3.3921697921875182 454 3.389788440949423 455 3.388002427520852 456 3.3856210762827565 462 3.3285941628364286 515 3.271567249390101 515 3.220243027288406 574 3.194580916237558 748 3.1701869289429663 1925 3.121266435076324 2125 3.0936136404096577 2126 3.0829779501532473 2127 3.0829779501532464 19480 3.0829779501532455 24040 END
seed123_p8_C40_nR3_oR210
1.2535554192717262 572 1.2494869911410071 697 1.2415657573632295 736 1.2376051404743407 841 1.2361068885231423 946 1.2293905111113776 946 1.227148375365346 1019 1.225225541206616 1430 1.223111126095505 2038 1.2227810746880976 3222 1.2217186518732848 3237 1.221718651873283 3357 1.221270157107269 5501 1.2206406471410078 5664 1.2199641948327593 6073 1.2185900923473572 6078 1.218169014944306 6132 1.2172698867177265 6459 1.2150502617336016 6521 1.2129771961780453 6603 1.2129771961780442 12179 1.2129771961780431 34173 END
seed124_p8_C40_nR3_oR210
1.1318560662723864 351 1.1234631510073172 369 0.9688057318237739 371 0.9426987362566293 371 0.6582530916683013 375 0.6581347038222591 401 0.6567436466312642 401 0.4950843693736468 403 0.4949659815276047 485 0.49357492433660977 485 0.49345653649056764 492 0.49206547929957273 522 0.4905560342625357 598 0.4905560342625356 856 0.4905560342625355 1920 0.4726807342364603 2762 0.4726807342364599 12173 0.47268073423645984 34043 0.4726807342364598 37391 0.4726807342364597 58924 0.4726807342364591 70598 END
seed125_p8_C40_nR3_oR210
0.1642592674002076 275 0.1609947111662895 297 0.15770686272184503 298 0.1473705913885117 298 0.1470321485113187 300 0.1437675922774006 302 0.14047974383295614 303 0.1301434724996228 303 0.12980502962242982 361 0.1265404733885117 410 0.12325262494406725 410 0.1129163536107339 410 0.11257791073354093 412 0.1093133544996228 434 0.10539906536830966 434 0.09847753583295613 435 0.09813909295576315 435 0.09487453672184502 437 0.09096024759053188 437 0.08403871805517835 438 0.08370027517798537 438 0.08043571894406723 440 0.0765214298127541 452 0.07578796503930534 453 0.07544952216211236 453 0.07218496592819423 455 0.06827067679688109 455 0.06793223391968811 456 0.06466767768576998 457 0.064329234808577 458 0.061064678574658866 459 0.06072623569746588 541 0.04803845101910331 543 0.047700008141910326 544 0.04763474289746589 547 0.043251093978947365 764 0.041865325090058476 1183 0.039912476582122 7274 0.03916484031812867 8318 0.03848795456374275 15861 0.03826232597894746 17111 0.038262325978947416 21448 0.03826232597894736 43523 0.03826232597894734 74154 0.038262325978947326 103501 END
seed126_p8_C40_nR3_oR210
1.6214097167693826 387 1.6203860358804938 462 1.6153108435841976 462 1.6063367234656794 472 1.6053130425767905 473 1.6002378502804944 474 1.5994570514656794 521 1.5974001532138271 531 1.5972526358804937 531 1.5962289549916049 533 1.5911537626953087 533 1.5910062453619753 536 1.5899825644730865 721 1.589835047139753 724 1.5886936503990137 1318 1.588596050547162 1635 1.5879128515841983 1750 1.587327252473087 1770 1.5862938861027165 1788 1.5861962862508647 3935 1.5861962862508645 13577 1.5861962862508643 29928 1.586196286250864 32149 1.5861962862508636 52632 END
seed127_p8_C40_nR3_oR210
2.8702107737008067 492 2.390874096702566 579 2.0155309226192486 581 2.0101141650355894 584 2.00469740745193 612 1.9992806498682707 612 1.9938638922846115 614 1.9884471347009522 652 1.9884471347009516 2363 1.988447134700951 40486 END
seed128_p8_C40_nR3_oR210
2.9358430532107977 360 2.895217371333353 403 2.6920889619461303 427 2.6918205390711303 584 2.6916907105531207 915 2.6916907105531203 974 2.6915564991156202 977 2.69142228767812 1002 2.69128807624062 1003 2.6912880762406197 48451 END
seed129_p8_C40_nR3_oR210
0.8292074338142729 546 0.8123133803462594 589 0.7309777624487269 590 0.7297078129537774 591 0.712813759485764 629 0.7115438099908145 638 0.694649756522801 764 0.6933798070278515 766 0.6929866649851557 802 0.6857210637999706 802 0.6853534468409063 803 0.6798549817347815 932 0.6748226620221928 933 0.6675570608370076 933 0.6671894438779433 934 0.6616909787718186 935 0.6612503584619134 1074 0.660882741502849 1077 0.6587579377392241 1113 0.6583903207801598 1115 0.6558248967066296 1161 0.6554572797475653 1162 0.6528918556740351 1163 0.6525242387149708 1213 0.6512542892200213 1215 0.6499843397250717 1258 0.6427187385398866 1351 0.6390859379472938 5587 0.6390859379472935 6039 0.6390859379472934 8552 0.6390859379472933 72282 0.6390859379472931 128634 END
seed131_p8_C40_nR3_oR210
1.4371681135868457 592 1.2988187969419087 731 1.2691065496059695 739 1.2080135159997099 770 1.1307572329610325 772 1.1250039260127478 841 1.0419943360257857 868 0.9589847460388236 870 0.9188288124829794 926 0.9188288124829778 1018 0.9188288124829775 2084 0.88203926056642 2198 0.8820392605664198 3408 0.8820392605664197 4494 0.8820392605664193 9194 0.8820392605664185 163198 END
seed132_p8_C40_nR3_oR210
1.2971406473914024 614 1.2925373118852297 741 1.2871223827000444 741 1.2700660014654765 745 1.2654626659593038 745 1.2600477367741185 745 1.2429913555395506 814 1.238388020033378 1055 1.2329730908481926 1055 1.2159167096136247 1058 1.211313374107452 1143 1.2058984449222667 1143 1.1888420636876988 1153 1.1834271345025136 1155 1.1834271345025131 4976 1.183427134502513 52244 1.1834271345025127 64835 END
seed133_p8_C40_nR3_oR210
0.982577165189901 608 0.9620922311987666 729 0.9528961962334139 784 0.889113904470066 786 0.8695903495723115 827 0.8491054155811771 874 0.8429180236463856 876 0.8224330896552512 902 0.8206142093958226 914 0.8019481556641168 949 0.7945827861392146 1052 0.7917056886685501 1199 0.79170568866855 1498 0.7917056886685494 2464 0.7917056886685487 2486 0.7917056886685484 8996 0.7917056886685483 26518 0.7917056886685482 45804 0.7917056886685481 55388 0.7917056886685476 127897 END
seed134_p8_C40_nR3_oR210
1.0450715584131345 450 1.0421131322337105 629 0.8714835238759144 631 0.8711137206034865 632 0.8681552944240626 654 0.8677854911516346 760 0.8648270649722107 962 0.8644240413261202 1038 0.8636179940339391 1038 0.8619239702100698 1174 0.8616936709837325 1207 0.8582244167337213 1512 0.8548961872818694 1515 0.8536069751929806 2088 0.8502787457411287 2386 0.8487995326514167 3130 0.848724225963351 3130 0.847245012873639 3131 0.8429871758761082 3427 0.8429871758761078 17000 0.8429871758761077 26378 0.8429871758761076 77934 0.8429871758761075 134334 END
seed135_p8_C40_nR3_oR210
0.5253888349341727 607 0.5111148119438785 609 0.506181602420069 613 0.49652952615509105 679 0.4915963166312815 682 0.4865609305995355 928 0.48162772107572593 1015 0.4765923350439799 1018 0.47165912552017036 1105 0.46662373948842434 1164 0.4616905299646148 1417 0.4605394477423925 1449 0.45675732044080525 1450 0.4535736707476838 1455 0.44864046122387424 1458 0.4472527765254616 1488 0.44231956700165204 1490 0.4409318823032394 1544 0.43599867277942983 1546 0.43461098808101717 1817 0.4296777785572076 1818 0.42852669633498536 1849 0.4247445690333981 1850 0.4235934868111758 1887 0.42244240458895355 1889 0.4224424045889535 9236 0.4224424045889534 16948 0.4224424045889532 23904 0.42244240458895316 52266 0.422442404588953 64739 0.42244240458895166 148741 END
seed136_p8_C40_nR3_oR210
1.1951851763111052 256 1.1355757536461768 257 1.131673249646177 302 1.1312485785350657 342 1.1127999714239545 344 1.1088974674239547 346 1.1084727963128433 386 1.1077386864856829 388 1.1023899414239544 388 1.0984874374239546 390 1.0028030239537402 422 0.9979394221759624 423 0.9936122470648514 423 0.9919850861759626 424 0.9871214843981847 425 0.9854943235092959 478 0.980630721731518 479 0.9790035608426292 481 0.9741399590648513 482 0.9725127981759625 603 0.9676491963981846 603 0.9660220355092958 605 0.9611584337315179 605 0.9595312728426291 627 0.9546676710648512 671 0.9530405101759624 672 0.9518916630648512 673 0.9502645021759624 673 0.9477276510648511 674 0.9456456450648512 674 0.9440184841759623 683 0.9414816330648511 683 0.9393996270648511 683 0.9377724661759623 766 0.9373176210648512 767 0.9352356150648511 767 0.9331536090648511 767 0.9315264481759623 768 0.9310716030648511 769 0.9289895970648511 769 0.9269075910648511 769 0.9252804301759623 770 0.9248255850648511 778 0.9231984241759623 779 0.9188712490648512 1029 0.91454407395374 1031 0.9112972476011406 5273 0.9073947436011406 5276 0.9048064849344739 5276 0.9004793098233629 5277 0.8965768058233629 5343 0.8939885471566962 5344 0.8896613720455852 5344 0.8857588680455851 5379 0.8831706093789184 5380 0.8788434342678074 5381 0.8749409302678074 5431 0.8745162591566964 5432 0.8706137551566964 5433 0.8701890840455854 5486 0.8662865800455853 5487 0.8660552460455854 5551 0.8639732400455854 5553 0.8596460649344743 5608 0.8553188898233631 5876 0.850991714712252 5970 0.8506425903566956 24351 0.8499843501344735 26164 0.845429193690029 26165 0.845197859690029 26279 0.8431158536900291 26879 0.8403369400455851 41369 0.840255358490027 68474 0.838173352490027 68592 0.8339959298233628 104391 0.8337645958233628 104392 0.8316825898233629 104678 END
seed137_p8_C40_nR3_oR210
0.5222431435536534 538 0.5197442893314312 587 0.5109904021610608 620 0.5108443749018016 621 0.5106983476425423 632 0.5096907429753447 831 0.509033620308678 831 0.508714558197567 832 0.508214675597567 833 0.5067386082197891 833 0.5060814855531225 834 0.5057624234420114 835 0.5042397539975669 856 0.5035826313309003 856 0.5032635692197892 857 0.5026064465531226 859 0.5020216945219862 1076 0.4976705285941288 1514 0.496194461216351 1522 0.4953492912015361 1783 0.49224592426423325 2082 0.492099897004974 2091 0.4906238296271962 2129 0.48316664216793703 2172 0.48169057479015925 2200 0.4792184301457151 2584 0.4787803483679373 2584 0.47856764029386323 2585 0.47812955851608546 2587 0.4778041635901595 20465 0.4778041635901593 30265 0.47780416359015926 119117 0.47780416359015915 120678 0.4778041635901591 136658 END
seed138_p8_C40_nR3_oR210
1.5867242008386437 631 1.584922999297903 676 1.506884746027692 677 1.5050835444869513 678 1.5034081690583798 733 1.4998057659768984 790 1.499805765976898 936 1.4998057659768975 3415 1.4998057659768966 46790 END
seed139_p8_C40_nR3_oR210
1.6123027366843459 419 1.5589878863139754 483 1.532449667054716 543 1.4681917126843458 622 1.4585950396176792 650 1.4582350377213829 733 1.4536473976621236 737 1.448699755706568 740 1.4334968279436051 777 1.4315960343068057 997 1.4311968434623614 999 1.43019122227125 1030 1.4285151869527315 1031 1.4285151869527313 1228 1.4285151869527304 1894 1.4285151869527302 141994 END
seed140_p8_C40_nR3_oR210
2.0838849575531118 619 2.0819116133510405 631 2.0726758285193587 654 2.0708180430772463 661 2.065271257940349 664 2.0560354731086674 665 2.054177687666555 667 2.048630902529658 670 2.0430841173927607 790 2.0418627609847837 882 2.0388812144594306 895 2.038881214459429 1144 2.0388812144594275 2019 2.038881214459426 3304 2.0388812144594257 43575 END
seed141_p8_C40_nR3_oR210
3.1895574863210436 238 0.6807705465797663 268 0.6800728726115124 268 0.6698740606115123 294 0.6586985050559568 294 0.6584194354686552 295 0.6577217615004013 296 0.6475229495004012 297 0.6472438799130996 328 0.6465462059448457 328 0.6459880667702426 331 0.42552929335417544 347 0.42105907113195323 366 0.4157730333541754 366 0.4113028111319532 368 0.4034978031319532 374 0.40198016268750875 394 0.3464199428051388 1198 0.3391028801019662 1479 0.2766592090719792 1484 0.23538422436537113 1557 0.207856439923824 1558 0.20729830074922082 1560 0.20590295281271287 1560 0.19668088436826844 1560 0.19612274519366527 1977 0.19472739725715732 1977 0.1855053288127129 2189 0.18494718963810972 2190 0.18355184170160177 2190 0.1829937025269986 2191 0.18299370252699854 3622 0.1829937025269984 12280 0.18299370252699815 12941 0.1829937025269977 23981 0.1829937025269976 135895 0.18299370252699726 137623 END
seed142_p8_C40_nR3_oR210
1.383769633858098 803 0.9981057297649987 805 0.9969598628020357 810 0.9816284906538876 811 0.9804826236909246 815 0.9651512515427765 849 0.9640053845798136 852 0.8463310847015377 857 0.8451852177385748 859 0.7529586158619028 861 0.6907103033021461 901 0.6895644363391832 903 0.5973378344625112 904 0.5961919674995483 942 0.5039653656228763 943 0.5028194986599133 981 0.4874881265117652 983 0.4863422595488022 984 0.48519639258583924 995 0.48470530674456963 7841 0.4847053067445678 11290 0.48470530674456735 19306 0.4847053067445667 20696 0.48470530674456663 65744 0.48470530674456574 76764 0.4847053067445656 108185 0.48470530674456547 176979 END
seed143_p8_C40_nR3_oR210
0.26692400756009466 381 0.26329418711565017 433 0.24154616032100343 444 0.23788544400453907 495 0.23425562356009463 495 0.2178249173336396 521 0.2105652764447507 572 0.20474960498505573 587 0.2030818715078071 630 0.20308187150780704 645 0.19962515259289887 650 0.18120162380410335 668 0.17949347300671778 714 0.17949347300671772 910 0.1719024095918406 1018 0.16805907029772296 1020 0.1659970206469293 1065 0.16236720020248488 1260 0.1602352447908446 4844 0.15660542434640018 4847 0.1558031258913737 4922 0.15580312589137363 22697 0.1558031258913736 105558 END
seed144_p8_C40_nR3_oR210
0.7752802528202717 702 0.6248187110210539 785 0.5978326023378727 785 0.5927210923639483 785 0.5546548284447828 788 0.4907406409297893 788 0.48562913095586496 788 0.48320440318600644 808 0.4475628670366992 809 0.44245135706277483 809 0.44229396798870074 837 0.44182180076647853 837 0.4413717983961082 837 0.4407422420998119 859 0.4404274639516637 860 0.4397979076553674 862 0.43538619193674233 947 0.43522880286266824 948 0.4343622613398514 999 0.43436226133985123 1015 0.4275290151564536 1024 0.4232129060743156 1488 0.40967566124424193 2052 0.40654497833072606 2083 0.40654497833072595 6576 0.40654497833072584 7443 0.4065449783307257 13082 0.40654497833072434 13124 0.40392197372750993 59746 0.4039219737275088 61405 0.4039219737275081 76258 END
seed145_p8_C40_nR3_oR210
0.8856409546773164 744 0.7630499626355954 788 0.7580667824133732 818 0.7570385071294228 1370 0.7570385071294224 2326 0.7570385071294221 6438 0.757038507129422 30604 0.7570385071294218 37587 END
seed146_p8_C40_nR3_oR210
0.9628812339711464 756 0.9626468102587282 762 0.9602244318970723 762 0.9357752462266875 763 0.9355408225142693 764 0.9331184441526134 765 0.9328840204401951 822 0.9314440975847121 822 0.9312096738722939 825 0.9287872955106385 933 0.9287872955106383 1002 0.928787295510638 1046 0.9287872955106379 1835 0.9287872955106374 3421 0.9287872955106373 13357 0.9287872955106364 26925 END
seed147_p8_C40_nR3_oR210
2.5537610394218295 382 2.551736415275806 384 2.3522842971010993 386 2.336513540595232 409 2.334488916449209 410 2.3187181599433417 412 2.318239658671431 564 2.3024689021655638 565 2.2965371086149338 568 2.2965371086149333 662 2.2965371086149324 850 2.296537108614932 2148 2.2965371086149315 67156 2.296537108614931 110227 END
seed148_p8_C40_nR3_oR210
3.268585127484624 821 2.8286644923173054 857 2.4732896751073965 857 2.468991788762329 908 2.270680741652377 909 2.0290711535950106 948 2.024773267249943 951 1.8264622201399912 951 1.8221643337949238 1037 1.6545023666849716 1081 1.6502044803399043 1083 1.6261941827299375 1272 1.57977701020321 1275 1.5754791238581427 1428 1.568199356862923 1430 1.5639014705178558 1471 1.5596035841727884 1756 1.490976412327156 2072 1.487985994130005 2195 1.4788326059903458 4069 1.4758421877931949 4125 1.4758421877931946 19100 1.4758421877931942 23365 1.475842187793194 156825 END
seed149_p8_C40_nR3_oR210
0.9192376531425953 728 0.8557174222531571 733 0.8555531167519225 734 0.8237340009913567 740 0.768212594165411 759 0.7680482886641764 760 0.7491118637351633 762 0.7489475582339287 831 0.7475553536441572 897 0.7464911214536809 934 0.745002537453681 936 0.7439383052632047 938 0.7424497212632047 963 0.740364362596538 965 0.7388757785965381 1118 0.7381950276124111 1280 0.736919098469554 1289 0.7360988623609129 7966 0.7358862075037701 8141 0.735557596501301 8769 0.7355575965013007 11854 0.7355575965013005 23523 0.7355575965013003 36025 0.7355575965013001 76340 0.7355575965012995 85861 END
seed150_p8_C40_nR3_oR210
1.5342811163899563 513 0.4678621274159641 520 0.4584457533122604 521 0.45767806714929743 567 0.4565813726307789 570 0.44594820403818636 726 0.4445870213715197 850 0.4231297586544402 954 0.41871556321740305 1443 0.4107406867729586 1445 0.4080915941839974 1555 0.4067304115173307 1588 0.40649661889510846 1589 0.4051354362284418 1626 0.3835172455113623 2393 0.3694995226669177 3391 0.3687917374817326 6087 0.36597251733358455 6212 0.3659725173335845 35300 0.36597251733358444 41576 0.36597251733358427 59931 0.3659725173335842 77676 0.365972517333584 152382 END
seed151_p8_C40_nR3_oR210
0.7470242644725444 818 0.7064663852725444 970 0.6932921933614332 971 0.6921053493614332 1009 0.6894541882820682 1010 0.6882673442820681 1012 0.6760211705042904 1012 0.6715224615718288 1048 0.6703356175718288 1079 0.6687211310777105 1470 0.6672383496014579 2522 0.6667636120014577 2697 0.6667636120014576 2908 0.6667636120014575 40991 0.6667636120014574 53083 END
seed152_p8_C40_nR3_oR210
1.954382156130841 662 1.7338534341981164 758 1.5260143104985073 767 1.5237225765725815 768 1.4807533049183248 771 1.478461570992399 772 1.1721678876518848 815 1.1671677409044101 815 1.154063487651885 960 1.1490633409044102 960 1.1463549280828613 970 1.1440631941569355 1085 1.1055308666408996 1111 1.1043849996779367 1137 1.102587089846287 1139 1.1019099866408997 1141 1.100764119677937 1150 0.9733931591093896 2290 0.9040010198145724 2422 0.8858966198145724 2423 0.8858966198145721 12103 0.8858966198145719 16485 0.8858966198145717 26785 END
seed153_p8_C40_nR3_oR210
2.648382911413214 551 2.49348689748837 594 2.4928065296661477 612 2.40014106844013 612 2.3994607006179076 826 2.3744968936253152 826 2.3738165258030928 830 2.373054408791982 849 2.3720927522364263 849 2.364760749625315 849 2.3582699869586485 849 2.357589619136426 852 2.356827502125315 852 2.3558658455697596 852 2.3485338429586484 853 2.342043080291982 853 2.3413627124697594 871 2.3406005954586484 872 2.339638938903093 872 2.3323069362919817 872 2.325816173625315 873 2.3251358058030926 898 2.3243736887919817 899 2.3234120322364262 899 2.316080029625315 899 2.3153996618030925 901 2.3146375447919816 998 2.313675888236426 998 2.3129955204142036 1000 2.3122334034030927 1001 2.31155303558087 1039 2.302067224025315 1401 2.297324318247537 2016 END
seed154_p8_C40_nR3_oR210
2.282322041878891 463 2.2629604190915815 679 2.2458017294540324 681 2.239128905706097 681 2.153271078022481 684 2.136112388384932 686 2.1294395646369964 686 2.1122808749994473 805 2.110997695335882 832 2.091336379206585 843 2.077037471175294 845 2.0349033555097575 873 2.022864750426943 954 2.0161919266790074 954 1.9990332370414583 1030 1.9956014991139484 1077 1.989034435337851 1078 1.9856026974103411 1100 1.983027330217759 1217 1.9771171148981588 1218 1.9701759605214522 1224 1.9673583998854878 1242 1.9580164466383778 1279 1.9569340940828222 1281 1.9339942811458093 1282 1.9271308052907896 1319 1.926048452735234 1321 1.910621715846345 1527 1.9094356168833828 12379 1.9073384437054601 49874 1.906003878955873 49934 1.9025721410283627 63206 1.8985684467796005 90703 END
seed155_p8_C40_nR3_oR210
1.1904300036643274 499 1.1671547982816115 503 1.1576891027260559 505 1.1502765163768496 506 1.140810820821294 508 1.1329342892657384 591 1.1265965075373432 648 1.1245171450631946 676 1.1231425517298612 677 1.1089786526187502 705 1.1008875503965279 708 1.0995129570631945 708 1.0957266788409725 732 1.0925081188409727 733 1.090047261507639 734 1.0862609832854169 734 1.083042423285417 735 1.0805815659520834 737 1.0805815659520832 753 1.0773630059520833 754 1.0669202077252256 774 1.06086216256967 780 1.0568268050631942 863 1.0536082450631943 863 1.0431654468363363 901 1.0418169297992992 904 1.041816929799299 16782 1.0418169297992987 45549 1.0418169297992985 87220 END
seed156_p8_C40_nR3_oR210
2.9051210832357444 684 2.815207347312233 692 2.2933844494869398 692 2.2640185194391345 693 2.1741047835156233 696 2.144738853467818 697 2.103143435832126 719 2.100396900255583 720 2.0977305554987926 720 2.023924374091989 721 1.9267370871245835 721 1.7432741717451832 721 1.7429734561711092 723 1.7402269205945657 723 1.737560575837776 724 1.663754394430972 725 1.5665671074635665 725 1.5662663918894926 796 1.563519856312949 797 1.5608535115561593 798 1.4870473301493554 798 1.4867466145752815 800 1.484000078998738 800 1.4813337342419481 848 1.4810330186678742 879 1.4782864830913307 879 1.4779857675172567 938 1.4778253858777506 941 1.4776850519431828 941 1.4769232391555285 945 1.4761614263678742 1098 1.4696250804255178 1814 1.469625080425517 2766 1.4600214356276031 2917 1.458938859560936 3299 1.45877847792143 3300 1.4586180962819237 3362 1.458477762347356 3362 1.4577159495597016 3363 1.4569541367720473 3365 1.456954136772046 3801 1.4569541367720449 12574 1.4569541367720447 129035 END
seed157_p8_C40_nR3_oR210
2.2021441286196937 1913 2.1959822852240682 1917 2.1524129063974713 1949 2.117357802834641 1968 2.0963574397371785 1983 2.093030690188529 1984 2.091221255999805 1984 2.087315399333138 1986 2.0839886497844886 1987 2.0800827931178216 1988 2.0775173705392054 1989 2.0736115138725384 1991 2.0735388727614272 2058 2.0696330160947602 2060 2.0656545183169825 2077 2.064726202168834 2118 2.063400036242908 2141 2.0634000362429075 3681 2.063400036242907 13991 2.0634000362429066 71997 END
seed158_p8_C40_nR3_oR210
1.6149981943612652 689 1.6017564420518344 791 1.5885146897424038 791 1.5883601789523125 793 1.575118426642882 794 1.5618766743334511 794 1.5486349220240205 794 1.5404553694445624 825 1.5338344932898471 828 1.5272136171351318 833 1.5268683387027868 1797 1.5268683387027866 2419 1.5268683387027862 3572 END
seed159_p8_C40_nR3_oR210
1.5325310804353431 341 1.5267297253736147 393 1.521893757696847 395 1.5176361193758594 481 1.485388305094146 527 1.481232497636519 620 1.460027223686063 860 1.4600272236860627 905 1.4600272236860625 9062 1.4600272236860623 44044 END
seed160_p8_C40_nR3_oR210
0.7713678232085689 430 0.7344817561167906 439 0.718327998541033 441 0.6996830438701132 444 0.6835292862943556 513 0.6738370317489011 629 0.6698667258137604 639 0.6605145503751639 642 0.65913804703779 940 0.6582654596600124 989 0.6581563862377899 1089 0.6572837988600122 1090 0.6572837988600121 8402 0.657283798860012 11636 0.6572837988600119 14769 0.6572837988600118 20520 END
seed161_p8_C40_nR3_oR210
1.089750455138925 1527 0.9705177174873961 1626 0.8722744461016944 1651 0.8528540381747062 1652 0.7848826104302471 1653 0.7656352258356509 1681 0.7654622025032589 1691 0.7430846424197444 1694 0.6782433901642037 1726 0.6782433901642035 1878 0.6616937030705485 1946 0.6606602435705485 2008 0.6588229822372152 3114 0.6588229822372149 3646 0.6377975141915109 4595 0.6367640546915109 4626 0.6349267933581776 5014 0.6093881133407932 6069 0.6029146440317972 6070 0.602914644031797 30304 0.6029146440317967 89003 END
seed162_p8_C40_nR3_oR210
0.8977465651500495 173 0.7975276699218878 332 0.6800502299218878 334 0.6633470807171942 409 0.6615265973445056 807 0.6604653169198142 808 0.6585845653823152 808 0.6575232849576239 809 0.6556425334201249 810 0.6545812529954336 863 0.6527005014579346 864 0.6516392210332432 864 0.651639221033243 10728 0.6509932242529964 19743 0.6500703717097865 19743 0.6498627298875643 19744 0.6498627298875641 26892 0.6498627298875637 82478 END
seed163_p8_C40_nR3_oR210
2.4445955340717695 213 2.3541069174620826 357 2.166098587675903 357 1.9069200571935039 357 1.903221693341652 358 1.8127330767319656 360 1.6247247469457855 362 1.6210263830939335 362 1.5305377664842472 365 1.5268394026323953 413 1.436472663068341 426 1.4262979405992058 455 1.4255582678288354 457 1.4240789222880947 457 1.3661452916291927 458 1.3654056188588224 459 1.3639262733180817 459 1.362446927777341 462 1.3624469277773403 642 1.36244692777734 16365 1.3624469277773399 36424 1.3624469277773397 115226 END
seed164_p8_C40_nR3_oR210
2.8729750584356055 399 2.868936466060117 400 2.85682068893365 400 1.6898379870822806 402 1.669645025204836 404 1.6656064328293472 404 1.6534906557028803 404 0.7570611987972602 436 0.7449454216707935 436 0.44136901484941143 437 0.41713746059647794 438 0.40502168347001116 438 0.3848287215925666 442 0.3823924504814555 445 0.3597856031598079 619 0.33856814513035666 753 0.3363465936933199 875 0.33319136184146775 1087 0.3252841505870368 1131 0.31682495455902965 1131 0.30470917743256287 1132 0.29259340030609615 1132 0.2804776231796294 1132 0.2683618460531626 1157 0.267673338701311 6139 0.2654806947013113 14209 0.26548069470131097 18533 0.26520661420131264 26802 0.2652066142013121 27908 0.26520661420131175 44406 0.26520661420131164 44766 0.2652066142013115 62966 0.26520661420131036 65940 END
seed165_p8_C40_nR3_oR210
1.6864165244397733 1009 1.5414399380901862 1061 1.5091020729143496 1097 1.5051423343213899 1167 1.4932631185425111 1168 1.4880324255069421 1169 1.4063560382462146 1420 1.4029619947658343 1489 1.4005397824437456 1532 1.398036457999301 1671 1.3910827789869553 1671 1.391082778986955 4103 1.3910827789869549 65685 1.3910827789869546 166522 END
seed166_p8_C40_nR3_oR210
1.5422924642954712 368 1.3446823396968905 371 1.334733857599252 392 1.281785792213188 393 1.2718373101155493 395 1.2618888280179106 398 1.2520692398697624 474 1.2422496517216142 504 1.241562230882108 537 1.2383218164623548 538 1.2343939812030955 538 1.2337065603635893 572 1.2314481047586512 574 1.230760683919145 575 1.2300732630796387 666 1.2284773937463054 690 1.2280823435016364 851 1.226486474168303 904 1.2257990533287968 906 1.2250405378944527 1455 1.2250405378944524 34202 END
