data;
set C_bar :=  1 2 3 4 5 6 7 8 9 10 11 12 13 14 15 16 17 18 19 20 21 22 23 ;
set C :=  24 25 26 27 28 29 35 36 37 38 39 31 32 41 42 43 30 33 34 40 ;
set R := 0 1 2 3 4 5 ;
set C_bar_r[0] :=  
1 2 3 4 5 6 ;
set C_bar_r[1] :=  
7 8 9 10 ;
set C_bar_r[2] :=  
11 12 13 14 ;
set C_bar_r[3] :=  
15 16 17 ;
set C_bar_r[4] :=  
18 19 20 21 22 23 ;
set C_r[0] :=  
31 32 41 42 43 ;
set C_r[1] :=  
;
set C_r[2] :=  
;
set C_r[3] :=  
30 ;
set C_r[4] :=  
33 34 40 ;
set C_r[5] :=  
24 25 26 27 28 29 35 36 37 38 39 ;
set S :=  0 1 2 3 4 5 6 7 8 9 10 11 12 13 14 15 ;
set S_u :=  0 1 2 3 4 5 6 7 8 9 10 11 12 13 14 15 ;
set S_r[0] := 
12 13 ;
set S_r[1] := 
6 ;
set S_r[2] := 
2 6 7 ;
set S_r[3] := 
0 ;
set S_r[4] := 
7 14 15 ;
set Rack :=  0 1 2 3 4 5 6 7 ;
param COST : 0 1 2 3 4 5 6 7 8 9 10 11 12 13 14 15 :=
0 0 1 3 3 5 5 5 5 5 5 5 5 5 5 5 5 
1 1 0 3 3 5 5 5 5 5 5 5 5 5 5 5 5 
2 3 3 0 1 5 5 5 5 5 5 5 5 5 5 5 5 
3 3 3 1 0 5 5 5 5 5 5 5 5 5 5 5 5 
4 5 5 5 5 0 1 3 3 5 5 5 5 5 5 5 5 
5 5 5 5 5 1 0 3 3 5 5 5 5 5 5 5 5 
6 5 5 5 5 3 3 0 1 5 5 5 5 5 5 5 5 
7 5 5 5 5 3 3 1 0 5 5 5 5 5 5 5 5 
8 5 5 5 5 5 5 5 5 0 1 3 3 5 5 5 5 
9 5 5 5 5 5 5 5 5 1 0 3 3 5 5 5 5 
10 5 5 5 5 5 5 5 5 3 3 0 1 5 5 5 5 
11 5 5 5 5 5 5 5 5 3 3 1 0 5 5 5 5 
12 5 5 5 5 5 5 5 5 5 5 5 5 0 1 3 3 
13 5 5 5 5 5 5 5 5 5 5 5 5 1 0 3 3 
14 5 5 5 5 5 5 5 5 5 5 5 5 3 3 0 1 
15 5 5 5 5 5 5 5 5 5 5 5 5 3 3 1 0 
;
set S_rack[0] :=  
0 1 ;
set S_rack[1] :=  
2 3 ;
set S_rack[2] :=  
4 5 ;
set S_rack[3] :=  
6 7 ;
set S_rack[4] :=  
8 9 ;
set S_rack[5] :=  
10 11 ;
set S_rack[6] :=  
12 13 ;
set S_rack[7] :=  
14 15 ;
param CPU := 
0 42.0
1 56.0
2 48.0
3 56.0
4 28.0
5 28.0
6 38.0
7 29.0
8 28.0
9 28.0
10 44.0
11 44.0
12 20.0
13 27.0
14 48.0
15 48.0
;
param MEM := 
0 136.0
1 192.0
2 160.0
3 192.0
4 192.0
5 192.0
6 124.0
7 90.0
8 192.0
9 192.0
10 128.0
11 128.0
12 172.0
13 191.0
14 160.0
15 160.0
;
param DISK := 
0 82.0
1 192.0
2 148.8
3 192.0
4 192.0
5 192.0
6 60.8
7 60.80000000000001
8 192.0
9 192.0
10 128.0
11 128.0
12 140.0
13 188.0
14 120.0
15 120.0
;
param BDW_out := 
0 9.575152
1 10.0
2 8.105478399999999
3 10.0
4 10.0
5 10.0
6 8.301327104
7 8.08694056
8 10.0
9 10.0
10 10.0
11 10.0
12 8.56908056
13 9.5231992
14 8.5416004
15 8.5416004
;
param BDW_in := 
0 9.9995992
1 10.0
2 9.98875072
3 10.0
4 10.0
5 10.0
6 9.9949352
7 9.879596704
8 10.0
9 10.0
10 10.0
11 10.0
12 9.9984264
13 9.99835896
14 9.99498052
15 9.99498052
;
param mem := 
1 1.0
2 1.0
3 1.0
4 1.0
5 16.0
6 1.0
31 1.0
32 1.0
41 16.0
42 1.0
43 1.0
7 2.0
8 2.0
9 16.0
10 32.0
11 32.0
12 32.0
13 64.0
14 16.0
15 8.0
16 16.0
17 32.0
30 32.0
18 16.0
19 16.0
20 16.0
21 16.0
22 4.0
23 2.0
33 4.0
34 2.0
40 2.0
24 32.0
25 32.0
26 32.0
27 2.0
28 8.0
29 32.0
35 32.0
36 8.0
37 32.0
38 8.0
39 2.0
;
param disk := 
1 4.0
2 4.0
3 4.0
4 4.0
5 36.0
6 4.0
31 4.0
32 4.0
41 36.0
42 4.0
43 4.0
7 8.0
8 8.0
9 36.0
10 43.2
11 43.2
12 43.2
13 64.0
14 36.0
15 24.0
16 36.0
17 50.0
30 50.0
18 36.0
19 36.0
20 36.0
21 36.0
22 16.0
23 8.0
33 16.0
34 8.0
40 8.0
24 50.0
25 50.0
26 50.0
27 8.0
28 24.0
29 50.0
35 50.0
36 24.0
37 50.0
38 24.0
39 8.0
;
param cpu : 
0 1 2 3 4 5 6 7 8 9 10 11 12 13 14 15 := 
1 1.0 1.0 1.0 1.0 1.0 1.0 1.0 1.0 1.0 1.0 1.1363636363636365 1.1363636363636365 1.0 1.0 1.0 1.0 
2 1.0 1.0 1.0 1.0 1.0 1.0 1.0 1.0 1.0 1.0 1.1363636363636365 1.1363636363636365 1.0 1.0 1.0 1.0 
3 1.0 1.0 1.0 1.0 1.0 1.0 1.0 1.0 1.0 1.0 1.1363636363636365 1.1363636363636365 1.0 1.0 1.0 1.0 
4 1.0 1.0 1.0 1.0 1.0 1.0 1.0 1.0 1.0 1.0 1.1363636363636365 1.1363636363636365 1.0 1.0 1.0 1.0 
5 4.0 4.0 4.0 4.0 4.0 4.0 4.0 4.0 4.0 4.0 4.545454545454546 4.545454545454546 4.0 4.0 4.0 4.0 
6 1.0 1.0 1.0 1.0 1.0 1.0 1.0 1.0 1.0 1.0 1.1363636363636365 1.1363636363636365 1.0 1.0 1.0 1.0 
31 1.0 1.0 1.0 1.0 1.0 1.0 1.0 1.0 1.0 1.0 1.1363636363636365 1.1363636363636365 1.0 1.0 1.0 1.0 
32 1.0 1.0 1.0 1.0 1.0 1.0 1.0 1.0 1.0 1.0 1.1363636363636365 1.1363636363636365 1.0 1.0 1.0 1.0 
41 4.0 4.0 4.0 4.0 4.0 4.0 4.0 4.0 4.0 4.0 4.545454545454546 4.545454545454546 4.0 4.0 4.0 4.0 
42 1.0 1.0 1.0 1.0 1.0 1.0 1.0 1.0 1.0 1.0 1.1363636363636365 1.1363636363636365 1.0 1.0 1.0 1.0 
43 1.0 1.0 1.0 1.0 1.0 1.0 1.0 1.0 1.0 1.0 1.1363636363636365 1.1363636363636365 1.0 1.0 1.0 1.0 
7 1.0 1.0 1.0 1.0 1.0 1.0 1.0 1.0 1.0 1.0 1.1363636363636365 1.1363636363636365 1.0 1.0 1.0 1.0 
8 1.0 1.0 1.0 1.0 1.0 1.0 1.0 1.0 1.0 1.0 1.1363636363636365 1.1363636363636365 1.0 1.0 1.0 1.0 
9 4.0 4.0 4.0 4.0 4.0 4.0 4.0 4.0 4.0 4.0 4.545454545454546 4.545454545454546 4.0 4.0 4.0 4.0 
10 8.0 8.0 8.0 8.0 8.0 8.0 8.0 8.0 8.0 8.0 9.090909090909092 9.090909090909092 8.0 8.0 8.0 8.0 
11 8.0 8.0 8.0 8.0 8.0 8.0 8.0 8.0 8.0 8.0 9.090909090909092 9.090909090909092 8.0 8.0 8.0 8.0 
12 8.0 8.0 8.0 8.0 8.0 8.0 8.0 8.0 8.0 8.0 9.090909090909092 9.090909090909092 8.0 8.0 8.0 8.0 
13 16.0 16.0 16.0 16.0 16.0 16.0 16.0 16.0 16.0 16.0 18.181818181818183 18.181818181818183 16.0 16.0 16.0 16.0 
14 4.0 4.0 4.0 4.0 4.0 4.0 4.0 4.0 4.0 4.0 4.545454545454546 4.545454545454546 4.0 4.0 4.0 4.0 
15 2.0 2.0 2.0 2.0 2.0 2.0 2.0 2.0 2.0 2.0 2.272727272727273 2.272727272727273 2.0 2.0 2.0 2.0 
16 4.0 4.0 4.0 4.0 4.0 4.0 4.0 4.0 4.0 4.0 4.545454545454546 4.545454545454546 4.0 4.0 4.0 4.0 
17 8.0 8.0 8.0 8.0 8.0 8.0 8.0 8.0 8.0 8.0 9.090909090909092 9.090909090909092 8.0 8.0 8.0 8.0 
30 8.0 8.0 8.0 8.0 8.0 8.0 8.0 8.0 8.0 8.0 9.090909090909092 9.090909090909092 8.0 8.0 8.0 8.0 
18 4.0 4.0 4.0 4.0 4.0 4.0 4.0 4.0 4.0 4.0 4.545454545454546 4.545454545454546 4.0 4.0 4.0 4.0 
19 4.0 4.0 4.0 4.0 4.0 4.0 4.0 4.0 4.0 4.0 4.545454545454546 4.545454545454546 4.0 4.0 4.0 4.0 
20 4.0 4.0 4.0 4.0 4.0 4.0 4.0 4.0 4.0 4.0 4.545454545454546 4.545454545454546 4.0 4.0 4.0 4.0 
21 4.0 4.0 4.0 4.0 4.0 4.0 4.0 4.0 4.0 4.0 4.545454545454546 4.545454545454546 4.0 4.0 4.0 4.0 
22 2.0 2.0 2.0 2.0 2.0 2.0 2.0 2.0 2.0 2.0 2.272727272727273 2.272727272727273 2.0 2.0 2.0 2.0 
23 1.0 1.0 1.0 1.0 1.0 1.0 1.0 1.0 1.0 1.0 1.1363636363636365 1.1363636363636365 1.0 1.0 1.0 1.0 
33 2.0 2.0 2.0 2.0 2.0 2.0 2.0 2.0 2.0 2.0 2.272727272727273 2.272727272727273 2.0 2.0 2.0 2.0 
34 1.0 1.0 1.0 1.0 1.0 1.0 1.0 1.0 1.0 1.0 1.1363636363636365 1.1363636363636365 1.0 1.0 1.0 1.0 
40 1.0 1.0 1.0 1.0 1.0 1.0 1.0 1.0 1.0 1.0 1.1363636363636365 1.1363636363636365 1.0 1.0 1.0 1.0 
24 8.0 8.0 8.0 8.0 8.0 8.0 8.0 8.0 8.0 8.0 9.090909090909092 9.090909090909092 8.0 8.0 8.0 8.0 
25 8.0 8.0 8.0 8.0 8.0 8.0 8.0 8.0 8.0 8.0 9.090909090909092 9.090909090909092 8.0 8.0 8.0 8.0 
26 8.0 8.0 8.0 8.0 8.0 8.0 8.0 8.0 8.0 8.0 9.090909090909092 9.090909090909092 8.0 8.0 8.0 8.0 
27 1.0 1.0 1.0 1.0 1.0 1.0 1.0 1.0 1.0 1.0 1.1363636363636365 1.1363636363636365 1.0 1.0 1.0 1.0 
28 2.0 2.0 2.0 2.0 2.0 2.0 2.0 2.0 2.0 2.0 2.272727272727273 2.272727272727273 2.0 2.0 2.0 2.0 
29 8.0 8.0 8.0 8.0 8.0 8.0 8.0 8.0 8.0 8.0 9.090909090909092 9.090909090909092 8.0 8.0 8.0 8.0 
35 8.0 8.0 8.0 8.0 8.0 8.0 8.0 8.0 8.0 8.0 9.090909090909092 9.090909090909092 8.0 8.0 8.0 8.0 
36 2.0 2.0 2.0 2.0 2.0 2.0 2.0 2.0 2.0 2.0 2.272727272727273 2.272727272727273 2.0 2.0 2.0 2.0 
37 8.0 8.0 8.0 8.0 8.0 8.0 8.0 8.0 8.0 8.0 9.090909090909092 9.090909090909092 8.0 8.0 8.0 8.0 
38 2.0 2.0 2.0 2.0 2.0 2.0 2.0 2.0 2.0 2.0 2.272727272727273 2.272727272727273 2.0 2.0 2.0 2.0 
39 1.0 1.0 1.0 1.0 1.0 1.0 1.0 1.0 1.0 1.0 1.1363636363636365 1.1363636363636365 1.0 1.0 1.0 1.0 
;
set c_0 := 0;
param d := 
[0,*,*] : 
0 1 2 3 4 5 6 31 32 41 42 43 := 
0 0 4.496E-4 4.496E-4 4.496E-4 4.496E-4 0 0 0 0 0 0 4.496E-4 
1 0.476576 0 0 0 0 2.248E-4 0 0 0 2.248E-4 0 0 
2 0.476576 0 0 0 0 2.248E-4 0 0 0 2.248E-4 0 0 
3 0.476576 0 0 0 0 2.248E-4 0 0 0 2.248E-4 0 0 
4 0.476576 0 0 0 0 2.248E-4 0 0 0 2.248E-4 0 0 
5 0 0.00119144 0.00119144 0.00119144 0.00119144 0 2.81E-4 2.81E-4 2.81E-4 0 2.81E-4 0.00119144 
6 0 0 0 0 0 0.014893 0 0 0 0.014893 0 0 
31 0 0 0 0 0 0.014893 0 0 0 0.014893 0 0 
32 0 0 0 0 0 0.014893 0 0 0 0.014893 0 0 
41 0 0.00119144 0.00119144 0.00119144 0.00119144 0 2.81E-4 2.81E-4 2.81E-4 0 2.81E-4 0.00119144 
42 0 0 0 0 0 0.014893 0 0 0 0.014893 0 0 
43 0.476576 0 0 0 0 2.248E-4 0 0 0 2.248E-4 0 0 
[1,*,*] : 
0 7 8 9 10 := 
0 0 7.468E-4 7.468E-4 0 0 
7 0.7916080000000001 0 0 7.468E-4 0 
8 0.7916080000000001 0 0 7.468E-4 0 
9 0 0.00395804 0.00395804 0 0.0014936 
10 0 0 0 0.012665728000000001 0 
[2,*,*] : 
0 11 12 13 14 := 
0 0 0.0017856 0.0017856 0 0 
11 1.892736 0 0 0.0017856 0 
12 1.892736 0 0 0.0017856 0 
13 0 0.00946368 0.00946368 0 0.0035712 
14 0 0 0 0.115456896 0 
[3,*,*] : 
0 15 16 17 30 := 
0 0 4.008E-4 0 0 0 
15 0.424848 0 4.008E-4 0 0 
16 0 0.00212424 0 2.004E-4 2.004E-4 
17 0 0 7.434839999999999E-4 0 0 
30 0 0 7.434839999999999E-4 0 0 
[4,*,*] : 
0 18 19 20 21 22 23 33 34 40 := 
0 0 6.876E-4 6.876E-4 6.876E-4 6.876E-4 0 0 0 0 0 
18 0.7288560000000001 0 0 0 0 3.438E-4 0 3.438E-4 0 0 
19 0.7288560000000001 0 0 0 0 3.438E-4 0 3.438E-4 0 0 
20 0.7288560000000001 0 0 0 0 3.438E-4 0 3.438E-4 0 0 
21 0.7288560000000001 0 0 0 0 3.438E-4 0 3.438E-4 0 0 
22 0 0.00182214 0.00182214 0.00182214 0.00182214 0 4.5840000000000003E-4 0 4.5840000000000003E-4 4.5840000000000003E-4 
23 0 0 0 0 0 0.004130184 0 0.004130184 0 0 
33 0 0.00182214 0.00182214 0.00182214 0.00182214 0 4.5840000000000003E-4 0 4.5840000000000003E-4 4.5840000000000003E-4 
34 0 0 0 0 0 0.004130184 0 0.004130184 0 0 
40 0 0 0 0 0 0.004130184 0 0.004130184 0 0 
[5,*,*] : 
0 24 25 26 27 28 29 35 36 37 38 39 := 
0 0 3.3519999999999996E-4 3.3519999999999996E-4 3.3519999999999996E-4 0 0 3.3519999999999996E-4 3.3519999999999996E-4 0 3.3519999999999996E-4 0 0 
24 0.355312 0 0 0 1.6759999999999998E-4 0 0 0 0 0 0 1.6759999999999998E-4 
25 0.355312 0 0 0 1.6759999999999998E-4 0 0 0 0 0 0 1.6759999999999998E-4 
26 0.355312 0 0 0 1.6759999999999998E-4 0 0 0 0 0 0 1.6759999999999998E-4 
27 0 8.8828E-4 8.8828E-4 8.8828E-4 0 3.3519999999999996E-4 8.8828E-4 8.8828E-4 3.3519999999999996E-4 8.8828E-4 3.3519999999999996E-4 0 
28 0 0 0 0 0.0019542160000000004 0 0 0 0 0 0 0.0019542160000000004 
29 0.355312 0 0 0 1.6759999999999998E-4 0 0 0 0 0 0 1.6759999999999998E-4 
35 0.355312 0 0 0 1.6759999999999998E-4 0 0 0 0 0 0 1.6759999999999998E-4 
36 0 0 0 0 0.0019542160000000004 0 0 0 0 0 0 0.0019542160000000004 
37 0.355312 0 0 0 1.6759999999999998E-4 0 0 0 0 0 0 1.6759999999999998E-4 
38 0 0 0 0 0.0019542160000000004 0 0 0 0 0 0 0.0019542160000000004 
39 0 8.8828E-4 8.8828E-4 8.8828E-4 0 3.3519999999999996E-4 8.8828E-4 8.8828E-4 3.3519999999999996E-4 8.8828E-4 3.3519999999999996E-4 0 
;
param x_bar : 0 1 2 3 4 5 6 7 8 9 10 11 12 13 14 15  := 
0 0 0 0 0 0 0 0 0 0 0 0 0 0 0 0 0 
1 0 0 0 0 0 0 0 0 0 0 0 0 1 0 0 0 
2 0 0 0 0 0 0 0 0 0 0 0 0 1 0 0 0 
3 0 0 0 0 0 0 0 0 0 0 0 0 1 0 0 0 
4 0 0 0 0 0 0 0 0 0 0 0 0 0 1 0 0 
5 0 0 0 0 0 0 0 0 0 0 0 0 1 0 0 0 
6 0 0 0 0 0 0 0 0 0 0 0 0 1 0 0 0 
7 0 0 0 0 0 0 1 0 0 0 0 0 0 0 0 0 
8 0 0 0 0 0 0 1 0 0 0 0 0 0 0 0 0 
9 0 0 0 0 0 0 1 0 0 0 0 0 0 0 0 0 
10 0 0 0 0 0 0 1 0 0 0 0 0 0 0 0 0 
11 0 0 0 0 0 0 0 1 0 0 0 0 0 0 0 0 
12 0 0 1 0 0 0 0 0 0 0 0 0 0 0 0 0 
13 0 0 0 0 0 0 0 1 0 0 0 0 0 0 0 0 
14 0 0 0 0 0 0 1 0 0 0 0 0 0 0 0 0 
15 1 0 0 0 0 0 0 0 0 0 0 0 0 0 0 0 
16 1 0 0 0 0 0 0 0 0 0 0 0 0 0 0 0 
17 1 0 0 0 0 0 0 0 0 0 0 0 0 0 0 0 
18 0 0 0 0 0 0 0 0 0 0 0 0 0 0 1 0 
19 0 0 0 0 0 0 0 0 0 0 0 0 0 0 1 0 
20 0 0 0 0 0 0 0 0 0 0 0 0 0 0 0 1 
21 0 0 0 0 0 0 0 0 0 0 0 0 0 0 0 1 
22 0 0 0 0 0 0 0 1 0 0 0 0 0 0 0 0 
23 0 0 0 0 0 0 0 1 0 0 0 0 0 0 0 0 
;
