data;
set C_bar :=  1 2 3 4 5 6 7 8 9 10 11 12 13 14 15 16 ;
set C :=  17 18 19 26 27 28 29 30 31 32 33 34 23 24 25 35 36 20 21 22 ;
set R := 0 1 2 3 4 5 ;
set C_bar_r[0] :=  
1 2 3 ;
set C_bar_r[1] :=  
4 5 6 ;
set C_bar_r[2] :=  
7 8 9 ;
set C_bar_r[3] :=  
10 11 12 13 ;
set C_bar_r[4] :=  
14 15 16 ;
set C_r[0] :=  
;
set C_r[1] :=  
;
set C_r[2] :=  
23 24 25 35 36 ;
set C_r[3] :=  
20 21 22 ;
set C_r[4] :=  
;
set C_r[5] :=  
17 18 19 26 27 28 29 30 31 32 33 34 ;
set S :=  0 1 2 3 4 5 6 7 8 9 10 11 12 13 14 15 ;
set S_u :=  0 1 2 3 4 5 6 7 8 9 10 11 12 13 14 15 ;
set S_r[0] := 
14 15 ;
set S_r[1] := 
12 13 ;
set S_r[2] := 
2 ;
set S_r[3] := 
0 ;
set S_r[4] := 
6 7 ;
set Rack :=  0 1 2 3 4 5 6 7 ;
param COST : 0 1 2 3 4 5 6 7 8 9 10 11 12 13 14 15 :=
0 0 1 3 3 5 5 5 5 5 5 5 5 5 5 5 5 
1 1 0 3 3 5 5 5 5 5 5 5 5 5 5 5 5 
2 3 3 0 1 5 5 5 5 5 5 5 5 5 5 5 5 
3 3 3 1 0 5 5 5 5 5 5 5 5 5 5 5 5 
4 5 5 5 5 0 1 3 3 5 5 5 5 5 5 5 5 
5 5 5 5 5 1 0 3 3 5 5 5 5 5 5 5 5 
6 5 5 5 5 3 3 0 1 5 5 5 5 5 5 5 5 
7 5 5 5 5 3 3 1 0 5 5 5 5 5 5 5 5 
8 5 5 5 5 5 5 5 5 0 1 3 3 5 5 5 5 
9 5 5 5 5 5 5 5 5 1 0 3 3 5 5 5 5 
10 5 5 5 5 5 5 5 5 3 3 0 1 5 5 5 5 
11 5 5 5 5 5 5 5 5 3 3 1 0 5 5 5 5 
12 5 5 5 5 5 5 5 5 5 5 5 5 0 1 3 3 
13 5 5 5 5 5 5 5 5 5 5 5 5 1 0 3 3 
14 5 5 5 5 5 5 5 5 5 5 5 5 3 3 0 1 
15 5 5 5 5 5 5 5 5 5 5 5 5 3 3 1 0 
;
set S_rack[0] :=  
0 1 ;
set S_rack[1] :=  
2 3 ;
set S_rack[2] :=  
4 5 ;
set S_rack[3] :=  
6 7 ;
set S_rack[4] :=  
8 9 ;
set S_rack[5] :=  
10 11 ;
set S_rack[6] :=  
12 13 ;
set S_rack[7] :=  
14 15 ;
param CPU := 
0 47.0
1 56.0
2 34.909090995788574
3 44.0
4 28.0
5 28.0
6 33.772727370262146
7 25.81818199157715
8 28.0
9 28.0
10 28.0
11 28.0
12 16.0
13 20.0
14 17.285714387893677
15 25.61904764175415
;
param MEM := 
0 158.0
1 192.0
2 100.0
3 128.0
4 48.0
5 48.0
6 94.0
7 64.0
8 192.0
9 192.0
10 192.0
11 192.0
12 144.0
13 160.0
14 63.0
15 88.0
;
param DISK := 
0 100.0
1 192.0
2 52.0
3 128.0
4 48.0
5 48.0
6 76.8
7 64.0
8 192.0
9 192.0
10 192.0
11 192.0
12 112.8
13 142.0
14 48.8
15 72.0
;
param BDW_out := 
0 9.674368
1 10.0
2 9.28768
3 10.0
4 10.0
5 10.0
6 8.751404571428571
7 9.97248664
8 10.0
9 10.0
10 10.0
11 10.0
12 8.476404
13 9.94520224
14 8.362741336000001
15 9.99038872
;
param BDW_in := 
0 9.9996928
1 10.0
2 9.999328
3 10.0
4 10.0
5 10.0
6 9.97166264
7 9.999176
8 10.0
9 10.0
10 10.0
11 10.0
12 9.94376624
13 9.998564
14 9.98886312
15 9.979877336
;
param mem := 
1 32.0
2 8.0
3 1.0
4 16.0
5 32.0
6 32.0
7 16.0
8 4.0
9 8.0
23 16.0
24 8.0
25 4.0
35 8.0
36 8.0
10 8.0
11 8.0
12 16.0
13 2.0
20 8.0
21 16.0
22 16.0
14 32.0
15 2.0
16 64.0
17 4.0
18 32.0
19 8.0
26 32.0
27 4.0
28 4.0
29 8.0
30 8.0
31 4.0
32 4.0
33 4.0
34 32.0
;
param disk := 
1 43.2
2 24.0
3 4.0
4 36.0
5 43.2
6 50.0
7 36.0
8 16.0
9 24.0
23 36.0
24 24.0
25 16.0
35 24.0
36 24.0
10 24.0
11 24.0
12 36.0
13 8.0
20 24.0
21 36.0
22 36.0
14 43.2
15 8.0
16 64.0
17 16.0
18 50.0
19 24.0
26 50.0
27 16.0
28 16.0
29 24.0
30 24.0
31 16.0
32 16.0
33 16.0
34 50.0
;
param cpu : 
0 1 2 3 4 5 6 7 8 9 10 11 12 13 14 15 := 
1 8.0 8.0 9.090909090909092 9.090909090909092 8.0 8.0 9.090909090909092 9.090909090909092 8.0 8.0 8.0 8.0 8.0 8.0 9.523809523809524 9.523809523809524 
2 2.0 2.0 2.272727272727273 2.272727272727273 2.0 2.0 2.272727272727273 2.272727272727273 2.0 2.0 2.0 2.0 2.0 2.0 2.380952380952381 2.380952380952381 
3 1.0 1.0 1.1363636363636365 1.1363636363636365 1.0 1.0 1.1363636363636365 1.1363636363636365 1.0 1.0 1.0 1.0 1.0 1.0 1.1904761904761905 1.1904761904761905 
4 4.0 4.0 4.545454545454546 4.545454545454546 4.0 4.0 4.545454545454546 4.545454545454546 4.0 4.0 4.0 4.0 4.0 4.0 4.761904761904762 4.761904761904762 
5 8.0 8.0 9.090909090909092 9.090909090909092 8.0 8.0 9.090909090909092 9.090909090909092 8.0 8.0 8.0 8.0 8.0 8.0 9.523809523809524 9.523809523809524 
6 8.0 8.0 9.090909090909092 9.090909090909092 8.0 8.0 9.090909090909092 9.090909090909092 8.0 8.0 8.0 8.0 8.0 8.0 9.523809523809524 9.523809523809524 
7 4.0 4.0 4.545454545454546 4.545454545454546 4.0 4.0 4.545454545454546 4.545454545454546 4.0 4.0 4.0 4.0 4.0 4.0 4.761904761904762 4.761904761904762 
8 2.0 2.0 2.272727272727273 2.272727272727273 2.0 2.0 2.272727272727273 2.272727272727273 2.0 2.0 2.0 2.0 2.0 2.0 2.380952380952381 2.380952380952381 
9 2.0 2.0 2.272727272727273 2.272727272727273 2.0 2.0 2.272727272727273 2.272727272727273 2.0 2.0 2.0 2.0 2.0 2.0 2.380952380952381 2.380952380952381 
23 4.0 4.0 4.545454545454546 4.545454545454546 4.0 4.0 4.545454545454546 4.545454545454546 4.0 4.0 4.0 4.0 4.0 4.0 4.761904761904762 4.761904761904762 
24 2.0 2.0 2.272727272727273 2.272727272727273 2.0 2.0 2.272727272727273 2.272727272727273 2.0 2.0 2.0 2.0 2.0 2.0 2.380952380952381 2.380952380952381 
25 2.0 2.0 2.272727272727273 2.272727272727273 2.0 2.0 2.272727272727273 2.272727272727273 2.0 2.0 2.0 2.0 2.0 2.0 2.380952380952381 2.380952380952381 
35 2.0 2.0 2.272727272727273 2.272727272727273 2.0 2.0 2.272727272727273 2.272727272727273 2.0 2.0 2.0 2.0 2.0 2.0 2.380952380952381 2.380952380952381 
36 2.0 2.0 2.272727272727273 2.272727272727273 2.0 2.0 2.272727272727273 2.272727272727273 2.0 2.0 2.0 2.0 2.0 2.0 2.380952380952381 2.380952380952381 
10 2.0 2.0 2.272727272727273 2.272727272727273 2.0 2.0 2.272727272727273 2.272727272727273 2.0 2.0 2.0 2.0 2.0 2.0 2.380952380952381 2.380952380952381 
11 2.0 2.0 2.272727272727273 2.272727272727273 2.0 2.0 2.272727272727273 2.272727272727273 2.0 2.0 2.0 2.0 2.0 2.0 2.380952380952381 2.380952380952381 
12 4.0 4.0 4.545454545454546 4.545454545454546 4.0 4.0 4.545454545454546 4.545454545454546 4.0 4.0 4.0 4.0 4.0 4.0 4.761904761904762 4.761904761904762 
13 1.0 1.0 1.1363636363636365 1.1363636363636365 1.0 1.0 1.1363636363636365 1.1363636363636365 1.0 1.0 1.0 1.0 1.0 1.0 1.1904761904761905 1.1904761904761905 
20 2.0 2.0 2.272727272727273 2.272727272727273 2.0 2.0 2.272727272727273 2.272727272727273 2.0 2.0 2.0 2.0 2.0 2.0 2.380952380952381 2.380952380952381 
21 4.0 4.0 4.545454545454546 4.545454545454546 4.0 4.0 4.545454545454546 4.545454545454546 4.0 4.0 4.0 4.0 4.0 4.0 4.761904761904762 4.761904761904762 
22 4.0 4.0 4.545454545454546 4.545454545454546 4.0 4.0 4.545454545454546 4.545454545454546 4.0 4.0 4.0 4.0 4.0 4.0 4.761904761904762 4.761904761904762 
14 8.0 8.0 9.090909090909092 9.090909090909092 8.0 8.0 9.090909090909092 9.090909090909092 8.0 8.0 8.0 8.0 8.0 8.0 9.523809523809524 9.523809523809524 
15 1.0 1.0 1.1363636363636365 1.1363636363636365 1.0 1.0 1.1363636363636365 1.1363636363636365 1.0 1.0 1.0 1.0 1.0 1.0 1.1904761904761905 1.1904761904761905 
16 16.0 16.0 18.181818181818183 18.181818181818183 16.0 16.0 18.181818181818183 18.181818181818183 16.0 16.0 16.0 16.0 16.0 16.0 19.047619047619047 19.047619047619047 
17 2.0 2.0 2.272727272727273 2.272727272727273 2.0 2.0 2.272727272727273 2.272727272727273 2.0 2.0 2.0 2.0 2.0 2.0 2.380952380952381 2.380952380952381 
18 8.0 8.0 9.090909090909092 9.090909090909092 8.0 8.0 9.090909090909092 9.090909090909092 8.0 8.0 8.0 8.0 8.0 8.0 9.523809523809524 9.523809523809524 
19 2.0 2.0 2.272727272727273 2.272727272727273 2.0 2.0 2.272727272727273 2.272727272727273 2.0 2.0 2.0 2.0 2.0 2.0 2.380952380952381 2.380952380952381 
26 8.0 8.0 9.090909090909092 9.090909090909092 8.0 8.0 9.090909090909092 9.090909090909092 8.0 8.0 8.0 8.0 8.0 8.0 9.523809523809524 9.523809523809524 
27 2.0 2.0 2.272727272727273 2.272727272727273 2.0 2.0 2.272727272727273 2.272727272727273 2.0 2.0 2.0 2.0 2.0 2.0 2.380952380952381 2.380952380952381 
28 2.0 2.0 2.272727272727273 2.272727272727273 2.0 2.0 2.272727272727273 2.272727272727273 2.0 2.0 2.0 2.0 2.0 2.0 2.380952380952381 2.380952380952381 
29 2.0 2.0 2.272727272727273 2.272727272727273 2.0 2.0 2.272727272727273 2.272727272727273 2.0 2.0 2.0 2.0 2.0 2.0 2.380952380952381 2.380952380952381 
30 2.0 2.0 2.272727272727273 2.272727272727273 2.0 2.0 2.272727272727273 2.272727272727273 2.0 2.0 2.0 2.0 2.0 2.0 2.380952380952381 2.380952380952381 
31 2.0 2.0 2.272727272727273 2.272727272727273 2.0 2.0 2.272727272727273 2.272727272727273 2.0 2.0 2.0 2.0 2.0 2.0 2.380952380952381 2.380952380952381 
32 2.0 2.0 2.272727272727273 2.272727272727273 2.0 2.0 2.272727272727273 2.272727272727273 2.0 2.0 2.0 2.0 2.0 2.0 2.380952380952381 2.380952380952381 
33 2.0 2.0 2.272727272727273 2.272727272727273 2.0 2.0 2.272727272727273 2.272727272727273 2.0 2.0 2.0 2.0 2.0 2.0 2.380952380952381 2.380952380952381 
34 8.0 8.0 9.090909090909092 9.090909090909092 8.0 8.0 9.090909090909092 9.090909090909092 8.0 8.0 8.0 8.0 8.0 8.0 9.523809523809524 9.523809523809524 
;
set c_0 := 0;
param d := 
[0,*,*] : 
0 1 2 3 := 
0 0 0.0015256 0 0 
1 1.617136 0 0.0015256 0 
2 0 0.00808568 0 0.0015256 
3 0 0 0.018597063999999996 0 
[1,*,*] : 
0 4 5 6 := 
0 0 0.001436 0 0 
4 1.52216 0 0.001436 0 
5 0 0.0076108 0 0.001436 
6 0 0 0.05479776 0 
[2,*,*] : 
0 7 8 9 23 24 25 35 36 := 
0 0 6.72E-4 0 0 6.72E-4 0 0 0 0 
7 0.71232 0 3.36E-4 0 0 0 3.36E-4 0 0 
8 0 0.0017808 0 1.68E-4 0.0017808 1.68E-4 0 1.68E-4 1.68E-4 
9 0 0 0.008903999999999999 0 0 0 0.008903999999999999 0 0 
23 0.71232 0 3.36E-4 0 0 0 3.36E-4 0 0 
24 0 0 0.008903999999999999 0 0 0 0.008903999999999999 0 0 
25 0 0.0017808 0 1.68E-4 0.0017808 1.68E-4 0 1.68E-4 1.68E-4 
35 0 0 0.008903999999999999 0 0 0 0.008903999999999999 0 0 
36 0 0 0.008903999999999999 0 0 0 0.008903999999999999 0 0 
[3,*,*] : 
0 10 11 12 13 20 21 22 := 
0 0 1.536E-4 1.536E-4 0 0 1.536E-4 0 0 
10 0.162816 0 0 5.12E-5 0 0 5.12E-5 5.12E-5 
11 0.162816 0 0 5.12E-5 0 0 5.12E-5 5.12E-5 
12 0 2.7136E-4 2.7136E-4 0 1.536E-4 2.7136E-4 0 0 
13 0 0 0 0.006268416 0 0 0.006268416 0.006268416 
20 0.162816 0 0 5.12E-5 0 0 5.12E-5 5.12E-5 
21 0 2.7136E-4 2.7136E-4 0 1.536E-4 2.7136E-4 0 0 
22 0 2.7136E-4 2.7136E-4 0 1.536E-4 2.7136E-4 0 0 
[4,*,*] : 
0 14 15 16 := 
0 0 8.24E-4 0 0 
14 1.2477714285714285 0 8.24E-4 0 
15 0 0.0043672 0 8.24E-4 
16 0 0 0.027513359999999997 0 
[5,*,*] : 
0 17 18 19 26 27 28 29 30 31 32 33 34 := 
0 0 9.333333333333333E-5 0 0 0 9.333333333333333E-5 9.333333333333333E-5 0 0 9.333333333333333E-5 9.333333333333333E-5 9.333333333333333E-5 0 
17 0.1413333333333333 0 3.111111111111111E-5 0 3.111111111111111E-5 0 0 0 0 0 0 0 3.111111111111111E-5 
18 0 1.6488888888888887E-4 0 6.222222222222222E-5 0 1.6488888888888887E-4 1.6488888888888887E-4 6.222222222222222E-5 6.222222222222222E-5 1.6488888888888887E-4 1.6488888888888887E-4 1.6488888888888887E-4 0 
19 0 0 0.0024403555555555555 0 0.0024403555555555555 0 0 0 0 0 0 0 0.0024403555555555555 
26 0 1.6488888888888887E-4 0 6.222222222222222E-5 0 1.6488888888888887E-4 1.6488888888888887E-4 6.222222222222222E-5 6.222222222222222E-5 1.6488888888888887E-4 1.6488888888888887E-4 1.6488888888888887E-4 0 
27 0.1413333333333333 0 3.111111111111111E-5 0 3.111111111111111E-5 0 0 0 0 0 0 0 3.111111111111111E-5 
28 0.1413333333333333 0 3.111111111111111E-5 0 3.111111111111111E-5 0 0 0 0 0 0 0 3.111111111111111E-5 
29 0 0 0.0024403555555555555 0 0.0024403555555555555 0 0 0 0 0 0 0 0.0024403555555555555 
30 0 0 0.0024403555555555555 0 0.0024403555555555555 0 0 0 0 0 0 0 0.0024403555555555555 
31 0.1413333333333333 0 3.111111111111111E-5 0 3.111111111111111E-5 0 0 0 0 0 0 0 3.111111111111111E-5 
32 0.1413333333333333 0 3.111111111111111E-5 0 3.111111111111111E-5 0 0 0 0 0 0 0 3.111111111111111E-5 
33 0.1413333333333333 0 3.111111111111111E-5 0 3.111111111111111E-5 0 0 0 0 0 0 0 3.111111111111111E-5 
34 0 1.6488888888888887E-4 0 6.222222222222222E-5 0 1.6488888888888887E-4 1.6488888888888887E-4 6.222222222222222E-5 6.222222222222222E-5 1.6488888888888887E-4 1.6488888888888887E-4 1.6488888888888887E-4 0 
;
param x_bar : 0 1 2 3 4 5 6 7 8 9 10 11 12 13 14 15  := 
0 0 0 0 0 0 0 0 0 0 0 0 0 0 0 0 0 
1 0 0 0 0 0 0 0 0 0 0 0 0 0 0 1 0 
2 0 0 0 0 0 0 0 0 0 0 0 0 0 0 0 1 
3 0 0 0 0 0 0 0 0 0 0 0 0 0 0 1 0 
4 0 0 0 0 0 0 0 0 0 0 0 0 1 0 0 0 
5 0 0 0 0 0 0 0 0 0 0 0 0 1 0 0 0 
6 0 0 0 0 0 0 0 0 0 0 0 0 0 1 0 0 
7 0 0 1 0 0 0 0 0 0 0 0 0 0 0 0 0 
8 0 0 1 0 0 0 0 0 0 0 0 0 0 0 0 0 
9 0 0 1 0 0 0 0 0 0 0 0 0 0 0 0 0 
10 1 0 0 0 0 0 0 0 0 0 0 0 0 0 0 0 
11 1 0 0 0 0 0 0 0 0 0 0 0 0 0 0 0 
12 1 0 0 0 0 0 0 0 0 0 0 0 0 0 0 0 
13 1 0 0 0 0 0 0 0 0 0 0 0 0 0 0 0 
14 0 0 0 0 0 0 1 0 0 0 0 0 0 0 0 0 
15 0 0 0 0 0 0 1 0 0 0 0 0 0 0 0 0 
16 0 0 0 0 0 0 0 1 0 0 0 0 0 0 0 0 
;
