data;
set C_bar :=  1 2 3 4 5 6 7 8 9 10 11 12 13 14 15 16 17 18 19 20 21 22 ;
set C :=  23 24 25 26 32 33 34 35 36 37 38 39 40 41 42 27 28 29 30 31 ;
set R := 0 1 2 3 4 5 ;
set C_bar_r[0] :=  
1 2 3 ;
set C_bar_r[1] :=  
4 5 6 7 ;
set C_bar_r[2] :=  
8 9 10 11 12 13 14 15 ;
set C_bar_r[3] :=  
16 17 18 19 ;
set C_bar_r[4] :=  
20 21 22 ;
set C_r[0] :=  
;
set C_r[1] :=  
36 37 38 39 40 41 42 ;
set C_r[2] :=  
27 28 29 30 ;
set C_r[3] :=  
31 ;
set C_r[4] :=  
;
set C_r[5] :=  
23 24 25 26 32 33 34 35 ;
set S :=  0 1 2 3 4 5 6 7 8 9 10 11 12 13 14 15 ;
set S_u :=  0 1 2 3 4 5 6 7 8 9 10 11 12 13 14 15 ;
set S_r[0] := 
12 13 ;
set S_r[1] := 
0 1 ;
set S_r[2] := 
8 9 14 15 ;
set S_r[3] := 
2 3 4 ;
set S_r[4] := 
2 3 ;
set Rack :=  0 1 2 3 4 5 6 7 ;
param COST : 0 1 2 3 4 5 6 7 8 9 10 11 12 13 14 15 :=
0 0 1 3 3 5 5 5 5 5 5 5 5 5 5 5 5 
1 1 0 3 3 5 5 5 5 5 5 5 5 5 5 5 5 
2 3 3 0 1 5 5 5 5 5 5 5 5 5 5 5 5 
3 3 3 1 0 5 5 5 5 5 5 5 5 5 5 5 5 
4 5 5 5 5 0 1 3 3 5 5 5 5 5 5 5 5 
5 5 5 5 5 1 0 3 3 5 5 5 5 5 5 5 5 
6 5 5 5 5 3 3 0 1 5 5 5 5 5 5 5 5 
7 5 5 5 5 3 3 1 0 5 5 5 5 5 5 5 5 
8 5 5 5 5 5 5 5 5 0 1 3 3 5 5 5 5 
9 5 5 5 5 5 5 5 5 1 0 3 3 5 5 5 5 
10 5 5 5 5 5 5 5 5 3 3 0 1 5 5 5 5 
11 5 5 5 5 5 5 5 5 3 3 1 0 5 5 5 5 
12 5 5 5 5 5 5 5 5 5 5 5 5 0 1 3 3 
13 5 5 5 5 5 5 5 5 5 5 5 5 1 0 3 3 
14 5 5 5 5 5 5 5 5 5 5 5 5 3 3 0 1 
15 5 5 5 5 5 5 5 5 5 5 5 5 3 3 1 0 
;
set S_rack[0] :=  
0 1 ;
set S_rack[1] :=  
2 3 ;
set S_rack[2] :=  
4 5 ;
set S_rack[3] :=  
6 7 ;
set S_rack[4] :=  
8 9 ;
set S_rack[5] :=  
10 11 ;
set S_rack[6] :=  
12 13 ;
set S_rack[7] :=  
14 15 ;
param CPU := 
0 24.0
1 26.0
2 30.0
3 30.0
4 26.0
5 28.0
6 56.0
7 56.0
8 34.909090995788574
9 30.36363649368286
10 56.0
11 56.0
12 23.545454740524292
13 34.909090995788574
14 48.0
15 48.0
;
param MEM := 
0 41.0
1 44.0
2 92.0
3 88.0
4 40.0
5 48.0
6 192.0
7 192.0
8 96.0
9 80.0
10 192.0
11 192.0
12 60.0
13 96.0
14 160.0
15 160.0
;
param DISK := 
0 20.0
1 32.0
2 62.0
3 60.8
4 24.0
5 48.0
6 192.0
7 192.0
8 56.0
9 48.8
10 192.0
11 192.0
12 48.0
13 84.8
14 120.0
15 120.0
;
param BDW_out := 
0 9.5944758
1 9.596112666666667
2 9.269198293333334
3 7.970148789333333
4 9.991441066666667
5 10.0
6 10.0
7 10.0
8 9.2963152
9 9.304899958
10 10.0
11 10.0
12 8.1954512
13 9.917068992
14 8.6103208
15 8.6103208
;
param BDW_in := 
0 9.999238666666667
1 9.9976018
2 9.985426656
3 9.98671456
4 9.943706133333333
5 10.0
6 10.0
7 10.0
8 9.997446358
9 9.99711712
10 10.0
11 10.0
12 9.915368192
13 9.9982992
14 9.99521704
15 9.99521704
;
param mem := 
1 64.0
2 4.0
3 32.0
4 4.0
5 4.0
6 1.0
7 2.0
36 2.0
37 2.0
38 4.0
39 4.0
40 4.0
41 2.0
42 4.0
8 16.0
9 16.0
10 16.0
11 16.0
12 16.0
13 16.0
14 16.0
15 32.0
27 16.0
28 32.0
29 32.0
30 32.0
16 64.0
17 64.0
18 8.0
19 32.0
31 64.0
20 32.0
21 4.0
22 8.0
23 32.0
24 1.0
25 16.0
26 1.0
32 32.0
33 32.0
34 32.0
35 16.0
;
param disk := 
1 64.0
2 16.0
3 43.2
4 16.0
5 16.0
6 4.0
7 8.0
36 8.0
37 8.0
38 16.0
39 16.0
40 16.0
41 8.0
42 16.0
8 36.0
9 36.0
10 36.0
11 36.0
12 36.0
13 36.0
14 36.0
15 43.2
27 36.0
28 43.2
29 43.2
30 43.2
16 64.0
17 64.0
18 24.0
19 50.0
31 64.0
20 43.2
21 16.0
22 24.0
23 43.2
24 4.0
25 36.0
26 4.0
32 43.2
33 43.2
34 43.2
35 36.0
;
param cpu : 
0 1 2 3 4 5 6 7 8 9 10 11 12 13 14 15 := 
1 16.0 16.0 16.0 16.0 16.0 16.0 16.0 16.0 18.181818181818183 18.181818181818183 16.0 16.0 18.181818181818183 18.181818181818183 16.0 16.0 
2 2.0 2.0 2.0 2.0 2.0 2.0 2.0 2.0 2.272727272727273 2.272727272727273 2.0 2.0 2.272727272727273 2.272727272727273 2.0 2.0 
3 8.0 8.0 8.0 8.0 8.0 8.0 8.0 8.0 9.090909090909092 9.090909090909092 8.0 8.0 9.090909090909092 9.090909090909092 8.0 8.0 
4 2.0 2.0 2.0 2.0 2.0 2.0 2.0 2.0 2.272727272727273 2.272727272727273 2.0 2.0 2.272727272727273 2.272727272727273 2.0 2.0 
5 2.0 2.0 2.0 2.0 2.0 2.0 2.0 2.0 2.272727272727273 2.272727272727273 2.0 2.0 2.272727272727273 2.272727272727273 2.0 2.0 
6 1.0 1.0 1.0 1.0 1.0 1.0 1.0 1.0 1.1363636363636365 1.1363636363636365 1.0 1.0 1.1363636363636365 1.1363636363636365 1.0 1.0 
7 1.0 1.0 1.0 1.0 1.0 1.0 1.0 1.0 1.1363636363636365 1.1363636363636365 1.0 1.0 1.1363636363636365 1.1363636363636365 1.0 1.0 
36 1.0 1.0 1.0 1.0 1.0 1.0 1.0 1.0 1.1363636363636365 1.1363636363636365 1.0 1.0 1.1363636363636365 1.1363636363636365 1.0 1.0 
37 1.0 1.0 1.0 1.0 1.0 1.0 1.0 1.0 1.1363636363636365 1.1363636363636365 1.0 1.0 1.1363636363636365 1.1363636363636365 1.0 1.0 
38 2.0 2.0 2.0 2.0 2.0 2.0 2.0 2.0 2.272727272727273 2.272727272727273 2.0 2.0 2.272727272727273 2.272727272727273 2.0 2.0 
39 2.0 2.0 2.0 2.0 2.0 2.0 2.0 2.0 2.272727272727273 2.272727272727273 2.0 2.0 2.272727272727273 2.272727272727273 2.0 2.0 
40 2.0 2.0 2.0 2.0 2.0 2.0 2.0 2.0 2.272727272727273 2.272727272727273 2.0 2.0 2.272727272727273 2.272727272727273 2.0 2.0 
41 1.0 1.0 1.0 1.0 1.0 1.0 1.0 1.0 1.1363636363636365 1.1363636363636365 1.0 1.0 1.1363636363636365 1.1363636363636365 1.0 1.0 
42 2.0 2.0 2.0 2.0 2.0 2.0 2.0 2.0 2.272727272727273 2.272727272727273 2.0 2.0 2.272727272727273 2.272727272727273 2.0 2.0 
8 4.0 4.0 4.0 4.0 4.0 4.0 4.0 4.0 4.545454545454546 4.545454545454546 4.0 4.0 4.545454545454546 4.545454545454546 4.0 4.0 
9 4.0 4.0 4.0 4.0 4.0 4.0 4.0 4.0 4.545454545454546 4.545454545454546 4.0 4.0 4.545454545454546 4.545454545454546 4.0 4.0 
10 4.0 4.0 4.0 4.0 4.0 4.0 4.0 4.0 4.545454545454546 4.545454545454546 4.0 4.0 4.545454545454546 4.545454545454546 4.0 4.0 
11 4.0 4.0 4.0 4.0 4.0 4.0 4.0 4.0 4.545454545454546 4.545454545454546 4.0 4.0 4.545454545454546 4.545454545454546 4.0 4.0 
12 4.0 4.0 4.0 4.0 4.0 4.0 4.0 4.0 4.545454545454546 4.545454545454546 4.0 4.0 4.545454545454546 4.545454545454546 4.0 4.0 
13 4.0 4.0 4.0 4.0 4.0 4.0 4.0 4.0 4.545454545454546 4.545454545454546 4.0 4.0 4.545454545454546 4.545454545454546 4.0 4.0 
14 4.0 4.0 4.0 4.0 4.0 4.0 4.0 4.0 4.545454545454546 4.545454545454546 4.0 4.0 4.545454545454546 4.545454545454546 4.0 4.0 
15 8.0 8.0 8.0 8.0 8.0 8.0 8.0 8.0 9.090909090909092 9.090909090909092 8.0 8.0 9.090909090909092 9.090909090909092 8.0 8.0 
27 4.0 4.0 4.0 4.0 4.0 4.0 4.0 4.0 4.545454545454546 4.545454545454546 4.0 4.0 4.545454545454546 4.545454545454546 4.0 4.0 
28 8.0 8.0 8.0 8.0 8.0 8.0 8.0 8.0 9.090909090909092 9.090909090909092 8.0 8.0 9.090909090909092 9.090909090909092 8.0 8.0 
29 8.0 8.0 8.0 8.0 8.0 8.0 8.0 8.0 9.090909090909092 9.090909090909092 8.0 8.0 9.090909090909092 9.090909090909092 8.0 8.0 
30 8.0 8.0 8.0 8.0 8.0 8.0 8.0 8.0 9.090909090909092 9.090909090909092 8.0 8.0 9.090909090909092 9.090909090909092 8.0 8.0 
16 16.0 16.0 16.0 16.0 16.0 16.0 16.0 16.0 18.181818181818183 18.181818181818183 16.0 16.0 18.181818181818183 18.181818181818183 16.0 16.0 
17 16.0 16.0 16.0 16.0 16.0 16.0 16.0 16.0 18.181818181818183 18.181818181818183 16.0 16.0 18.181818181818183 18.181818181818183 16.0 16.0 
18 2.0 2.0 2.0 2.0 2.0 2.0 2.0 2.0 2.272727272727273 2.272727272727273 2.0 2.0 2.272727272727273 2.272727272727273 2.0 2.0 
19 8.0 8.0 8.0 8.0 8.0 8.0 8.0 8.0 9.090909090909092 9.090909090909092 8.0 8.0 9.090909090909092 9.090909090909092 8.0 8.0 
31 16.0 16.0 16.0 16.0 16.0 16.0 16.0 16.0 18.181818181818183 18.181818181818183 16.0 16.0 18.181818181818183 18.181818181818183 16.0 16.0 
20 8.0 8.0 8.0 8.0 8.0 8.0 8.0 8.0 9.090909090909092 9.090909090909092 8.0 8.0 9.090909090909092 9.090909090909092 8.0 8.0 
21 2.0 2.0 2.0 2.0 2.0 2.0 2.0 2.0 2.272727272727273 2.272727272727273 2.0 2.0 2.272727272727273 2.272727272727273 2.0 2.0 
22 2.0 2.0 2.0 2.0 2.0 2.0 2.0 2.0 2.272727272727273 2.272727272727273 2.0 2.0 2.272727272727273 2.272727272727273 2.0 2.0 
23 8.0 8.0 8.0 8.0 8.0 8.0 8.0 8.0 9.090909090909092 9.090909090909092 8.0 8.0 9.090909090909092 9.090909090909092 8.0 8.0 
24 1.0 1.0 1.0 1.0 1.0 1.0 1.0 1.0 1.1363636363636365 1.1363636363636365 1.0 1.0 1.1363636363636365 1.1363636363636365 1.0 1.0 
25 4.0 4.0 4.0 4.0 4.0 4.0 4.0 4.0 4.545454545454546 4.545454545454546 4.0 4.0 4.545454545454546 4.545454545454546 4.0 4.0 
26 1.0 1.0 1.0 1.0 1.0 1.0 1.0 1.0 1.1363636363636365 1.1363636363636365 1.0 1.0 1.1363636363636365 1.1363636363636365 1.0 1.0 
32 8.0 8.0 8.0 8.0 8.0 8.0 8.0 8.0 9.090909090909092 9.090909090909092 8.0 8.0 9.090909090909092 9.090909090909092 8.0 8.0 
33 8.0 8.0 8.0 8.0 8.0 8.0 8.0 8.0 9.090909090909092 9.090909090909092 8.0 8.0 9.090909090909092 9.090909090909092 8.0 8.0 
34 8.0 8.0 8.0 8.0 8.0 8.0 8.0 8.0 9.090909090909092 9.090909090909092 8.0 8.0 9.090909090909092 9.090909090909092 8.0 8.0 
35 4.0 4.0 4.0 4.0 4.0 4.0 4.0 4.0 4.545454545454546 4.545454545454546 4.0 4.0 4.545454545454546 4.545454545454546 4.0 4.0 
;
set c_0 := 0;
param d := 
[0,*,*] : 
0 1 2 3 := 
0 0 0.0017008 0 0 
1 1.802848 0 0.0017008 0 
2 0 0.00901424 0 0.0017008 
3 0 0 0.08293100799999999 0 
[1,*,*] : 
0 4 5 6 7 36 37 38 39 40 41 42 := 
0 0 3.806666666666667E-4 3.806666666666667E-4 0 0 0 0 3.806666666666667E-4 3.806666666666667E-4 3.806666666666667E-4 0 3.806666666666667E-4 
4 0.4035066666666667 0 0 3.806666666666667E-4 0 0 0 0 0 0 0 0 
5 0.4035066666666667 0 0 3.806666666666667E-4 0 0 0 0 0 0 0 0 
6 0 0.0020175333333333333 0.0020175333333333333 0 5.71E-4 5.71E-4 5.71E-4 0.0020175333333333333 0.0020175333333333333 0.0020175333333333333 5.71E-4 0.0020175333333333333 
7 0 0 0 0.01936832 0 0 0 0 0 0 0 0 
36 0 0 0 0.01936832 0 0 0 0 0 0 0 0 
37 0 0 0 0.01936832 0 0 0 0 0 0 0 0 
38 0.4035066666666667 0 0 3.806666666666667E-4 0 0 0 0 0 0 0 0 
39 0.4035066666666667 0 0 3.806666666666667E-4 0 0 0 0 0 0 0 0 
40 0.4035066666666667 0 0 3.806666666666667E-4 0 0 0 0 0 0 0 0 
41 0 0 0 0.01936832 0 0 0 0 0 0 0 0 
42 0.4035066666666667 0 0 3.806666666666667E-4 0 0 0 0 0 0 0 0 
[2,*,*] : 
0 8 9 10 11 12 13 14 15 27 28 29 30 := 
0 0 6.552E-4 6.552E-4 6.552E-4 6.552E-4 6.552E-4 6.552E-4 0 0 0 0 0 0 
8 0.694512 0 0 0 0 0 0 3.276E-4 0 3.276E-4 0 0 0 
9 0.694512 0 0 0 0 0 0 3.276E-4 0 3.276E-4 0 0 0 
10 0.694512 0 0 0 0 0 0 3.276E-4 0 3.276E-4 0 0 0 
11 0.694512 0 0 0 0 0 0 3.276E-4 0 3.276E-4 0 0 0 
12 0.694512 0 0 0 0 0 0 3.276E-4 0 3.276E-4 0 0 0 
13 0.694512 0 0 0 0 0 0 3.276E-4 0 3.276E-4 0 0 0 
14 0 0.00173628 0.00173628 0.00173628 0.00173628 0.00173628 0.00173628 0 4.914E-4 0 4.914E-4 4.914E-4 4.914E-4 
15 0 0 0 0 0 0 0 2.60442E-4 0 2.60442E-4 0 0 0 
27 0 0.00173628 0.00173628 0.00173628 0.00173628 0.00173628 0.00173628 0 4.914E-4 0 4.914E-4 4.914E-4 4.914E-4 
28 0 0 0 0 0 0 0 2.60442E-4 0 2.60442E-4 0 0 0 
29 0 0 0 0 0 0 0 2.60442E-4 0 2.60442E-4 0 0 0 
30 0 0 0 0 0 0 0 2.60442E-4 0 2.60442E-4 0 0 0 
[3,*,*] : 
0 16 17 18 19 31 := 
0 0 6.293333333333333E-4 6.293333333333333E-4 0 0 6.293333333333333E-4 
16 0.6670933333333333 0 0 6.293333333333333E-4 0 0 
17 0.6670933333333333 0 0 6.293333333333333E-4 0 0 
18 0 0.003335466666666667 0.003335466666666667 0 0.001888 0.003335466666666667 
19 0 0 0 0.0550352 0 0 
31 0.6670933333333333 0 0 6.293333333333333E-4 0 0 
[4,*,*] : 
0 20 21 22 := 
0 0 0.0012768 0 0 
20 1.353408 0 0.0012768 0 
21 0 0.00676704 0 0.0012768 
22 0 0 0.007443744 0 
[5,*,*] : 
0 23 24 25 26 32 33 34 35 := 
0 0 1.844E-4 0 0 0 1.844E-4 1.844E-4 1.844E-4 0 
23 0.195464 0 9.22E-5 0 9.22E-5 0 0 0 0 
24 0 4.8866E-4 0 1.844E-4 0 4.8866E-4 4.8866E-4 4.8866E-4 1.844E-4 
25 0 0 0.0028342280000000003 0 0.0028342280000000003 0 0 0 0 
26 0 4.8866E-4 0 1.844E-4 0 4.8866E-4 4.8866E-4 4.8866E-4 1.844E-4 
32 0.195464 0 9.22E-5 0 9.22E-5 0 0 0 0 
33 0.195464 0 9.22E-5 0 9.22E-5 0 0 0 0 
34 0.195464 0 9.22E-5 0 9.22E-5 0 0 0 0 
35 0 0 0.0028342280000000003 0 0.0028342280000000003 0 0 0 0 
;
param x_bar : 0 1 2 3 4 5 6 7 8 9 10 11 12 13 14 15  := 
0 0 0 0 0 0 0 0 0 0 0 0 0 0 0 0 0 
1 0 0 0 0 0 0 0 0 0 0 0 0 1 0 0 0 
2 0 0 0 0 0 0 0 0 0 0 0 0 1 0 0 0 
3 0 0 0 0 0 0 0 0 0 0 0 0 0 1 0 0 
4 1 0 0 0 0 0 0 0 0 0 0 0 0 0 0 0 
5 0 1 0 0 0 0 0 0 0 0 0 0 0 0 0 0 
6 1 0 0 0 0 0 0 0 0 0 0 0 0 0 0 0 
7 1 0 0 0 0 0 0 0 0 0 0 0 0 0 0 0 
8 0 0 0 0 0 0 0 0 1 0 0 0 0 0 0 0 
9 0 0 0 0 0 0 0 0 0 1 0 0 0 0 0 0 
10 0 0 0 0 0 0 0 0 0 0 0 0 0 0 1 0 
11 0 0 0 0 0 0 0 0 0 0 0 0 0 0 1 0 
12 0 0 0 0 0 0 0 0 0 0 0 0 0 0 0 1 
13 0 0 0 0 0 0 0 0 0 0 0 0 0 0 0 1 
14 0 0 0 0 0 0 0 0 1 0 0 0 0 0 0 0 
15 0 0 0 0 0 0 0 0 0 1 0 0 0 0 0 0 
16 0 0 1 0 0 0 0 0 0 0 0 0 0 0 0 0 
17 0 0 0 1 0 0 0 0 0 0 0 0 0 0 0 0 
18 0 0 0 0 1 0 0 0 0 0 0 0 0 0 0 0 
19 0 0 1 0 0 0 0 0 0 0 0 0 0 0 0 0 
20 0 0 0 1 0 0 0 0 0 0 0 0 0 0 0 0 
21 0 0 1 0 0 0 0 0 0 0 0 0 0 0 0 0 
22 0 0 0 1 0 0 0 0 0 0 0 0 0 0 0 0 
;
