data;
set C_bar :=  1 2 3 4 5 6 7 8 9 10 11 12 13 14 15 16 17 18 19 20 21 22 23 24 ;
set C :=  25 26 27 35 28 29 30 31 32 33 34 36 37 38 39 40 41 42 43 44 ;
set R := 0 1 2 3 4 5 ;
set C_bar_r[0] :=  
1 2 3 4 ;
set C_bar_r[1] :=  
5 6 7 8 9 10 11 ;
set C_bar_r[2] :=  
12 13 14 15 ;
set C_bar_r[3] :=  
16 17 18 19 ;
set C_bar_r[4] :=  
20 21 22 23 24 ;
set C_r[0] :=  
28 29 30 ;
set C_r[1] :=  
31 ;
set C_r[2] :=  
;
set C_r[3] :=  
32 33 34 36 37 38 39 40 41 42 43 44 ;
set C_r[4] :=  
;
set C_r[5] :=  
25 26 27 35 ;
set S :=  0 1 2 3 4 5 6 7 8 9 10 11 12 13 14 15 ;
set S_u :=  0 1 2 3 4 5 6 7 8 9 10 11 12 13 14 15 ;
set S_r[0] := 
6 ;
set S_r[1] := 
6 7 14 ;
set S_r[2] := 
4 5 ;
set S_r[3] := 
0 ;
set S_r[4] := 
7 8 9 ;
set Rack :=  0 1 2 3 4 5 6 7 ;
param COST : 0 1 2 3 4 5 6 7 8 9 10 11 12 13 14 15 :=
0 0 1 3 3 5 5 5 5 5 5 5 5 5 5 5 5 
1 1 0 3 3 5 5 5 5 5 5 5 5 5 5 5 5 
2 3 3 0 1 5 5 5 5 5 5 5 5 5 5 5 5 
3 3 3 1 0 5 5 5 5 5 5 5 5 5 5 5 5 
4 5 5 5 5 0 1 3 3 5 5 5 5 5 5 5 5 
5 5 5 5 5 1 0 3 3 5 5 5 5 5 5 5 5 
6 5 5 5 5 3 3 0 1 5 5 5 5 5 5 5 5 
7 5 5 5 5 3 3 1 0 5 5 5 5 5 5 5 5 
8 5 5 5 5 5 5 5 5 0 1 3 3 5 5 5 5 
9 5 5 5 5 5 5 5 5 1 0 3 3 5 5 5 5 
10 5 5 5 5 5 5 5 5 3 3 0 1 5 5 5 5 
11 5 5 5 5 5 5 5 5 3 3 1 0 5 5 5 5 
12 5 5 5 5 5 5 5 5 5 5 5 5 0 1 3 3 
13 5 5 5 5 5 5 5 5 5 5 5 5 1 0 3 3 
14 5 5 5 5 5 5 5 5 5 5 5 5 3 3 0 1 
15 5 5 5 5 5 5 5 5 5 5 5 5 3 3 1 0 
;
set S_rack[0] :=  
0 1 ;
set S_rack[1] :=  
2 3 ;
set S_rack[2] :=  
4 5 ;
set S_rack[3] :=  
6 7 ;
set S_rack[4] :=  
8 9 ;
set S_rack[5] :=  
10 11 ;
set S_rack[6] :=  
12 13 ;
set S_rack[7] :=  
14 15 ;
param CPU := 
0 21.0
1 28.0
2 28.0
3 28.0
4 42.0
5 48.0
6 12.0
7 18.0
8 20.85714292526245
9 23.2380952835083
10 56.0
11 56.0
12 44.0
13 44.0
14 26.809523820877075
15 28.0
;
param MEM := 
0 170.0
1 192.0
2 48.0
3 48.0
4 136.0
5 160.0
6 138.0
7 158.0
8 76.0
9 80.0
10 192.0
11 192.0
12 128.0
13 128.0
14 95.0
15 96.0
;
param DISK := 
0 132.0
1 192.0
2 48.0
3 48.0
4 82.0
5 142.0
6 76.8
7 112.0
8 44.0
9 60.0
10 192.0
11 192.0
12 128.0
13 128.0
14 92.0
15 96.0
;
param BDW_out := 
0 9.568085333333332
1 10.0
2 10.0
3 10.0
4 9.28795348
5 9.2908276
6 7.24877504
7 8.070221173333334
8 9.378481013333333
9 9.384054133333333
10 10.0
11 10.0
12 10.0
13 10.0
14 9.3481216
15 10.0
;
param BDW_in := 
0 9.999592533333333
1 10.0
2 10.0
3 10.0
4 9.9986632
5 9.99578908
6 9.98937776
7 9.97129048
8 9.9982584
9 9.99634264
10 10.0
11 10.0
12 10.0
13 10.0
14 9.99612928
15 10.0
;
param mem := 
1 8.0
2 8.0
3 32.0
4 2.0
28 2.0
29 8.0
30 8.0
5 1.0
6 1.0
7 1.0
8 1.0
9 1.0
10 16.0
11 2.0
31 2.0
12 32.0
13 32.0
14 16.0
15 8.0
16 2.0
17 2.0
18 16.0
19 2.0
32 16.0
33 2.0
34 2.0
36 2.0
37 2.0
38 16.0
39 2.0
40 2.0
41 16.0
42 2.0
43 2.0
44 2.0
20 16.0
21 16.0
22 16.0
23 2.0
24 2.0
25 32.0
26 16.0
27 8.0
35 8.0
;
param disk := 
1 24.0
2 24.0
3 43.2
4 8.0
28 8.0
29 24.0
30 24.0
5 4.0
6 4.0
7 4.0
8 4.0
9 4.0
10 36.0
11 8.0
31 8.0
12 50.0
13 50.0
14 36.0
15 24.0
16 8.0
17 8.0
18 36.0
19 8.0
32 36.0
33 8.0
34 8.0
36 8.0
37 8.0
38 36.0
39 8.0
40 8.0
41 36.0
42 8.0
43 8.0
44 8.0
20 36.0
21 36.0
22 36.0
23 8.0
24 8.0
25 43.2
26 36.0
27 24.0
35 24.0
;
param cpu : 
0 1 2 3 4 5 6 7 8 9 10 11 12 13 14 15 := 
1 2.0 2.0 2.0 2.0 2.0 2.0 2.0 2.0 2.380952380952381 2.380952380952381 2.0 2.0 2.272727272727273 2.272727272727273 2.380952380952381 2.380952380952381 
2 2.0 2.0 2.0 2.0 2.0 2.0 2.0 2.0 2.380952380952381 2.380952380952381 2.0 2.0 2.272727272727273 2.272727272727273 2.380952380952381 2.380952380952381 
3 8.0 8.0 8.0 8.0 8.0 8.0 8.0 8.0 9.523809523809524 9.523809523809524 8.0 8.0 9.090909090909092 9.090909090909092 9.523809523809524 9.523809523809524 
4 1.0 1.0 1.0 1.0 1.0 1.0 1.0 1.0 1.1904761904761905 1.1904761904761905 1.0 1.0 1.1363636363636365 1.1363636363636365 1.1904761904761905 1.1904761904761905 
28 1.0 1.0 1.0 1.0 1.0 1.0 1.0 1.0 1.1904761904761905 1.1904761904761905 1.0 1.0 1.1363636363636365 1.1363636363636365 1.1904761904761905 1.1904761904761905 
29 2.0 2.0 2.0 2.0 2.0 2.0 2.0 2.0 2.380952380952381 2.380952380952381 2.0 2.0 2.272727272727273 2.272727272727273 2.380952380952381 2.380952380952381 
30 2.0 2.0 2.0 2.0 2.0 2.0 2.0 2.0 2.380952380952381 2.380952380952381 2.0 2.0 2.272727272727273 2.272727272727273 2.380952380952381 2.380952380952381 
5 1.0 1.0 1.0 1.0 1.0 1.0 1.0 1.0 1.1904761904761905 1.1904761904761905 1.0 1.0 1.1363636363636365 1.1363636363636365 1.1904761904761905 1.1904761904761905 
6 1.0 1.0 1.0 1.0 1.0 1.0 1.0 1.0 1.1904761904761905 1.1904761904761905 1.0 1.0 1.1363636363636365 1.1363636363636365 1.1904761904761905 1.1904761904761905 
7 1.0 1.0 1.0 1.0 1.0 1.0 1.0 1.0 1.1904761904761905 1.1904761904761905 1.0 1.0 1.1363636363636365 1.1363636363636365 1.1904761904761905 1.1904761904761905 
8 1.0 1.0 1.0 1.0 1.0 1.0 1.0 1.0 1.1904761904761905 1.1904761904761905 1.0 1.0 1.1363636363636365 1.1363636363636365 1.1904761904761905 1.1904761904761905 
9 1.0 1.0 1.0 1.0 1.0 1.0 1.0 1.0 1.1904761904761905 1.1904761904761905 1.0 1.0 1.1363636363636365 1.1363636363636365 1.1904761904761905 1.1904761904761905 
10 4.0 4.0 4.0 4.0 4.0 4.0 4.0 4.0 4.761904761904762 4.761904761904762 4.0 4.0 4.545454545454546 4.545454545454546 4.761904761904762 4.761904761904762 
11 1.0 1.0 1.0 1.0 1.0 1.0 1.0 1.0 1.1904761904761905 1.1904761904761905 1.0 1.0 1.1363636363636365 1.1363636363636365 1.1904761904761905 1.1904761904761905 
31 1.0 1.0 1.0 1.0 1.0 1.0 1.0 1.0 1.1904761904761905 1.1904761904761905 1.0 1.0 1.1363636363636365 1.1363636363636365 1.1904761904761905 1.1904761904761905 
12 8.0 8.0 8.0 8.0 8.0 8.0 8.0 8.0 9.523809523809524 9.523809523809524 8.0 8.0 9.090909090909092 9.090909090909092 9.523809523809524 9.523809523809524 
13 8.0 8.0 8.0 8.0 8.0 8.0 8.0 8.0 9.523809523809524 9.523809523809524 8.0 8.0 9.090909090909092 9.090909090909092 9.523809523809524 9.523809523809524 
14 4.0 4.0 4.0 4.0 4.0 4.0 4.0 4.0 4.761904761904762 4.761904761904762 4.0 4.0 4.545454545454546 4.545454545454546 4.761904761904762 4.761904761904762 
15 2.0 2.0 2.0 2.0 2.0 2.0 2.0 2.0 2.380952380952381 2.380952380952381 2.0 2.0 2.272727272727273 2.272727272727273 2.380952380952381 2.380952380952381 
16 1.0 1.0 1.0 1.0 1.0 1.0 1.0 1.0 1.1904761904761905 1.1904761904761905 1.0 1.0 1.1363636363636365 1.1363636363636365 1.1904761904761905 1.1904761904761905 
17 1.0 1.0 1.0 1.0 1.0 1.0 1.0 1.0 1.1904761904761905 1.1904761904761905 1.0 1.0 1.1363636363636365 1.1363636363636365 1.1904761904761905 1.1904761904761905 
18 4.0 4.0 4.0 4.0 4.0 4.0 4.0 4.0 4.761904761904762 4.761904761904762 4.0 4.0 4.545454545454546 4.545454545454546 4.761904761904762 4.761904761904762 
19 1.0 1.0 1.0 1.0 1.0 1.0 1.0 1.0 1.1904761904761905 1.1904761904761905 1.0 1.0 1.1363636363636365 1.1363636363636365 1.1904761904761905 1.1904761904761905 
32 4.0 4.0 4.0 4.0 4.0 4.0 4.0 4.0 4.761904761904762 4.761904761904762 4.0 4.0 4.545454545454546 4.545454545454546 4.761904761904762 4.761904761904762 
33 1.0 1.0 1.0 1.0 1.0 1.0 1.0 1.0 1.1904761904761905 1.1904761904761905 1.0 1.0 1.1363636363636365 1.1363636363636365 1.1904761904761905 1.1904761904761905 
34 1.0 1.0 1.0 1.0 1.0 1.0 1.0 1.0 1.1904761904761905 1.1904761904761905 1.0 1.0 1.1363636363636365 1.1363636363636365 1.1904761904761905 1.1904761904761905 
36 1.0 1.0 1.0 1.0 1.0 1.0 1.0 1.0 1.1904761904761905 1.1904761904761905 1.0 1.0 1.1363636363636365 1.1363636363636365 1.1904761904761905 1.1904761904761905 
37 1.0 1.0 1.0 1.0 1.0 1.0 1.0 1.0 1.1904761904761905 1.1904761904761905 1.0 1.0 1.1363636363636365 1.1363636363636365 1.1904761904761905 1.1904761904761905 
38 4.0 4.0 4.0 4.0 4.0 4.0 4.0 4.0 4.761904761904762 4.761904761904762 4.0 4.0 4.545454545454546 4.545454545454546 4.761904761904762 4.761904761904762 
39 1.0 1.0 1.0 1.0 1.0 1.0 1.0 1.0 1.1904761904761905 1.1904761904761905 1.0 1.0 1.1363636363636365 1.1363636363636365 1.1904761904761905 1.1904761904761905 
40 1.0 1.0 1.0 1.0 1.0 1.0 1.0 1.0 1.1904761904761905 1.1904761904761905 1.0 1.0 1.1363636363636365 1.1363636363636365 1.1904761904761905 1.1904761904761905 
41 4.0 4.0 4.0 4.0 4.0 4.0 4.0 4.0 4.761904761904762 4.761904761904762 4.0 4.0 4.545454545454546 4.545454545454546 4.761904761904762 4.761904761904762 
42 1.0 1.0 1.0 1.0 1.0 1.0 1.0 1.0 1.1904761904761905 1.1904761904761905 1.0 1.0 1.1363636363636365 1.1363636363636365 1.1904761904761905 1.1904761904761905 
43 1.0 1.0 1.0 1.0 1.0 1.0 1.0 1.0 1.1904761904761905 1.1904761904761905 1.0 1.0 1.1363636363636365 1.1363636363636365 1.1904761904761905 1.1904761904761905 
44 1.0 1.0 1.0 1.0 1.0 1.0 1.0 1.0 1.1904761904761905 1.1904761904761905 1.0 1.0 1.1363636363636365 1.1363636363636365 1.1904761904761905 1.1904761904761905 
20 4.0 4.0 4.0 4.0 4.0 4.0 4.0 4.0 4.761904761904762 4.761904761904762 4.0 4.0 4.545454545454546 4.545454545454546 4.761904761904762 4.761904761904762 
21 4.0 4.0 4.0 4.0 4.0 4.0 4.0 4.0 4.761904761904762 4.761904761904762 4.0 4.0 4.545454545454546 4.545454545454546 4.761904761904762 4.761904761904762 
22 4.0 4.0 4.0 4.0 4.0 4.0 4.0 4.0 4.761904761904762 4.761904761904762 4.0 4.0 4.545454545454546 4.545454545454546 4.761904761904762 4.761904761904762 
23 1.0 1.0 1.0 1.0 1.0 1.0 1.0 1.0 1.1904761904761905 1.1904761904761905 1.0 1.0 1.1363636363636365 1.1363636363636365 1.1904761904761905 1.1904761904761905 
24 1.0 1.0 1.0 1.0 1.0 1.0 1.0 1.0 1.1904761904761905 1.1904761904761905 1.0 1.0 1.1363636363636365 1.1363636363636365 1.1904761904761905 1.1904761904761905 
25 8.0 8.0 8.0 8.0 8.0 8.0 8.0 8.0 9.523809523809524 9.523809523809524 8.0 8.0 9.090909090909092 9.090909090909092 9.523809523809524 9.523809523809524 
26 4.0 4.0 4.0 4.0 4.0 4.0 4.0 4.0 4.761904761904762 4.761904761904762 4.0 4.0 4.545454545454546 4.545454545454546 4.761904761904762 4.761904761904762 
27 2.0 2.0 2.0 2.0 2.0 2.0 2.0 2.0 2.380952380952381 2.380952380952381 2.0 2.0 2.272727272727273 2.272727272727273 2.380952380952381 2.380952380952381 
35 2.0 2.0 2.0 2.0 2.0 2.0 2.0 2.0 2.380952380952381 2.380952380952381 2.0 2.0 2.272727272727273 2.272727272727273 2.380952380952381 2.380952380952381 
;
set c_0 := 0;
param d := 
[0,*,*] : 
0 1 2 3 4 28 29 30 := 
0 0 6.724E-4 6.724E-4 0 0 0 6.724E-4 6.724E-4 
1 0.7127439999999999 0 0 6.724E-4 0 0 0 0 
2 0.7127439999999999 0 0 6.724E-4 0 0 0 0 
3 0 0.00356372 0.00356372 0 0.0013448 0.0013448 0.00356372 0.00356372 
4 0 0 0 0.063434216 0 0 0 0 
28 0 0 0 0.063434216 0 0 0 0 
29 0.7127439999999999 0 0 6.724E-4 0 0 0 0 
30 0.7127439999999999 0 0 6.724E-4 0 0 0 0 
[1,*,*] : 
0 5 6 7 8 9 10 11 31 := 
0 0 6.144E-4 6.144E-4 6.144E-4 6.144E-4 6.144E-4 0 0 0 
5 0.6512640000000001 0 0 0 0 0 6.144E-4 0 0 
6 0.6512640000000001 0 0 0 0 0 6.144E-4 0 0 
7 0.6512640000000001 0 0 0 0 0 6.144E-4 0 0 
8 0.6512640000000001 0 0 0 0 0 6.144E-4 0 0 
9 0.6512640000000001 0 0 0 0 0 6.144E-4 0 0 
10 0 0.00325632 0.00325632 0.00325632 0.00325632 0.00325632 0 0.001536 0.001536 
11 0 0 0 0 0 0 0.021980160000000002 0 0 
31 0 0 0 0 0 0 0.021980160000000002 0 0 
[2,*,*] : 
0 12 13 14 15 := 
0 0 6.684E-4 6.684E-4 0 0 
12 0.708504 0 0 6.684E-4 0 
13 0.708504 0 0 6.684E-4 0 
14 0 0.0035425200000000004 0.0035425200000000004 0 0.0013368 
15 0 0 0 0.068016384 0 
[3,*,*] : 
0 16 17 18 19 32 33 34 36 37 38 39 40 41 42 43 44 := 
0 0 2.0373333333333334E-4 2.0373333333333334E-4 0 0 0 2.0373333333333334E-4 0 2.0373333333333334E-4 0 0 0 0 0 2.0373333333333334E-4 2.0373333333333334E-4 0 
16 0.21595733333333333 0 0 5.0933333333333336E-5 0 5.0933333333333336E-5 0 0 0 0 5.0933333333333336E-5 0 0 5.0933333333333336E-5 0 0 0 
17 0.21595733333333333 0 0 5.0933333333333336E-5 0 5.0933333333333336E-5 0 0 0 0 5.0933333333333336E-5 0 0 5.0933333333333336E-5 0 0 0 
18 0 2.6994666666666666E-4 2.6994666666666666E-4 0 5.0933333333333336E-5 0 2.6994666666666666E-4 5.0933333333333336E-5 2.6994666666666666E-4 5.0933333333333336E-5 0 5.0933333333333336E-5 5.0933333333333336E-5 0 2.6994666666666666E-4 2.6994666666666666E-4 5.0933333333333336E-5 
19 0 0 0 8.0984E-5 0 8.0984E-5 0 0 0 0 8.0984E-5 0 0 8.0984E-5 0 0 0 
32 0 2.6994666666666666E-4 2.6994666666666666E-4 0 5.0933333333333336E-5 0 2.6994666666666666E-4 5.0933333333333336E-5 2.6994666666666666E-4 5.0933333333333336E-5 0 5.0933333333333336E-5 5.0933333333333336E-5 0 2.6994666666666666E-4 2.6994666666666666E-4 5.0933333333333336E-5 
33 0.21595733333333333 0 0 5.0933333333333336E-5 0 5.0933333333333336E-5 0 0 0 0 5.0933333333333336E-5 0 0 5.0933333333333336E-5 0 0 0 
34 0 0 0 8.0984E-5 0 8.0984E-5 0 0 0 0 8.0984E-5 0 0 8.0984E-5 0 0 0 
36 0.21595733333333333 0 0 5.0933333333333336E-5 0 5.0933333333333336E-5 0 0 0 0 5.0933333333333336E-5 0 0 5.0933333333333336E-5 0 0 0 
37 0 0 0 8.0984E-5 0 8.0984E-5 0 0 0 0 8.0984E-5 0 0 8.0984E-5 0 0 0 
38 0 2.6994666666666666E-4 2.6994666666666666E-4 0 5.0933333333333336E-5 0 2.6994666666666666E-4 5.0933333333333336E-5 2.6994666666666666E-4 5.0933333333333336E-5 0 5.0933333333333336E-5 5.0933333333333336E-5 0 2.6994666666666666E-4 2.6994666666666666E-4 5.0933333333333336E-5 
39 0 0 0 8.0984E-5 0 8.0984E-5 0 0 0 0 8.0984E-5 0 0 8.0984E-5 0 0 0 
40 0 0 0 8.0984E-5 0 8.0984E-5 0 0 0 0 8.0984E-5 0 0 8.0984E-5 0 0 0 
41 0 2.6994666666666666E-4 2.6994666666666666E-4 0 5.0933333333333336E-5 0 2.6994666666666666E-4 5.0933333333333336E-5 2.6994666666666666E-4 5.0933333333333336E-5 0 5.0933333333333336E-5 5.0933333333333336E-5 0 2.6994666666666666E-4 2.6994666666666666E-4 5.0933333333333336E-5 
42 0.21595733333333333 0 0 5.0933333333333336E-5 0 5.0933333333333336E-5 0 0 0 0 5.0933333333333336E-5 0 0 5.0933333333333336E-5 0 0 0 
43 0.21595733333333333 0 0 5.0933333333333336E-5 0 5.0933333333333336E-5 0 0 0 0 5.0933333333333336E-5 0 0 5.0933333333333336E-5 0 0 0 
44 0 0 0 8.0984E-5 0 8.0984E-5 0 0 0 0 8.0984E-5 0 0 8.0984E-5 0 0 0 
[4,*,*] : 
0 20 21 22 23 24 := 
0 0 5.805333333333333E-4 5.805333333333333E-4 5.805333333333333E-4 0 0 
20 0.6153653333333333 0 0 0 5.805333333333333E-4 0 
21 0.6153653333333333 0 0 0 5.805333333333333E-4 0 
22 0.6153653333333333 0 0 0 5.805333333333333E-4 0 
23 0 0.0030768266666666663 0.0030768266666666663 0.0030768266666666663 0 0.0017416 
24 0 0 0 0 0.04153716 0 
[5,*,*] : 
0 25 26 27 35 := 
0 0 0.0020144 0 0 0 
25 2.135264 0 0.0020144 0 0 
26 0 0.01067632 0 0.0010072 0.0010072 
27 0 0 0.009608688 0 0 
35 0 0 0.009608688 0 0 
;
param x_bar : 0 1 2 3 4 5 6 7 8 9 10 11 12 13 14 15  := 
0 0 0 0 0 0 0 0 0 0 0 0 0 0 0 0 0 
1 0 0 0 0 0 0 1 0 0 0 0 0 0 0 0 0 
2 0 0 0 0 0 0 1 0 0 0 0 0 0 0 0 0 
3 0 0 0 0 0 0 1 0 0 0 0 0 0 0 0 0 
4 0 0 0 0 0 0 1 0 0 0 0 0 0 0 0 0 
5 0 0 0 0 0 0 1 0 0 0 0 0 0 0 0 0 
6 0 0 0 0 0 0 1 0 0 0 0 0 0 0 0 0 
7 0 0 0 0 0 0 0 1 0 0 0 0 0 0 0 0 
8 0 0 0 0 0 0 0 1 0 0 0 0 0 0 0 0 
9 0 0 0 0 0 0 0 0 0 0 0 0 0 0 1 0 
10 0 0 0 0 0 0 0 1 0 0 0 0 0 0 0 0 
11 0 0 0 0 0 0 1 0 0 0 0 0 0 0 0 0 
12 0 0 0 0 1 0 0 0 0 0 0 0 0 0 0 0 
13 0 0 0 0 0 1 0 0 0 0 0 0 0 0 0 0 
14 0 0 0 0 1 0 0 0 0 0 0 0 0 0 0 0 
15 0 0 0 0 1 0 0 0 0 0 0 0 0 0 0 0 
16 1 0 0 0 0 0 0 0 0 0 0 0 0 0 0 0 
17 1 0 0 0 0 0 0 0 0 0 0 0 0 0 0 0 
18 1 0 0 0 0 0 0 0 0 0 0 0 0 0 0 0 
19 1 0 0 0 0 0 0 0 0 0 0 0 0 0 0 0 
20 0 0 0 0 0 0 0 0 1 0 0 0 0 0 0 0 
21 0 0 0 0 0 0 0 0 0 1 0 0 0 0 0 0 
22 0 0 0 0 0 0 0 1 0 0 0 0 0 0 0 0 
23 0 0 0 0 0 0 0 0 1 0 0 0 0 0 0 0 
24 0 0 0 0 0 0 0 0 1 0 0 0 0 0 0 0 
;
