data;
set C_bar :=  1 2 3 4 5 6 7 8 9 10 11 12 13 14 15 16 17 18 19 20 21 ;
set C :=  22 23 24 30 31 32 33 34 35 36 37 28 29 25 26 27 38 39 40 41 ;
set R := 0 1 2 3 4 5 ;
set C_bar_r[0] :=  
1 2 3 4 5 ;
set C_bar_r[1] :=  
6 7 8 9 ;
set C_bar_r[2] :=  
10 11 12 13 14 ;
set C_bar_r[3] :=  
15 16 17 18 ;
set C_bar_r[4] :=  
19 20 21 ;
set C_r[0] :=  
30 31 32 33 34 35 36 37 ;
set C_r[1] :=  
;
set C_r[2] :=  
28 29 ;
set C_r[3] :=  
25 26 27 ;
set C_r[4] :=  
38 39 40 41 ;
set C_r[5] :=  
22 23 24 ;
set S :=  0 1 2 3 4 5 6 7 8 9 10 11 12 13 14 15 ;
set S_u :=  0 1 2 3 4 5 6 7 8 9 10 11 12 13 14 15 ;
set S_r[0] := 
10 11 ;
set S_r[1] := 
0 1 14 ;
set S_r[2] := 
11 12 15 ;
set S_r[3] := 
4 5 ;
set S_r[4] := 
12 13 ;
set Rack :=  0 1 2 3 4 5 6 7 ;
param COST : 0 1 2 3 4 5 6 7 8 9 10 11 12 13 14 15 :=
0 0 1 3 3 5 5 5 5 5 5 5 5 5 5 5 5 
1 1 0 3 3 5 5 5 5 5 5 5 5 5 5 5 5 
2 3 3 0 1 5 5 5 5 5 5 5 5 5 5 5 5 
3 3 3 1 0 5 5 5 5 5 5 5 5 5 5 5 5 
4 5 5 5 5 0 1 3 3 5 5 5 5 5 5 5 5 
5 5 5 5 5 1 0 3 3 5 5 5 5 5 5 5 5 
6 5 5 5 5 3 3 0 1 5 5 5 5 5 5 5 5 
7 5 5 5 5 3 3 1 0 5 5 5 5 5 5 5 5 
8 5 5 5 5 5 5 5 5 0 1 3 3 5 5 5 5 
9 5 5 5 5 5 5 5 5 1 0 3 3 5 5 5 5 
10 5 5 5 5 5 5 5 5 3 3 0 1 5 5 5 5 
11 5 5 5 5 5 5 5 5 3 3 1 0 5 5 5 5 
12 5 5 5 5 5 5 5 5 5 5 5 5 0 1 3 3 
13 5 5 5 5 5 5 5 5 5 5 5 5 1 0 3 3 
14 5 5 5 5 5 5 5 5 5 5 5 5 3 3 0 1 
15 5 5 5 5 5 5 5 5 5 5 5 5 3 3 1 0 
;
set S_rack[0] :=  
0 1 ;
set S_rack[1] :=  
2 3 ;
set S_rack[2] :=  
4 5 ;
set S_rack[3] :=  
6 7 ;
set S_rack[4] :=  
8 9 ;
set S_rack[5] :=  
10 11 ;
set S_rack[6] :=  
12 13 ;
set S_rack[7] :=  
14 15 ;
param CPU := 
0 34.909090995788574
1 25.81818199157715
2 56.0
3 56.0
4 32.63636374473572
5 39.45454549789429
6 28.0
7 28.0
8 28.0
9 28.0
10 19.666666746139526
11 22.047619104385376
12 35.0
13 52.0
14 24.0
15 26.0
;
param MEM := 
0 96.0
1 64.0
2 192.0
3 192.0
4 92.0
5 112.0
6 192.0
7 192.0
8 192.0
9 192.0
10 74.0
11 78.0
12 111.0
13 176.0
14 40.0
15 40.0
;
param DISK := 
0 78.0
1 64.0
2 192.0
3 192.0
4 40.0
5 92.0
6 192.0
7 192.0
8 192.0
9 192.0
10 36.0
11 40.0
12 58.8
13 156.0
14 16.0
15 24.0
;
param BDW_out := 
0 9.98249608
1 9.888086048
2 10.0
3 10.0
4 9.80568928
5 9.8064736
6 10.0
7 10.0
8 10.0
9 10.0
10 9.008144808888888
11 8.891071511111111
12 7.0800837219999995
13 9.99240094
14 7.052117600000001
15 9.693371
;
param BDW_in := 
0 9.885307648
1 9.9972216
2 10.0
3 10.0
4 9.9996352
5 9.99885088
6 10.0
7 10.0
8 10.0
9 10.0
10 9.998909244444445
11 9.995065275555556
12 9.98879554
13 9.987382822
14 9.98249608
15 9.9981793
;
param mem := 
1 2.0
2 2.0
3 2.0
4 16.0
5 2.0
30 2.0
31 2.0
32 16.0
33 2.0
34 2.0
35 16.0
36 2.0
37 2.0
6 4.0
7 4.0
8 32.0
9 64.0
10 8.0
11 8.0
12 8.0
13 32.0
14 16.0
28 8.0
29 16.0
15 16.0
16 16.0
17 4.0
18 16.0
25 16.0
26 16.0
27 16.0
19 32.0
20 16.0
21 1.0
38 1.0
39 1.0
40 1.0
41 16.0
22 64.0
23 8.0
24 8.0
;
param disk := 
1 8.0
2 8.0
3 8.0
4 36.0
5 8.0
30 8.0
31 8.0
32 36.0
33 8.0
34 8.0
35 36.0
36 8.0
37 8.0
6 16.0
7 16.0
8 50.0
9 64.0
10 24.0
11 24.0
12 24.0
13 50.0
14 36.0
28 24.0
29 36.0
15 36.0
16 36.0
17 16.0
18 36.0
25 36.0
26 36.0
27 36.0
19 43.2
20 36.0
21 4.0
38 4.0
39 4.0
40 4.0
41 36.0
22 64.0
23 24.0
24 24.0
;
param cpu : 
0 1 2 3 4 5 6 7 8 9 10 11 12 13 14 15 := 
1 1.1363636363636365 1.1363636363636365 1.0 1.0 1.1363636363636365 1.1363636363636365 1.0 1.0 1.0 1.0 1.1904761904761905 1.1904761904761905 1.0 1.0 1.0 1.0 
2 1.1363636363636365 1.1363636363636365 1.0 1.0 1.1363636363636365 1.1363636363636365 1.0 1.0 1.0 1.0 1.1904761904761905 1.1904761904761905 1.0 1.0 1.0 1.0 
3 1.1363636363636365 1.1363636363636365 1.0 1.0 1.1363636363636365 1.1363636363636365 1.0 1.0 1.0 1.0 1.1904761904761905 1.1904761904761905 1.0 1.0 1.0 1.0 
4 4.545454545454546 4.545454545454546 4.0 4.0 4.545454545454546 4.545454545454546 4.0 4.0 4.0 4.0 4.761904761904762 4.761904761904762 4.0 4.0 4.0 4.0 
5 1.1363636363636365 1.1363636363636365 1.0 1.0 1.1363636363636365 1.1363636363636365 1.0 1.0 1.0 1.0 1.1904761904761905 1.1904761904761905 1.0 1.0 1.0 1.0 
30 1.1363636363636365 1.1363636363636365 1.0 1.0 1.1363636363636365 1.1363636363636365 1.0 1.0 1.0 1.0 1.1904761904761905 1.1904761904761905 1.0 1.0 1.0 1.0 
31 1.1363636363636365 1.1363636363636365 1.0 1.0 1.1363636363636365 1.1363636363636365 1.0 1.0 1.0 1.0 1.1904761904761905 1.1904761904761905 1.0 1.0 1.0 1.0 
32 4.545454545454546 4.545454545454546 4.0 4.0 4.545454545454546 4.545454545454546 4.0 4.0 4.0 4.0 4.761904761904762 4.761904761904762 4.0 4.0 4.0 4.0 
33 1.1363636363636365 1.1363636363636365 1.0 1.0 1.1363636363636365 1.1363636363636365 1.0 1.0 1.0 1.0 1.1904761904761905 1.1904761904761905 1.0 1.0 1.0 1.0 
34 1.1363636363636365 1.1363636363636365 1.0 1.0 1.1363636363636365 1.1363636363636365 1.0 1.0 1.0 1.0 1.1904761904761905 1.1904761904761905 1.0 1.0 1.0 1.0 
35 4.545454545454546 4.545454545454546 4.0 4.0 4.545454545454546 4.545454545454546 4.0 4.0 4.0 4.0 4.761904761904762 4.761904761904762 4.0 4.0 4.0 4.0 
36 1.1363636363636365 1.1363636363636365 1.0 1.0 1.1363636363636365 1.1363636363636365 1.0 1.0 1.0 1.0 1.1904761904761905 1.1904761904761905 1.0 1.0 1.0 1.0 
37 1.1363636363636365 1.1363636363636365 1.0 1.0 1.1363636363636365 1.1363636363636365 1.0 1.0 1.0 1.0 1.1904761904761905 1.1904761904761905 1.0 1.0 1.0 1.0 
6 2.272727272727273 2.272727272727273 2.0 2.0 2.272727272727273 2.272727272727273 2.0 2.0 2.0 2.0 2.380952380952381 2.380952380952381 2.0 2.0 2.0 2.0 
7 2.272727272727273 2.272727272727273 2.0 2.0 2.272727272727273 2.272727272727273 2.0 2.0 2.0 2.0 2.380952380952381 2.380952380952381 2.0 2.0 2.0 2.0 
8 9.090909090909092 9.090909090909092 8.0 8.0 9.090909090909092 9.090909090909092 8.0 8.0 8.0 8.0 9.523809523809524 9.523809523809524 8.0 8.0 8.0 8.0 
9 18.181818181818183 18.181818181818183 16.0 16.0 18.181818181818183 18.181818181818183 16.0 16.0 16.0 16.0 19.047619047619047 19.047619047619047 16.0 16.0 16.0 16.0 
10 2.272727272727273 2.272727272727273 2.0 2.0 2.272727272727273 2.272727272727273 2.0 2.0 2.0 2.0 2.380952380952381 2.380952380952381 2.0 2.0 2.0 2.0 
11 2.272727272727273 2.272727272727273 2.0 2.0 2.272727272727273 2.272727272727273 2.0 2.0 2.0 2.0 2.380952380952381 2.380952380952381 2.0 2.0 2.0 2.0 
12 2.272727272727273 2.272727272727273 2.0 2.0 2.272727272727273 2.272727272727273 2.0 2.0 2.0 2.0 2.380952380952381 2.380952380952381 2.0 2.0 2.0 2.0 
13 9.090909090909092 9.090909090909092 8.0 8.0 9.090909090909092 9.090909090909092 8.0 8.0 8.0 8.0 9.523809523809524 9.523809523809524 8.0 8.0 8.0 8.0 
14 4.545454545454546 4.545454545454546 4.0 4.0 4.545454545454546 4.545454545454546 4.0 4.0 4.0 4.0 4.761904761904762 4.761904761904762 4.0 4.0 4.0 4.0 
28 2.272727272727273 2.272727272727273 2.0 2.0 2.272727272727273 2.272727272727273 2.0 2.0 2.0 2.0 2.380952380952381 2.380952380952381 2.0 2.0 2.0 2.0 
29 4.545454545454546 4.545454545454546 4.0 4.0 4.545454545454546 4.545454545454546 4.0 4.0 4.0 4.0 4.761904761904762 4.761904761904762 4.0 4.0 4.0 4.0 
15 4.545454545454546 4.545454545454546 4.0 4.0 4.545454545454546 4.545454545454546 4.0 4.0 4.0 4.0 4.761904761904762 4.761904761904762 4.0 4.0 4.0 4.0 
16 4.545454545454546 4.545454545454546 4.0 4.0 4.545454545454546 4.545454545454546 4.0 4.0 4.0 4.0 4.761904761904762 4.761904761904762 4.0 4.0 4.0 4.0 
17 2.272727272727273 2.272727272727273 2.0 2.0 2.272727272727273 2.272727272727273 2.0 2.0 2.0 2.0 2.380952380952381 2.380952380952381 2.0 2.0 2.0 2.0 
18 4.545454545454546 4.545454545454546 4.0 4.0 4.545454545454546 4.545454545454546 4.0 4.0 4.0 4.0 4.761904761904762 4.761904761904762 4.0 4.0 4.0 4.0 
25 4.545454545454546 4.545454545454546 4.0 4.0 4.545454545454546 4.545454545454546 4.0 4.0 4.0 4.0 4.761904761904762 4.761904761904762 4.0 4.0 4.0 4.0 
26 4.545454545454546 4.545454545454546 4.0 4.0 4.545454545454546 4.545454545454546 4.0 4.0 4.0 4.0 4.761904761904762 4.761904761904762 4.0 4.0 4.0 4.0 
27 4.545454545454546 4.545454545454546 4.0 4.0 4.545454545454546 4.545454545454546 4.0 4.0 4.0 4.0 4.761904761904762 4.761904761904762 4.0 4.0 4.0 4.0 
19 9.090909090909092 9.090909090909092 8.0 8.0 9.090909090909092 9.090909090909092 8.0 8.0 8.0 8.0 9.523809523809524 9.523809523809524 8.0 8.0 8.0 8.0 
20 4.545454545454546 4.545454545454546 4.0 4.0 4.545454545454546 4.545454545454546 4.0 4.0 4.0 4.0 4.761904761904762 4.761904761904762 4.0 4.0 4.0 4.0 
21 1.1363636363636365 1.1363636363636365 1.0 1.0 1.1363636363636365 1.1363636363636365 1.0 1.0 1.0 1.0 1.1904761904761905 1.1904761904761905 1.0 1.0 1.0 1.0 
38 1.1363636363636365 1.1363636363636365 1.0 1.0 1.1363636363636365 1.1363636363636365 1.0 1.0 1.0 1.0 1.1904761904761905 1.1904761904761905 1.0 1.0 1.0 1.0 
39 1.1363636363636365 1.1363636363636365 1.0 1.0 1.1363636363636365 1.1363636363636365 1.0 1.0 1.0 1.0 1.1904761904761905 1.1904761904761905 1.0 1.0 1.0 1.0 
40 1.1363636363636365 1.1363636363636365 1.0 1.0 1.1363636363636365 1.1363636363636365 1.0 1.0 1.0 1.0 1.1904761904761905 1.1904761904761905 1.0 1.0 1.0 1.0 
41 4.545454545454546 4.545454545454546 4.0 4.0 4.545454545454546 4.545454545454546 4.0 4.0 4.0 4.0 4.761904761904762 4.761904761904762 4.0 4.0 4.0 4.0 
22 18.181818181818183 18.181818181818183 16.0 16.0 18.181818181818183 18.181818181818183 16.0 16.0 16.0 16.0 19.047619047619047 19.047619047619047 16.0 16.0 16.0 16.0 
23 2.272727272727273 2.272727272727273 2.0 2.0 2.272727272727273 2.272727272727273 2.0 2.0 2.0 2.0 2.380952380952381 2.380952380952381 2.0 2.0 2.0 2.0 
24 2.272727272727273 2.272727272727273 2.0 2.0 2.272727272727273 2.272727272727273 2.0 2.0 2.0 2.0 2.380952380952381 2.380952380952381 2.0 2.0 2.0 2.0 
;
set c_0 := 0;
param d := 
[0,*,*] : 
0 1 2 3 4 5 30 31 32 33 34 35 36 37 := 
0 0 4.674666666666667E-4 4.674666666666667E-4 4.674666666666667E-4 0 0 0 4.674666666666667E-4 0 4.674666666666667E-4 0 0 0 4.674666666666667E-4 
1 0.4955146666666667 0 0 0 1.5582222222222222E-4 0 0 0 1.5582222222222222E-4 0 0 1.5582222222222222E-4 0 0 
2 0.4955146666666667 0 0 0 1.5582222222222222E-4 0 0 0 1.5582222222222222E-4 0 0 1.5582222222222222E-4 0 0 
3 0.4955146666666667 0 0 0 1.5582222222222222E-4 0 0 0 1.5582222222222222E-4 0 0 1.5582222222222222E-4 0 0 
4 0 8.258577777777778E-4 8.258577777777778E-4 8.258577777777778E-4 0 2.3373333333333334E-4 2.3373333333333334E-4 8.258577777777778E-4 0 8.258577777777778E-4 2.3373333333333334E-4 0 2.3373333333333334E-4 8.258577777777778E-4 
5 0 0 0 0 0.001486544 0 0 0 0.001486544 0 0 0.001486544 0 0 
30 0 0 0 0 0.001486544 0 0 0 0.001486544 0 0 0.001486544 0 0 
31 0.4955146666666667 0 0 0 1.5582222222222222E-4 0 0 0 1.5582222222222222E-4 0 0 1.5582222222222222E-4 0 0 
32 0 8.258577777777778E-4 8.258577777777778E-4 8.258577777777778E-4 0 2.3373333333333334E-4 2.3373333333333334E-4 8.258577777777778E-4 0 8.258577777777778E-4 2.3373333333333334E-4 0 2.3373333333333334E-4 8.258577777777778E-4 
33 0.4955146666666667 0 0 0 1.5582222222222222E-4 0 0 0 1.5582222222222222E-4 0 0 1.5582222222222222E-4 0 0 
34 0 0 0 0 0.001486544 0 0 0 0.001486544 0 0 0.001486544 0 0 
35 0 8.258577777777778E-4 8.258577777777778E-4 8.258577777777778E-4 0 2.3373333333333334E-4 2.3373333333333334E-4 8.258577777777778E-4 0 8.258577777777778E-4 2.3373333333333334E-4 0 2.3373333333333334E-4 8.258577777777778E-4 
36 0 0 0 0 0.001486544 0 0 0 0.001486544 0 0 0.001486544 0 0 
37 0.4955146666666667 0 0 0 1.5582222222222222E-4 0 0 0 1.5582222222222222E-4 0 0 1.5582222222222222E-4 0 0 
[1,*,*] : 
0 6 7 8 9 := 
0 0 0.0013892 0.0013892 0 0 
6 1.4725519999999999 0 0 0.0013892 0 
7 1.4725519999999999 0 0 0.0013892 0 
8 0 0.0073627599999999994 0.0073627599999999994 0 0.0027784 
9 0 0 0 0.11191395199999998 0 
[2,*,*] : 
0 10 11 12 13 14 28 29 := 
0 0 2.89E-4 2.89E-4 2.89E-4 0 0 2.89E-4 0 
10 0.30634 0 0 0 2.89E-4 0 0 0 
11 0.30634 0 0 0 2.89E-4 0 0 0 
12 0.30634 0 0 0 2.89E-4 0 0 0 
13 0 0.0015317 0.0015317 0.0015317 0 5.78E-4 0.0015317 5.78E-4 
14 0 0 0 0 0.018380399999999998 0 0 0 
28 0.30634 0 0 0 2.89E-4 0 0 0 
29 0 0 0 0 0.018380399999999998 0 0 0 
[3,*,*] : 
0 15 16 17 18 25 26 27 := 
0 0 1.824E-4 1.824E-4 0 0 0 1.824E-4 1.824E-4 
15 0.193344 0 0 1.824E-4 0 0 0 0 
16 0.193344 0 0 1.824E-4 0 0 0 0 
17 0 9.6672E-4 9.6672E-4 0 3.648E-4 3.648E-4 9.6672E-4 9.6672E-4 
18 0 0 0 0.00676704 0 0 0 0 
25 0 0 0 0.00676704 0 0 0 0 
26 0.193344 0 0 1.824E-4 0 0 0 0 
27 0.193344 0 0 1.824E-4 0 0 0 0 
[4,*,*] : 
0 19 20 21 38 39 40 41 := 
0 0 0.0027384 0 0 0 0 0 0 
19 2.9027040000000004 0 0.0013692 0 0 0 0 0.0013692 
20 0 0.007256760000000001 0 3.423E-4 3.423E-4 3.423E-4 3.423E-4 0 
21 0 0 0.011247978000000002 0 0 0 0 0.011247978000000002 
38 0 0 0.011247978000000002 0 0 0 0 0.011247978000000002 
39 0 0 0.011247978000000002 0 0 0 0 0.011247978000000002 
40 0 0 0.011247978000000002 0 0 0 0 0.011247978000000002 
41 0 0.007256760000000001 0 3.423E-4 3.423E-4 3.423E-4 3.423E-4 0 
[5,*,*] : 
0 22 23 24 := 
0 0 0.001764 0 0 
22 1.86984 0 0.001764 0 
23 0 0.0093492 0 0.001764 
24 0 0 0.03646188 0 
;
param x_bar : 0 1 2 3 4 5 6 7 8 9 10 11 12 13 14 15  := 
0 0 0 0 0 0 0 0 0 0 0 0 0 0 0 0 0 
1 0 0 0 0 0 0 0 0 0 0 1 0 0 0 0 0 
2 0 0 0 0 0 0 0 0 0 0 1 0 0 0 0 0 
3 0 0 0 0 0 0 0 0 0 0 0 1 0 0 0 0 
4 0 0 0 0 0 0 0 0 0 0 1 0 0 0 0 0 
5 0 0 0 0 0 0 0 0 0 0 1 0 0 0 0 0 
6 0 0 0 0 0 0 0 0 0 0 0 0 0 0 1 0 
7 0 0 0 0 0 0 0 0 0 0 0 0 0 0 1 0 
8 1 0 0 0 0 0 0 0 0 0 0 0 0 0 0 0 
9 0 1 0 0 0 0 0 0 0 0 0 0 0 0 0 0 
10 0 0 0 0 0 0 0 0 0 0 0 0 0 0 0 1 
11 0 0 0 0 0 0 0 0 0 0 0 1 0 0 0 0 
12 0 0 0 0 0 0 0 0 0 0 0 1 0 0 0 0 
13 0 0 0 0 0 0 0 0 0 0 0 0 1 0 0 0 
14 0 0 0 0 0 0 0 0 0 0 0 0 1 0 0 0 
15 0 0 0 0 1 0 0 0 0 0 0 0 0 0 0 0 
16 0 0 0 0 0 1 0 0 0 0 0 0 0 0 0 0 
17 0 0 0 0 1 0 0 0 0 0 0 0 0 0 0 0 
18 0 0 0 0 1 0 0 0 0 0 0 0 0 0 0 0 
19 0 0 0 0 0 0 0 0 0 0 0 0 1 0 0 0 
20 0 0 0 0 0 0 0 0 0 0 0 0 0 1 0 0 
21 0 0 0 0 0 0 0 0 0 0 0 0 1 0 0 0 
;
