data;
set C_bar :=  ;
set C :=  1 2 3 4 5 6 7 8 9 10 11 12 13 14 15 16 17 18 19 20 21 22 23 24 25 26 27 28 29 30 31 32 33 34 35 36 37 38 39 40 ;
set R := 0 1 2 3 4 5 6 ;
set C_r[0] :=  
1 2 3 4 ;
set C_r[1] :=  
5 6 7 8 ;
set C_r[2] :=  
9 10 11 12 13 ;
set C_r[3] :=  
14 15 16 ;
set C_r[4] :=  
17 18 19 20 21 22 ;
set C_r[5] :=  
23 24 25 26 27 28 29 ;
set C_r[6] :=  
30 31 32 33 34 35 36 37 38 39 40 ;
set S :=  0 1 2 3 4 5 6 7 8 9 10 11 12 13 14 15 ;
set S_u :=  0 1 2 3 4 5 6 7 8 9 10 11 12 13 14 15 ;
set Rack :=  0 1 2 3 4 5 6 7 ;
param COST : 0 1 2 3 4 5 6 7 8 9 10 11 12 13 14 15 :=
0 0 1 3 3 5 5 5 5 5 5 5 5 5 5 5 5 
1 1 0 3 3 5 5 5 5 5 5 5 5 5 5 5 5 
2 3 3 0 1 5 5 5 5 5 5 5 5 5 5 5 5 
3 3 3 1 0 5 5 5 5 5 5 5 5 5 5 5 5 
4 5 5 5 5 0 1 3 3 5 5 5 5 5 5 5 5 
5 5 5 5 5 1 0 3 3 5 5 5 5 5 5 5 5 
6 5 5 5 5 3 3 0 1 5 5 5 5 5 5 5 5 
7 5 5 5 5 3 3 1 0 5 5 5 5 5 5 5 5 
8 5 5 5 5 5 5 5 5 0 1 3 3 5 5 5 5 
9 5 5 5 5 5 5 5 5 1 0 3 3 5 5 5 5 
10 5 5 5 5 5 5 5 5 3 3 0 1 5 5 5 5 
11 5 5 5 5 5 5 5 5 3 3 1 0 5 5 5 5 
12 5 5 5 5 5 5 5 5 5 5 5 5 0 1 3 3 
13 5 5 5 5 5 5 5 5 5 5 5 5 1 0 3 3 
14 5 5 5 5 5 5 5 5 5 5 5 5 3 3 0 1 
15 5 5 5 5 5 5 5 5 5 5 5 5 3 3 1 0 
;
set S_rack[0] :=  
0 1 ;
set S_rack[1] :=  
2 3 ;
set S_rack[2] :=  
4 5 ;
set S_rack[3] :=  
6 7 ;
set S_rack[4] :=  
8 9 ;
set S_rack[5] :=  
10 11 ;
set S_rack[6] :=  
12 13 ;
set S_rack[7] :=  
14 15 ;
param CPU := 
0 44.0
1 44.0
2 56.0
3 56.0
4 56.0
5 56.0
6 28.0
7 28.0
8 56.0
9 56.0
10 28.0
11 28.0
12 56.0
13 56.0
14 44.0
15 44.0
;
param MEM := 
0 128.0
1 128.0
2 192.0
3 192.0
4 192.0
5 192.0
6 192.0
7 192.0
8 192.0
9 192.0
10 96.0
11 96.0
12 192.0
13 192.0
14 128.0
15 128.0
;
param DISK := 
0 128.0
1 128.0
2 192.0
3 192.0
4 192.0
5 192.0
6 192.0
7 192.0
8 192.0
9 192.0
10 96.0
11 96.0
12 192.0
13 192.0
14 128.0
15 128.0
;
param BDW_out := 
0 10.0
1 10.0
2 10.0
3 10.0
4 10.0
5 10.0
6 10.0
7 10.0
8 10.0
9 10.0
10 10.0
11 10.0
12 10.0
13 10.0
14 10.0
15 10.0
;
param BDW_in := 
0 10.0
1 10.0
2 10.0
3 10.0
4 10.0
5 10.0
6 10.0
7 10.0
8 10.0
9 10.0
10 10.0
11 10.0
12 10.0
13 10.0
14 10.0
15 10.0
;
param mem := 
1 1.0
2 1.0
3 1.0
4 64.0
5 4.0
6 4.0
7 4.0
8 8.0
9 2.0
10 2.0
11 2.0
12 4.0
13 16.0
14 32.0
15 32.0
16 16.0
17 1.0
18 1.0
19 1.0
20 1.0
21 8.0
22 32.0
23 8.0
24 8.0
25 8.0
26 8.0
27 8.0
28 16.0
29 16.0
30 64.0
31 64.0
32 8.0
33 64.0
34 8.0
35 8.0
36 8.0
37 8.0
38 8.0
39 64.0
40 64.0
;
param disk := 
1 4.0
2 4.0
3 4.0
4 64.0
5 16.0
6 16.0
7 16.0
8 24.0
9 8.0
10 8.0
11 8.0
12 16.0
13 36.0
14 43.2
15 43.2
16 36.0
17 4.0
18 4.0
19 4.0
20 4.0
21 24.0
22 43.2
23 24.0
24 24.0
25 24.0
26 24.0
27 24.0
28 36.0
29 36.0
30 64.0
31 64.0
32 24.0
33 64.0
34 24.0
35 24.0
36 24.0
37 24.0
38 24.0
39 64.0
40 64.0
;
param cpu : 
0 1 2 3 4 5 6 7 8 9 10 11 12 13 14 15 := 
1 1.1363636363636365 1.1363636363636365 1.0 1.0 1.0 1.0 1.0 1.0 1.0 1.0 1.1904761904761905 1.1904761904761905 1.0 1.0 1.1363636363636365 1.1363636363636365 
2 1.1363636363636365 1.1363636363636365 1.0 1.0 1.0 1.0 1.0 1.0 1.0 1.0 1.1904761904761905 1.1904761904761905 1.0 1.0 1.1363636363636365 1.1363636363636365 
3 1.1363636363636365 1.1363636363636365 1.0 1.0 1.0 1.0 1.0 1.0 1.0 1.0 1.1904761904761905 1.1904761904761905 1.0 1.0 1.1363636363636365 1.1363636363636365 
4 18.181818181818183 18.181818181818183 16.0 16.0 16.0 16.0 16.0 16.0 16.0 16.0 19.047619047619047 19.047619047619047 16.0 16.0 18.181818181818183 18.181818181818183 
5 2.272727272727273 2.272727272727273 2.0 2.0 2.0 2.0 2.0 2.0 2.0 2.0 2.380952380952381 2.380952380952381 2.0 2.0 2.272727272727273 2.272727272727273 
6 2.272727272727273 2.272727272727273 2.0 2.0 2.0 2.0 2.0 2.0 2.0 2.0 2.380952380952381 2.380952380952381 2.0 2.0 2.272727272727273 2.272727272727273 
7 2.272727272727273 2.272727272727273 2.0 2.0 2.0 2.0 2.0 2.0 2.0 2.0 2.380952380952381 2.380952380952381 2.0 2.0 2.272727272727273 2.272727272727273 
8 2.272727272727273 2.272727272727273 2.0 2.0 2.0 2.0 2.0 2.0 2.0 2.0 2.380952380952381 2.380952380952381 2.0 2.0 2.272727272727273 2.272727272727273 
9 1.1363636363636365 1.1363636363636365 1.0 1.0 1.0 1.0 1.0 1.0 1.0 1.0 1.1904761904761905 1.1904761904761905 1.0 1.0 1.1363636363636365 1.1363636363636365 
10 1.1363636363636365 1.1363636363636365 1.0 1.0 1.0 1.0 1.0 1.0 1.0 1.0 1.1904761904761905 1.1904761904761905 1.0 1.0 1.1363636363636365 1.1363636363636365 
11 1.1363636363636365 1.1363636363636365 1.0 1.0 1.0 1.0 1.0 1.0 1.0 1.0 1.1904761904761905 1.1904761904761905 1.0 1.0 1.1363636363636365 1.1363636363636365 
12 2.272727272727273 2.272727272727273 2.0 2.0 2.0 2.0 2.0 2.0 2.0 2.0 2.380952380952381 2.380952380952381 2.0 2.0 2.272727272727273 2.272727272727273 
13 4.545454545454546 4.545454545454546 4.0 4.0 4.0 4.0 4.0 4.0 4.0 4.0 4.761904761904762 4.761904761904762 4.0 4.0 4.545454545454546 4.545454545454546 
14 9.090909090909092 9.090909090909092 8.0 8.0 8.0 8.0 8.0 8.0 8.0 8.0 9.523809523809524 9.523809523809524 8.0 8.0 9.090909090909092 9.090909090909092 
15 9.090909090909092 9.090909090909092 8.0 8.0 8.0 8.0 8.0 8.0 8.0 8.0 9.523809523809524 9.523809523809524 8.0 8.0 9.090909090909092 9.090909090909092 
16 4.545454545454546 4.545454545454546 4.0 4.0 4.0 4.0 4.0 4.0 4.0 4.0 4.761904761904762 4.761904761904762 4.0 4.0 4.545454545454546 4.545454545454546 
17 1.1363636363636365 1.1363636363636365 1.0 1.0 1.0 1.0 1.0 1.0 1.0 1.0 1.1904761904761905 1.1904761904761905 1.0 1.0 1.1363636363636365 1.1363636363636365 
18 1.1363636363636365 1.1363636363636365 1.0 1.0 1.0 1.0 1.0 1.0 1.0 1.0 1.1904761904761905 1.1904761904761905 1.0 1.0 1.1363636363636365 1.1363636363636365 
19 1.1363636363636365 1.1363636363636365 1.0 1.0 1.0 1.0 1.0 1.0 1.0 1.0 1.1904761904761905 1.1904761904761905 1.0 1.0 1.1363636363636365 1.1363636363636365 
20 1.1363636363636365 1.1363636363636365 1.0 1.0 1.0 1.0 1.0 1.0 1.0 1.0 1.1904761904761905 1.1904761904761905 1.0 1.0 1.1363636363636365 1.1363636363636365 
21 2.272727272727273 2.272727272727273 2.0 2.0 2.0 2.0 2.0 2.0 2.0 2.0 2.380952380952381 2.380952380952381 2.0 2.0 2.272727272727273 2.272727272727273 
22 9.090909090909092 9.090909090909092 8.0 8.0 8.0 8.0 8.0 8.0 8.0 8.0 9.523809523809524 9.523809523809524 8.0 8.0 9.090909090909092 9.090909090909092 
23 2.272727272727273 2.272727272727273 2.0 2.0 2.0 2.0 2.0 2.0 2.0 2.0 2.380952380952381 2.380952380952381 2.0 2.0 2.272727272727273 2.272727272727273 
24 2.272727272727273 2.272727272727273 2.0 2.0 2.0 2.0 2.0 2.0 2.0 2.0 2.380952380952381 2.380952380952381 2.0 2.0 2.272727272727273 2.272727272727273 
25 2.272727272727273 2.272727272727273 2.0 2.0 2.0 2.0 2.0 2.0 2.0 2.0 2.380952380952381 2.380952380952381 2.0 2.0 2.272727272727273 2.272727272727273 
26 2.272727272727273 2.272727272727273 2.0 2.0 2.0 2.0 2.0 2.0 2.0 2.0 2.380952380952381 2.380952380952381 2.0 2.0 2.272727272727273 2.272727272727273 
27 2.272727272727273 2.272727272727273 2.0 2.0 2.0 2.0 2.0 2.0 2.0 2.0 2.380952380952381 2.380952380952381 2.0 2.0 2.272727272727273 2.272727272727273 
28 4.545454545454546 4.545454545454546 4.0 4.0 4.0 4.0 4.0 4.0 4.0 4.0 4.761904761904762 4.761904761904762 4.0 4.0 4.545454545454546 4.545454545454546 
29 4.545454545454546 4.545454545454546 4.0 4.0 4.0 4.0 4.0 4.0 4.0 4.0 4.761904761904762 4.761904761904762 4.0 4.0 4.545454545454546 4.545454545454546 
30 18.181818181818183 18.181818181818183 16.0 16.0 16.0 16.0 16.0 16.0 16.0 16.0 19.047619047619047 19.047619047619047 16.0 16.0 18.181818181818183 18.181818181818183 
31 18.181818181818183 18.181818181818183 16.0 16.0 16.0 16.0 16.0 16.0 16.0 16.0 19.047619047619047 19.047619047619047 16.0 16.0 18.181818181818183 18.181818181818183 
32 2.272727272727273 2.272727272727273 2.0 2.0 2.0 2.0 2.0 2.0 2.0 2.0 2.380952380952381 2.380952380952381 2.0 2.0 2.272727272727273 2.272727272727273 
33 18.181818181818183 18.181818181818183 16.0 16.0 16.0 16.0 16.0 16.0 16.0 16.0 19.047619047619047 19.047619047619047 16.0 16.0 18.181818181818183 18.181818181818183 
34 2.272727272727273 2.272727272727273 2.0 2.0 2.0 2.0 2.0 2.0 2.0 2.0 2.380952380952381 2.380952380952381 2.0 2.0 2.272727272727273 2.272727272727273 
35 2.272727272727273 2.272727272727273 2.0 2.0 2.0 2.0 2.0 2.0 2.0 2.0 2.380952380952381 2.380952380952381 2.0 2.0 2.272727272727273 2.272727272727273 
36 2.272727272727273 2.272727272727273 2.0 2.0 2.0 2.0 2.0 2.0 2.0 2.0 2.380952380952381 2.380952380952381 2.0 2.0 2.272727272727273 2.272727272727273 
37 2.272727272727273 2.272727272727273 2.0 2.0 2.0 2.0 2.0 2.0 2.0 2.0 2.380952380952381 2.380952380952381 2.0 2.0 2.272727272727273 2.272727272727273 
38 2.272727272727273 2.272727272727273 2.0 2.0 2.0 2.0 2.0 2.0 2.0 2.0 2.380952380952381 2.380952380952381 2.0 2.0 2.272727272727273 2.272727272727273 
39 18.181818181818183 18.181818181818183 16.0 16.0 16.0 16.0 16.0 16.0 16.0 16.0 19.047619047619047 19.047619047619047 16.0 16.0 18.181818181818183 18.181818181818183 
40 18.181818181818183 18.181818181818183 16.0 16.0 16.0 16.0 16.0 16.0 16.0 16.0 19.047619047619047 19.047619047619047 16.0 16.0 18.181818181818183 18.181818181818183 
;
set c_0 := 0;
param d := 
[0,*,*] : 
0 1 2 3 4 := 
0 0 5.488E-4 5.488E-4 0 0 
1 0.581728 0 0 5.488E-4 0 
2 0.581728 0 0 5.488E-4 0 
3 0 0.00290864 0.00290864 0 0.0010976 
4 0 0 0 0.043047872 0 
[1,*,*] : 
0 5 6 7 8 := 
0 0 7.932E-4 7.932E-4 0 0 
5 0.840792 0 0 7.932E-4 0 
6 0.840792 0 0 7.932E-4 0 
7 0 0.00420396 0.00420396 0 0.0015864 
8 0 0 0 0.042039599999999996 0 
[2,*,*] : 
0 9 10 11 12 13 := 
0 0 9.743999999999999E-4 9.743999999999999E-4 9.743999999999999E-4 0 0 
9 1.032864 0 0 0 9.743999999999999E-4 0 
10 1.032864 0 0 0 9.743999999999999E-4 0 
11 1.032864 0 0 0 9.743999999999999E-4 0 
12 0 0.00516432 0.00516432 0.00516432 0 0.0029232 
13 0 0 0 0 0.11000001599999999 0 
[3,*,*] : 
0 14 15 16 := 
0 0 0.0027904 0 0 
14 2.957824 0 0.0027904 0 
15 0 0.014789120000000001 0 0.0027904 
16 0 0 0.069508864 0 
[4,*,*] : 
0 17 18 19 20 21 22 := 
0 0 5.806E-4 5.806E-4 5.806E-4 5.806E-4 0 0 
17 0.615436 0 0 0 0 5.806E-4 0 
18 0.615436 0 0 0 0 5.806E-4 0 
19 0.615436 0 0 0 0 5.806E-4 0 
20 0.615436 0 0 0 0 5.806E-4 0 
21 0 0.00307718 0.00307718 0.00307718 0.00307718 0 0.0023224 
22 0 0 0 0 0 0.081237552 0 
[5,*,*] : 
0 23 24 25 26 27 28 29 := 
0 0 3.4672E-4 3.4672E-4 3.4672E-4 3.4672E-4 3.4672E-4 0 0 
23 0.36752320000000005 0 0 0 0 0 3.4672E-4 0 
24 0.36752320000000005 0 0 0 0 0 3.4672E-4 0 
25 0.36752320000000005 0 0 0 0 0 3.4672E-4 0 
26 0.36752320000000005 0 0 0 0 0 3.4672E-4 0 
27 0.36752320000000005 0 0 0 0 0 3.4672E-4 0 
28 0 0.0018376160000000002 0.0018376160000000002 0.0018376160000000002 0.0018376160000000002 0.0018376160000000002 0 0.0017336 
29 0 0 0 0 0 0 0.007350464000000001 0 
[6,*,*] : 
0 30 31 32 33 34 35 36 37 38 39 40 := 
0 0 0.0011338666666666666 0.0011338666666666666 0 0 0 0 0 0 0 0 0.0011338666666666666 
30 1.2018986666666667 0 0 1.8897777777777776E-4 0 1.8897777777777776E-4 1.8897777777777776E-4 1.8897777777777776E-4 1.8897777777777776E-4 1.8897777777777776E-4 0 0 
31 1.2018986666666667 0 0 1.8897777777777776E-4 0 1.8897777777777776E-4 1.8897777777777776E-4 1.8897777777777776E-4 1.8897777777777776E-4 1.8897777777777776E-4 0 0 
32 0 0.0010015822222222222 0.0010015822222222222 0 2.8346666666666665E-4 0 0 0 0 0 2.8346666666666665E-4 0.0010015822222222222 
33 0 0 0 0.005709018666666666 0 0.005709018666666666 0.005709018666666666 0.005709018666666666 0.005709018666666666 0.005709018666666666 0 0 
34 0 0.0010015822222222222 0.0010015822222222222 0 2.8346666666666665E-4 0 0 0 0 0 2.8346666666666665E-4 0.0010015822222222222 
35 0 0.0010015822222222222 0.0010015822222222222 0 2.8346666666666665E-4 0 0 0 0 0 2.8346666666666665E-4 0.0010015822222222222 
36 0 0.0010015822222222222 0.0010015822222222222 0 2.8346666666666665E-4 0 0 0 0 0 2.8346666666666665E-4 0.0010015822222222222 
37 0 0.0010015822222222222 0.0010015822222222222 0 2.8346666666666665E-4 0 0 0 0 0 2.8346666666666665E-4 0.0010015822222222222 
38 0 0.0010015822222222222 0.0010015822222222222 0 2.8346666666666665E-4 0 0 0 0 0 2.8346666666666665E-4 0.0010015822222222222 
39 0 0 0 0.005709018666666666 0 0.005709018666666666 0.005709018666666666 0.005709018666666666 0.005709018666666666 0.005709018666666666 0 0 
40 1.2018986666666667 0 0 1.8897777777777776E-4 0 1.8897777777777776E-4 1.8897777777777776E-4 1.8897777777777776E-4 1.8897777777777776E-4 1.8897777777777776E-4 0 0 
;
param x_bar : 0 1 2 3 4 5 6 7 8 9 10 11 12 13 14 15  := 
0 0 0 0 0 0 0 0 0 0 0 0 0 0 0 0 0 
;
