data;
set C_bar :=  ;
set C :=  1 2 3 4 5 6 7 8 9 10 11 12 13 14 15 16 17 18 19 20 21 22 23 24 25 26 27 28 29 30 34 35 36 37 38 39 31 32 33 40 ;
set R := 0 1 2 3 4 5 6 ;
set C_r[0] :=  
1 2 3 4 ;
set C_r[1] :=  
5 6 7 8 9 10 11 ;
set C_r[2] :=  
12 13 14 15 ;
set C_r[3] :=  
16 17 18 19 ;
set C_r[4] :=  
20 21 22 23 24 ;
set C_r[5] :=  
25 26 27 28 29 30 34 35 36 37 38 39 ;
set C_r[6] :=  
31 32 33 40 ;
set S :=  0 1 2 3 4 5 6 7 8 9 10 11 12 13 14 15 ;
set S_u :=  0 1 2 3 4 5 6 7 8 9 10 11 12 13 14 15 ;
set Rack :=  0 1 2 3 4 5 6 7 ;
param COST : 0 1 2 3 4 5 6 7 8 9 10 11 12 13 14 15 :=
0 0 1 3 3 5 5 5 5 5 5 5 5 5 5 5 5 
1 1 0 3 3 5 5 5 5 5 5 5 5 5 5 5 5 
2 3 3 0 1 5 5 5 5 5 5 5 5 5 5 5 5 
3 3 3 1 0 5 5 5 5 5 5 5 5 5 5 5 5 
4 5 5 5 5 0 1 3 3 5 5 5 5 5 5 5 5 
5 5 5 5 5 1 0 3 3 5 5 5 5 5 5 5 5 
6 5 5 5 5 3 3 0 1 5 5 5 5 5 5 5 5 
7 5 5 5 5 3 3 1 0 5 5 5 5 5 5 5 5 
8 5 5 5 5 5 5 5 5 0 1 3 3 5 5 5 5 
9 5 5 5 5 5 5 5 5 1 0 3 3 5 5 5 5 
10 5 5 5 5 5 5 5 5 3 3 0 1 5 5 5 5 
11 5 5 5 5 5 5 5 5 3 3 1 0 5 5 5 5 
12 5 5 5 5 5 5 5 5 5 5 5 5 0 1 3 3 
13 5 5 5 5 5 5 5 5 5 5 5 5 1 0 3 3 
14 5 5 5 5 5 5 5 5 5 5 5 5 3 3 0 1 
15 5 5 5 5 5 5 5 5 5 5 5 5 3 3 1 0 
;
set S_rack[0] :=  
0 1 ;
set S_rack[1] :=  
2 3 ;
set S_rack[2] :=  
4 5 ;
set S_rack[3] :=  
6 7 ;
set S_rack[4] :=  
8 9 ;
set S_rack[5] :=  
10 11 ;
set S_rack[6] :=  
12 13 ;
set S_rack[7] :=  
14 15 ;
param CPU := 
0 56.0
1 56.0
2 44.0
3 44.0
4 44.0
5 44.0
6 56.0
7 56.0
8 28.0
9 28.0
10 56.0
11 56.0
12 56.0
13 56.0
14 44.0
15 44.0
;
param MEM := 
0 192.0
1 192.0
2 128.0
3 128.0
4 128.0
5 128.0
6 192.0
7 192.0
8 48.0
9 48.0
10 192.0
11 192.0
12 192.0
13 192.0
14 128.0
15 128.0
;
param DISK := 
0 192.0
1 192.0
2 128.0
3 128.0
4 128.0
5 128.0
6 192.0
7 192.0
8 48.0
9 48.0
10 192.0
11 192.0
12 192.0
13 192.0
14 128.0
15 128.0
;
param BDW_out := 
0 10.0
1 10.0
2 10.0
3 10.0
4 10.0
5 10.0
6 10.0
7 10.0
8 10.0
9 10.0
10 10.0
11 10.0
12 10.0
13 10.0
14 10.0
15 10.0
;
param BDW_in := 
0 10.0
1 10.0
2 10.0
3 10.0
4 10.0
5 10.0
6 10.0
7 10.0
8 10.0
9 10.0
10 10.0
11 10.0
12 10.0
13 10.0
14 10.0
15 10.0
;
param mem := 
1 8.0
2 8.0
3 8.0
4 1.0
5 16.0
6 16.0
7 16.0
8 16.0
9 16.0
10 2.0
11 8.0
12 32.0
13 32.0
14 4.0
15 2.0
16 2.0
17 2.0
18 32.0
19 32.0
20 2.0
21 2.0
22 2.0
23 1.0
24 64.0
25 32.0
26 32.0
27 32.0
28 32.0
29 32.0
30 4.0
34 32.0
35 32.0
36 32.0
37 32.0
38 4.0
39 32.0
31 4.0
32 32.0
33 16.0
40 32.0
;
param disk := 
1 24.0
2 24.0
3 24.0
4 4.0
5 36.0
6 36.0
7 36.0
8 36.0
9 36.0
10 8.0
11 24.0
12 43.2
13 43.2
14 16.0
15 8.0
16 8.0
17 8.0
18 43.2
19 43.2
20 8.0
21 8.0
22 8.0
23 4.0
24 64.0
25 50.0
26 50.0
27 50.0
28 50.0
29 50.0
30 16.0
34 50.0
35 50.0
36 50.0
37 50.0
38 16.0
39 50.0
31 16.0
32 43.2
33 36.0
40 43.2
;
param cpu : 
0 1 2 3 4 5 6 7 8 9 10 11 12 13 14 15 := 
1 2.0 2.0 2.272727272727273 2.272727272727273 2.272727272727273 2.272727272727273 2.0 2.0 2.0 2.0 2.0 2.0 2.0 2.0 2.272727272727273 2.272727272727273 
2 2.0 2.0 2.272727272727273 2.272727272727273 2.272727272727273 2.272727272727273 2.0 2.0 2.0 2.0 2.0 2.0 2.0 2.0 2.272727272727273 2.272727272727273 
3 2.0 2.0 2.272727272727273 2.272727272727273 2.272727272727273 2.272727272727273 2.0 2.0 2.0 2.0 2.0 2.0 2.0 2.0 2.272727272727273 2.272727272727273 
4 1.0 1.0 1.1363636363636365 1.1363636363636365 1.1363636363636365 1.1363636363636365 1.0 1.0 1.0 1.0 1.0 1.0 1.0 1.0 1.1363636363636365 1.1363636363636365 
5 4.0 4.0 4.545454545454546 4.545454545454546 4.545454545454546 4.545454545454546 4.0 4.0 4.0 4.0 4.0 4.0 4.0 4.0 4.545454545454546 4.545454545454546 
6 4.0 4.0 4.545454545454546 4.545454545454546 4.545454545454546 4.545454545454546 4.0 4.0 4.0 4.0 4.0 4.0 4.0 4.0 4.545454545454546 4.545454545454546 
7 4.0 4.0 4.545454545454546 4.545454545454546 4.545454545454546 4.545454545454546 4.0 4.0 4.0 4.0 4.0 4.0 4.0 4.0 4.545454545454546 4.545454545454546 
8 4.0 4.0 4.545454545454546 4.545454545454546 4.545454545454546 4.545454545454546 4.0 4.0 4.0 4.0 4.0 4.0 4.0 4.0 4.545454545454546 4.545454545454546 
9 4.0 4.0 4.545454545454546 4.545454545454546 4.545454545454546 4.545454545454546 4.0 4.0 4.0 4.0 4.0 4.0 4.0 4.0 4.545454545454546 4.545454545454546 
10 1.0 1.0 1.1363636363636365 1.1363636363636365 1.1363636363636365 1.1363636363636365 1.0 1.0 1.0 1.0 1.0 1.0 1.0 1.0 1.1363636363636365 1.1363636363636365 
11 2.0 2.0 2.272727272727273 2.272727272727273 2.272727272727273 2.272727272727273 2.0 2.0 2.0 2.0 2.0 2.0 2.0 2.0 2.272727272727273 2.272727272727273 
12 8.0 8.0 9.090909090909092 9.090909090909092 9.090909090909092 9.090909090909092 8.0 8.0 8.0 8.0 8.0 8.0 8.0 8.0 9.090909090909092 9.090909090909092 
13 8.0 8.0 9.090909090909092 9.090909090909092 9.090909090909092 9.090909090909092 8.0 8.0 8.0 8.0 8.0 8.0 8.0 8.0 9.090909090909092 9.090909090909092 
14 2.0 2.0 2.272727272727273 2.272727272727273 2.272727272727273 2.272727272727273 2.0 2.0 2.0 2.0 2.0 2.0 2.0 2.0 2.272727272727273 2.272727272727273 
15 1.0 1.0 1.1363636363636365 1.1363636363636365 1.1363636363636365 1.1363636363636365 1.0 1.0 1.0 1.0 1.0 1.0 1.0 1.0 1.1363636363636365 1.1363636363636365 
16 1.0 1.0 1.1363636363636365 1.1363636363636365 1.1363636363636365 1.1363636363636365 1.0 1.0 1.0 1.0 1.0 1.0 1.0 1.0 1.1363636363636365 1.1363636363636365 
17 1.0 1.0 1.1363636363636365 1.1363636363636365 1.1363636363636365 1.1363636363636365 1.0 1.0 1.0 1.0 1.0 1.0 1.0 1.0 1.1363636363636365 1.1363636363636365 
18 8.0 8.0 9.090909090909092 9.090909090909092 9.090909090909092 9.090909090909092 8.0 8.0 8.0 8.0 8.0 8.0 8.0 8.0 9.090909090909092 9.090909090909092 
19 8.0 8.0 9.090909090909092 9.090909090909092 9.090909090909092 9.090909090909092 8.0 8.0 8.0 8.0 8.0 8.0 8.0 8.0 9.090909090909092 9.090909090909092 
20 1.0 1.0 1.1363636363636365 1.1363636363636365 1.1363636363636365 1.1363636363636365 1.0 1.0 1.0 1.0 1.0 1.0 1.0 1.0 1.1363636363636365 1.1363636363636365 
21 1.0 1.0 1.1363636363636365 1.1363636363636365 1.1363636363636365 1.1363636363636365 1.0 1.0 1.0 1.0 1.0 1.0 1.0 1.0 1.1363636363636365 1.1363636363636365 
22 1.0 1.0 1.1363636363636365 1.1363636363636365 1.1363636363636365 1.1363636363636365 1.0 1.0 1.0 1.0 1.0 1.0 1.0 1.0 1.1363636363636365 1.1363636363636365 
23 1.0 1.0 1.1363636363636365 1.1363636363636365 1.1363636363636365 1.1363636363636365 1.0 1.0 1.0 1.0 1.0 1.0 1.0 1.0 1.1363636363636365 1.1363636363636365 
24 16.0 16.0 18.181818181818183 18.181818181818183 18.181818181818183 18.181818181818183 16.0 16.0 16.0 16.0 16.0 16.0 16.0 16.0 18.181818181818183 18.181818181818183 
25 8.0 8.0 9.090909090909092 9.090909090909092 9.090909090909092 9.090909090909092 8.0 8.0 8.0 8.0 8.0 8.0 8.0 8.0 9.090909090909092 9.090909090909092 
26 8.0 8.0 9.090909090909092 9.090909090909092 9.090909090909092 9.090909090909092 8.0 8.0 8.0 8.0 8.0 8.0 8.0 8.0 9.090909090909092 9.090909090909092 
27 8.0 8.0 9.090909090909092 9.090909090909092 9.090909090909092 9.090909090909092 8.0 8.0 8.0 8.0 8.0 8.0 8.0 8.0 9.090909090909092 9.090909090909092 
28 8.0 8.0 9.090909090909092 9.090909090909092 9.090909090909092 9.090909090909092 8.0 8.0 8.0 8.0 8.0 8.0 8.0 8.0 9.090909090909092 9.090909090909092 
29 8.0 8.0 9.090909090909092 9.090909090909092 9.090909090909092 9.090909090909092 8.0 8.0 8.0 8.0 8.0 8.0 8.0 8.0 9.090909090909092 9.090909090909092 
30 2.0 2.0 2.272727272727273 2.272727272727273 2.272727272727273 2.272727272727273 2.0 2.0 2.0 2.0 2.0 2.0 2.0 2.0 2.272727272727273 2.272727272727273 
34 8.0 8.0 9.090909090909092 9.090909090909092 9.090909090909092 9.090909090909092 8.0 8.0 8.0 8.0 8.0 8.0 8.0 8.0 9.090909090909092 9.090909090909092 
35 8.0 8.0 9.090909090909092 9.090909090909092 9.090909090909092 9.090909090909092 8.0 8.0 8.0 8.0 8.0 8.0 8.0 8.0 9.090909090909092 9.090909090909092 
36 8.0 8.0 9.090909090909092 9.090909090909092 9.090909090909092 9.090909090909092 8.0 8.0 8.0 8.0 8.0 8.0 8.0 8.0 9.090909090909092 9.090909090909092 
37 8.0 8.0 9.090909090909092 9.090909090909092 9.090909090909092 9.090909090909092 8.0 8.0 8.0 8.0 8.0 8.0 8.0 8.0 9.090909090909092 9.090909090909092 
38 2.0 2.0 2.272727272727273 2.272727272727273 2.272727272727273 2.272727272727273 2.0 2.0 2.0 2.0 2.0 2.0 2.0 2.0 2.272727272727273 2.272727272727273 
39 8.0 8.0 9.090909090909092 9.090909090909092 9.090909090909092 9.090909090909092 8.0 8.0 8.0 8.0 8.0 8.0 8.0 8.0 9.090909090909092 9.090909090909092 
31 2.0 2.0 2.272727272727273 2.272727272727273 2.272727272727273 2.272727272727273 2.0 2.0 2.0 2.0 2.0 2.0 2.0 2.0 2.272727272727273 2.272727272727273 
32 8.0 8.0 9.090909090909092 9.090909090909092 9.090909090909092 9.090909090909092 8.0 8.0 8.0 8.0 8.0 8.0 8.0 8.0 9.090909090909092 9.090909090909092 
33 4.0 4.0 4.545454545454546 4.545454545454546 4.545454545454546 4.545454545454546 4.0 4.0 4.0 4.0 4.0 4.0 4.0 4.0 4.545454545454546 4.545454545454546 
40 8.0 8.0 9.090909090909092 9.090909090909092 9.090909090909092 9.090909090909092 8.0 8.0 8.0 8.0 8.0 8.0 8.0 8.0 9.090909090909092 9.090909090909092 
;
set c_0 := 0;
param d := 
[0,*,*] : 
0 1 2 3 4 := 
0 0 0.0014464 0.0014464 0 0 
1 1.533184 0 0 0.0014464 0 
2 1.533184 0 0 0.0014464 0 
3 0 0.0076659200000000005 0.0076659200000000005 0 0.0028928 
4 0 0 0 0.08432512 0 
[1,*,*] : 
0 5 6 7 8 9 10 11 := 
0 0 5.727999999999999E-4 5.727999999999999E-4 5.727999999999999E-4 5.727999999999999E-4 5.727999999999999E-4 0 0 
5 0.6071679999999999 0 0 0 0 0 5.727999999999999E-4 0 
6 0.6071679999999999 0 0 0 0 0 5.727999999999999E-4 0 
7 0.6071679999999999 0 0 0 0 0 5.727999999999999E-4 0 
8 0.6071679999999999 0 0 0 0 0 5.727999999999999E-4 0 
9 0.6071679999999999 0 0 0 0 0 5.727999999999999E-4 0 
10 0 0.00303584 0.00303584 0.00303584 0.00303584 0.00303584 0 0.002864 
11 0 0 0 0 0 0 0.00455376 0 
[2,*,*] : 
0 12 13 14 15 := 
0 0 0.0014604 0.0014604 0 0 
12 1.5480239999999998 0 0 0.0014604 0 
13 1.5480239999999998 0 0 0.0014604 0 
14 0 0.00774012 0.00774012 0 0.0029208 
15 0 0 0 0.088237368 0 
[3,*,*] : 
0 16 17 18 19 := 
0 0 8.42E-4 8.42E-4 0 0 
16 0.89252 0 0 8.42E-4 0 
17 0.89252 0 0 8.42E-4 0 
18 0 0.0044626 0.0044626 0 0.001684 
19 0 0 0 0.066939 0 
[4,*,*] : 
0 20 21 22 23 24 := 
0 0 0.0010312000000000001 0.0010312000000000001 0.0010312000000000001 0 0 
20 1.093072 0 0 0 0.0010312000000000001 0 
21 1.093072 0 0 0 0.0010312000000000001 0 
22 1.093072 0 0 0 0.0010312000000000001 0 
23 0 0.00546536 0.00546536 0.00546536 0 0.0030936 
24 0 0 0 0 0.072142752 0 
[5,*,*] : 
0 25 26 27 28 29 30 34 35 36 37 38 39 := 
0 0 5.0656E-4 5.0656E-4 5.0656E-4 5.0656E-4 0 0 0 0 5.0656E-4 0 0 0 
25 0.7670765714285716 0 0 0 0 1.01312E-4 0 1.01312E-4 1.01312E-4 0 1.01312E-4 0 1.01312E-4 
26 0.7670765714285716 0 0 0 0 1.01312E-4 0 1.01312E-4 1.01312E-4 0 1.01312E-4 0 1.01312E-4 
27 0.7670765714285716 0 0 0 0 1.01312E-4 0 1.01312E-4 1.01312E-4 0 1.01312E-4 0 1.01312E-4 
28 0.7670765714285716 0 0 0 0 1.01312E-4 0 1.01312E-4 1.01312E-4 0 1.01312E-4 0 1.01312E-4 
29 0 5.369536E-4 5.369536E-4 5.369536E-4 5.369536E-4 0 2.5328E-4 0 0 5.369536E-4 0 2.5328E-4 0 
30 0 0 0 0 0 0.013289601600000001 0 0.013289601600000001 0.013289601600000001 0 0.013289601600000001 0 0.013289601600000001 
34 0 5.369536E-4 5.369536E-4 5.369536E-4 5.369536E-4 0 2.5328E-4 0 0 5.369536E-4 0 2.5328E-4 0 
35 0 5.369536E-4 5.369536E-4 5.369536E-4 5.369536E-4 0 2.5328E-4 0 0 5.369536E-4 0 2.5328E-4 0 
36 0.7670765714285716 0 0 0 0 1.01312E-4 0 1.01312E-4 1.01312E-4 0 1.01312E-4 0 1.01312E-4 
37 0 5.369536E-4 5.369536E-4 5.369536E-4 5.369536E-4 0 2.5328E-4 0 0 5.369536E-4 0 2.5328E-4 0 
38 0 0 0 0 0 0.013289601600000001 0 0.013289601600000001 0.013289601600000001 0 0.013289601600000001 0 0.013289601600000001 
39 0 5.369536E-4 5.369536E-4 5.369536E-4 5.369536E-4 0 2.5328E-4 0 0 5.369536E-4 0 2.5328E-4 0 
[6,*,*] : 
0 31 32 33 40 := 
0 0 8.08E-4 0 0 0 
31 0.85648 0 4.04E-4 0 4.04E-4 
32 0 0.0021412000000000002 0 4.04E-4 0 
33 0 0 0.012633080000000001 0 0.012633080000000001 
40 0 0.0021412000000000002 0 4.04E-4 0 
;
param x_bar : 0 1 2 3 4 5 6 7 8 9 10 11 12 13 14 15  := 
0 0 0 0 0 0 0 0 0 0 0 0 0 0 0 0 0 
;
