data;
set C_bar :=  ;
set C :=  1 2 3 31 32 33 34 4 5 6 35 36 37 7 8 9 10 38 39 40 11 12 13 14 15 16 17 18 19 20 21 22 23 24 25 26 27 28 29 30 ;
set R := 0 1 2 3 4 5 6 ;
set C_r[0] :=  
1 2 3 31 32 33 34 ;
set C_r[1] :=  
4 5 6 35 36 37 ;
set C_r[2] :=  
7 8 9 10 38 39 40 ;
set C_r[3] :=  
11 12 13 14 15 ;
set C_r[4] :=  
16 17 18 19 ;
set C_r[5] :=  
20 21 22 23 ;
set C_r[6] :=  
24 25 26 27 28 29 30 ;
set S :=  0 1 2 3 4 5 6 7 8 9 10 11 12 13 14 15 ;
set S_u :=  0 1 2 3 4 5 6 7 8 9 10 11 12 13 14 15 ;
set Rack :=  0 1 2 3 4 5 6 7 ;
param COST : 0 1 2 3 4 5 6 7 8 9 10 11 12 13 14 15 :=
0 0 1 3 3 5 5 5 5 5 5 5 5 5 5 5 5 
1 1 0 3 3 5 5 5 5 5 5 5 5 5 5 5 5 
2 3 3 0 1 5 5 5 5 5 5 5 5 5 5 5 5 
3 3 3 1 0 5 5 5 5 5 5 5 5 5 5 5 5 
4 5 5 5 5 0 1 3 3 5 5 5 5 5 5 5 5 
5 5 5 5 5 1 0 3 3 5 5 5 5 5 5 5 5 
6 5 5 5 5 3 3 0 1 5 5 5 5 5 5 5 5 
7 5 5 5 5 3 3 1 0 5 5 5 5 5 5 5 5 
8 5 5 5 5 5 5 5 5 0 1 3 3 5 5 5 5 
9 5 5 5 5 5 5 5 5 1 0 3 3 5 5 5 5 
10 5 5 5 5 5 5 5 5 3 3 0 1 5 5 5 5 
11 5 5 5 5 5 5 5 5 3 3 1 0 5 5 5 5 
12 5 5 5 5 5 5 5 5 5 5 5 5 0 1 3 3 
13 5 5 5 5 5 5 5 5 5 5 5 5 1 0 3 3 
14 5 5 5 5 5 5 5 5 5 5 5 5 3 3 0 1 
15 5 5 5 5 5 5 5 5 5 5 5 5 3 3 1 0 
;
set S_rack[0] :=  
0 1 ;
set S_rack[1] :=  
2 3 ;
set S_rack[2] :=  
4 5 ;
set S_rack[3] :=  
6 7 ;
set S_rack[4] :=  
8 9 ;
set S_rack[5] :=  
10 11 ;
set S_rack[6] :=  
12 13 ;
set S_rack[7] :=  
14 15 ;
param CPU := 
0 44.0
1 44.0
2 56.0
3 56.0
4 28.0
5 28.0
6 56.0
7 56.0
8 28.0
9 28.0
10 56.0
11 56.0
12 56.0
13 56.0
14 28.0
15 28.0
;
param MEM := 
0 128.0
1 128.0
2 192.0
3 192.0
4 48.0
5 48.0
6 192.0
7 192.0
8 96.0
9 96.0
10 192.0
11 192.0
12 192.0
13 192.0
14 96.0
15 96.0
;
param DISK := 
0 128.0
1 128.0
2 192.0
3 192.0
4 48.0
5 48.0
6 192.0
7 192.0
8 96.0
9 96.0
10 192.0
11 192.0
12 192.0
13 192.0
14 96.0
15 96.0
;
param BDW_out := 
0 10.0
1 10.0
2 10.0
3 10.0
4 10.0
5 10.0
6 10.0
7 10.0
8 10.0
9 10.0
10 10.0
11 10.0
12 10.0
13 10.0
14 10.0
15 10.0
;
param BDW_in := 
0 10.0
1 10.0
2 10.0
3 10.0
4 10.0
5 10.0
6 10.0
7 10.0
8 10.0
9 10.0
10 10.0
11 10.0
12 10.0
13 10.0
14 10.0
15 10.0
;
param mem := 
1 4.0
2 16.0
3 16.0
31 16.0
32 4.0
33 4.0
34 4.0
4 8.0
5 4.0
6 32.0
35 8.0
36 32.0
37 8.0
7 16.0
8 16.0
9 1.0
10 16.0
38 16.0
39 1.0
40 16.0
11 32.0
12 32.0
13 32.0
14 32.0
15 16.0
16 1.0
17 1.0
18 8.0
19 2.0
20 16.0
21 16.0
22 16.0
23 32.0
24 4.0
25 4.0
26 32.0
27 32.0
28 4.0
29 4.0
30 32.0
;
param disk := 
1 16.0
2 36.0
3 36.0
31 36.0
32 16.0
33 16.0
34 16.0
4 24.0
5 16.0
6 43.2
35 24.0
36 43.2
37 24.0
7 36.0
8 36.0
9 4.0
10 36.0
38 36.0
39 4.0
40 36.0
11 50.0
12 50.0
13 50.0
14 50.0
15 36.0
16 4.0
17 4.0
18 24.0
19 8.0
20 36.0
21 36.0
22 36.0
23 50.0
24 16.0
25 16.0
26 50.0
27 50.0
28 16.0
29 16.0
30 50.0
;
param cpu : 
0 1 2 3 4 5 6 7 8 9 10 11 12 13 14 15 := 
1 2.272727272727273 2.272727272727273 2.0 2.0 2.0 2.0 2.0 2.0 2.380952380952381 2.380952380952381 2.0 2.0 2.0 2.0 2.380952380952381 2.380952380952381 
2 4.545454545454546 4.545454545454546 4.0 4.0 4.0 4.0 4.0 4.0 4.761904761904762 4.761904761904762 4.0 4.0 4.0 4.0 4.761904761904762 4.761904761904762 
3 4.545454545454546 4.545454545454546 4.0 4.0 4.0 4.0 4.0 4.0 4.761904761904762 4.761904761904762 4.0 4.0 4.0 4.0 4.761904761904762 4.761904761904762 
31 4.545454545454546 4.545454545454546 4.0 4.0 4.0 4.0 4.0 4.0 4.761904761904762 4.761904761904762 4.0 4.0 4.0 4.0 4.761904761904762 4.761904761904762 
32 2.272727272727273 2.272727272727273 2.0 2.0 2.0 2.0 2.0 2.0 2.380952380952381 2.380952380952381 2.0 2.0 2.0 2.0 2.380952380952381 2.380952380952381 
33 2.272727272727273 2.272727272727273 2.0 2.0 2.0 2.0 2.0 2.0 2.380952380952381 2.380952380952381 2.0 2.0 2.0 2.0 2.380952380952381 2.380952380952381 
34 2.272727272727273 2.272727272727273 2.0 2.0 2.0 2.0 2.0 2.0 2.380952380952381 2.380952380952381 2.0 2.0 2.0 2.0 2.380952380952381 2.380952380952381 
4 2.272727272727273 2.272727272727273 2.0 2.0 2.0 2.0 2.0 2.0 2.380952380952381 2.380952380952381 2.0 2.0 2.0 2.0 2.380952380952381 2.380952380952381 
5 2.272727272727273 2.272727272727273 2.0 2.0 2.0 2.0 2.0 2.0 2.380952380952381 2.380952380952381 2.0 2.0 2.0 2.0 2.380952380952381 2.380952380952381 
6 9.090909090909092 9.090909090909092 8.0 8.0 8.0 8.0 8.0 8.0 9.523809523809524 9.523809523809524 8.0 8.0 8.0 8.0 9.523809523809524 9.523809523809524 
35 2.272727272727273 2.272727272727273 2.0 2.0 2.0 2.0 2.0 2.0 2.380952380952381 2.380952380952381 2.0 2.0 2.0 2.0 2.380952380952381 2.380952380952381 
36 9.090909090909092 9.090909090909092 8.0 8.0 8.0 8.0 8.0 8.0 9.523809523809524 9.523809523809524 8.0 8.0 8.0 8.0 9.523809523809524 9.523809523809524 
37 2.272727272727273 2.272727272727273 2.0 2.0 2.0 2.0 2.0 2.0 2.380952380952381 2.380952380952381 2.0 2.0 2.0 2.0 2.380952380952381 2.380952380952381 
7 4.545454545454546 4.545454545454546 4.0 4.0 4.0 4.0 4.0 4.0 4.761904761904762 4.761904761904762 4.0 4.0 4.0 4.0 4.761904761904762 4.761904761904762 
8 4.545454545454546 4.545454545454546 4.0 4.0 4.0 4.0 4.0 4.0 4.761904761904762 4.761904761904762 4.0 4.0 4.0 4.0 4.761904761904762 4.761904761904762 
9 1.1363636363636365 1.1363636363636365 1.0 1.0 1.0 1.0 1.0 1.0 1.1904761904761905 1.1904761904761905 1.0 1.0 1.0 1.0 1.1904761904761905 1.1904761904761905 
10 4.545454545454546 4.545454545454546 4.0 4.0 4.0 4.0 4.0 4.0 4.761904761904762 4.761904761904762 4.0 4.0 4.0 4.0 4.761904761904762 4.761904761904762 
38 4.545454545454546 4.545454545454546 4.0 4.0 4.0 4.0 4.0 4.0 4.761904761904762 4.761904761904762 4.0 4.0 4.0 4.0 4.761904761904762 4.761904761904762 
39 1.1363636363636365 1.1363636363636365 1.0 1.0 1.0 1.0 1.0 1.0 1.1904761904761905 1.1904761904761905 1.0 1.0 1.0 1.0 1.1904761904761905 1.1904761904761905 
40 4.545454545454546 4.545454545454546 4.0 4.0 4.0 4.0 4.0 4.0 4.761904761904762 4.761904761904762 4.0 4.0 4.0 4.0 4.761904761904762 4.761904761904762 
11 9.090909090909092 9.090909090909092 8.0 8.0 8.0 8.0 8.0 8.0 9.523809523809524 9.523809523809524 8.0 8.0 8.0 8.0 9.523809523809524 9.523809523809524 
12 9.090909090909092 9.090909090909092 8.0 8.0 8.0 8.0 8.0 8.0 9.523809523809524 9.523809523809524 8.0 8.0 8.0 8.0 9.523809523809524 9.523809523809524 
13 9.090909090909092 9.090909090909092 8.0 8.0 8.0 8.0 8.0 8.0 9.523809523809524 9.523809523809524 8.0 8.0 8.0 8.0 9.523809523809524 9.523809523809524 
14 9.090909090909092 9.090909090909092 8.0 8.0 8.0 8.0 8.0 8.0 9.523809523809524 9.523809523809524 8.0 8.0 8.0 8.0 9.523809523809524 9.523809523809524 
15 4.545454545454546 4.545454545454546 4.0 4.0 4.0 4.0 4.0 4.0 4.761904761904762 4.761904761904762 4.0 4.0 4.0 4.0 4.761904761904762 4.761904761904762 
16 1.1363636363636365 1.1363636363636365 1.0 1.0 1.0 1.0 1.0 1.0 1.1904761904761905 1.1904761904761905 1.0 1.0 1.0 1.0 1.1904761904761905 1.1904761904761905 
17 1.1363636363636365 1.1363636363636365 1.0 1.0 1.0 1.0 1.0 1.0 1.1904761904761905 1.1904761904761905 1.0 1.0 1.0 1.0 1.1904761904761905 1.1904761904761905 
18 2.272727272727273 2.272727272727273 2.0 2.0 2.0 2.0 2.0 2.0 2.380952380952381 2.380952380952381 2.0 2.0 2.0 2.0 2.380952380952381 2.380952380952381 
19 1.1363636363636365 1.1363636363636365 1.0 1.0 1.0 1.0 1.0 1.0 1.1904761904761905 1.1904761904761905 1.0 1.0 1.0 1.0 1.1904761904761905 1.1904761904761905 
20 4.545454545454546 4.545454545454546 4.0 4.0 4.0 4.0 4.0 4.0 4.761904761904762 4.761904761904762 4.0 4.0 4.0 4.0 4.761904761904762 4.761904761904762 
21 4.545454545454546 4.545454545454546 4.0 4.0 4.0 4.0 4.0 4.0 4.761904761904762 4.761904761904762 4.0 4.0 4.0 4.0 4.761904761904762 4.761904761904762 
22 4.545454545454546 4.545454545454546 4.0 4.0 4.0 4.0 4.0 4.0 4.761904761904762 4.761904761904762 4.0 4.0 4.0 4.0 4.761904761904762 4.761904761904762 
23 9.090909090909092 9.090909090909092 8.0 8.0 8.0 8.0 8.0 8.0 9.523809523809524 9.523809523809524 8.0 8.0 8.0 8.0 9.523809523809524 9.523809523809524 
24 2.272727272727273 2.272727272727273 2.0 2.0 2.0 2.0 2.0 2.0 2.380952380952381 2.380952380952381 2.0 2.0 2.0 2.0 2.380952380952381 2.380952380952381 
25 2.272727272727273 2.272727272727273 2.0 2.0 2.0 2.0 2.0 2.0 2.380952380952381 2.380952380952381 2.0 2.0 2.0 2.0 2.380952380952381 2.380952380952381 
26 9.090909090909092 9.090909090909092 8.0 8.0 8.0 8.0 8.0 8.0 9.523809523809524 9.523809523809524 8.0 8.0 8.0 8.0 9.523809523809524 9.523809523809524 
27 9.090909090909092 9.090909090909092 8.0 8.0 8.0 8.0 8.0 8.0 9.523809523809524 9.523809523809524 8.0 8.0 8.0 8.0 9.523809523809524 9.523809523809524 
28 2.272727272727273 2.272727272727273 2.0 2.0 2.0 2.0 2.0 2.0 2.380952380952381 2.380952380952381 2.0 2.0 2.0 2.0 2.380952380952381 2.380952380952381 
29 2.272727272727273 2.272727272727273 2.0 2.0 2.0 2.0 2.0 2.0 2.380952380952381 2.380952380952381 2.0 2.0 2.0 2.0 2.380952380952381 2.380952380952381 
30 9.090909090909092 9.090909090909092 8.0 8.0 8.0 8.0 8.0 8.0 9.523809523809524 9.523809523809524 8.0 8.0 8.0 8.0 9.523809523809524 9.523809523809524 
;
set c_0 := 0;
param d := 
[0,*,*] : 
0 1 2 3 31 32 33 34 := 
0 0 3.456E-4 0 0 0 3.456E-4 3.456E-4 3.456E-4 
1 0.366336 0 3.456E-4 0 0 0 0 0 
2 0 0.00183168 0 6.912E-4 6.912E-4 0.00183168 0.00183168 0.00183168 
3 0 0 0.02381184 0 0 0 0 0 
31 0 0 0.02381184 0 0 0 0 0 
32 0.366336 0 3.456E-4 0 0 0 0 0 
33 0.366336 0 3.456E-4 0 0 0 0 0 
34 0.366336 0 3.456E-4 0 0 0 0 0 
[1,*,*] : 
0 4 5 6 35 36 37 := 
0 0 5.637333333333333E-4 0 0 5.637333333333333E-4 0 5.637333333333333E-4 
4 0.5975573333333333 0 5.637333333333333E-4 0 0 0 0 
5 0 0.002987786666666667 0 8.456E-4 0.002987786666666667 8.456E-4 0.002987786666666667 
6 0 0 0.02913092 0 0 0 0 
35 0.5975573333333333 0 5.637333333333333E-4 0 0 0 0 
36 0 0 0.02913092 0 0 0 0 
37 0.5975573333333333 0 5.637333333333333E-4 0 0 0 0 
[2,*,*] : 
0 7 8 9 10 38 39 40 := 
0 0 5.544E-4 5.544E-4 0 0 0 0 0 
7 0.5876640000000001 0 0 2.772E-4 0 0 2.772E-4 0 
8 0.5876640000000001 0 0 2.772E-4 0 0 2.772E-4 0 
9 0 0.0014691600000000002 0.0014691600000000002 0 1.8480000000000002E-4 1.8480000000000002E-4 0 1.8480000000000002E-4 
10 0 0 0 0.0071499120000000005 0 0 0.0071499120000000005 0 
38 0 0 0 0.0071499120000000005 0 0 0.0071499120000000005 0 
39 0 0.0014691600000000002 0.0014691600000000002 0 1.8480000000000002E-4 1.8480000000000002E-4 0 1.8480000000000002E-4 
40 0 0 0 0.0071499120000000005 0 0 0.0071499120000000005 0 
[3,*,*] : 
0 11 12 13 14 15 := 
0 0 8.714666666666666E-4 8.714666666666666E-4 8.714666666666666E-4 0 0 
11 0.9237546666666666 0 0 0 8.714666666666666E-4 0 
12 0.9237546666666666 0 0 0 8.714666666666666E-4 0 
13 0.9237546666666666 0 0 0 8.714666666666666E-4 0 
14 0 0.004618773333333334 0.004618773333333334 0.004618773333333334 0 0.0026144 
15 0 0 0 0 0.07620976 0 
[4,*,*] : 
0 16 17 18 19 := 
0 0 5.864E-4 5.864E-4 0 0 
16 0.621584 0 0 5.864E-4 0 
17 0.621584 0 0 5.864E-4 0 
18 0 0.00310792 0.00310792 0 0.0011728 
19 0 0 0 0.028592864 0 
[5,*,*] : 
0 20 21 22 23 := 
0 0 0.0015512 0.0015512 0 0 
20 1.644272 0 0 0.0015512 0 
21 1.644272 0 0 0.0015512 0 
22 0 0.00822136 0.00822136 0 0.0031024 
23 0 0 0 0.149628752 0 
[6,*,*] : 
0 24 25 26 27 28 29 30 := 
0 0 3.886E-4 3.886E-4 0 0 3.886E-4 3.886E-4 0 
24 0.411916 0 0 1.943E-4 0 0 0 1.943E-4 
25 0.411916 0 0 1.943E-4 0 0 0 1.943E-4 
26 0 0.00102979 0.00102979 0 7.772E-4 0.00102979 0.00102979 0 
27 0 0 0 0.036660524 0 0 0 0.036660524 
28 0.411916 0 0 1.943E-4 0 0 0 1.943E-4 
29 0.411916 0 0 1.943E-4 0 0 0 1.943E-4 
30 0 0.00102979 0.00102979 0 7.772E-4 0.00102979 0.00102979 0 
;
param x_bar : 0 1 2 3 4 5 6 7 8 9 10 11 12 13 14 15  := 
0 0 0 0 0 0 0 0 0 0 0 0 0 0 0 0 0 
;
