data;
set C_bar :=  ;
set C :=  1 2 3 4 35 36 5 6 7 8 9 10 11 12 13 14 15 16 17 18 19 20 21 22 23 24 25 26 27 28 29 37 38 39 40 30 31 32 33 34 ;
set R := 0 1 2 3 4 5 6 ;
set C_r[0] :=  
1 2 3 4 35 36 ;
set C_r[1] :=  
5 6 7 8 9 10 ;
set C_r[2] :=  
11 12 13 ;
set C_r[3] :=  
14 15 16 17 ;
set C_r[4] :=  
18 19 20 21 ;
set C_r[5] :=  
22 23 24 25 26 27 28 29 37 38 39 40 ;
set C_r[6] :=  
30 31 32 33 34 ;
set S :=  0 1 2 3 4 5 6 7 8 9 10 11 12 13 14 15 ;
set S_u :=  0 1 2 3 4 5 6 7 8 9 10 11 12 13 14 15 ;
set Rack :=  0 1 2 3 4 5 6 7 ;
param COST : 0 1 2 3 4 5 6 7 8 9 10 11 12 13 14 15 :=
0 0 1 3 3 5 5 5 5 5 5 5 5 5 5 5 5 
1 1 0 3 3 5 5 5 5 5 5 5 5 5 5 5 5 
2 3 3 0 1 5 5 5 5 5 5 5 5 5 5 5 5 
3 3 3 1 0 5 5 5 5 5 5 5 5 5 5 5 5 
4 5 5 5 5 0 1 3 3 5 5 5 5 5 5 5 5 
5 5 5 5 5 1 0 3 3 5 5 5 5 5 5 5 5 
6 5 5 5 5 3 3 0 1 5 5 5 5 5 5 5 5 
7 5 5 5 5 3 3 1 0 5 5 5 5 5 5 5 5 
8 5 5 5 5 5 5 5 5 0 1 3 3 5 5 5 5 
9 5 5 5 5 5 5 5 5 1 0 3 3 5 5 5 5 
10 5 5 5 5 5 5 5 5 3 3 0 1 5 5 5 5 
11 5 5 5 5 5 5 5 5 3 3 1 0 5 5 5 5 
12 5 5 5 5 5 5 5 5 5 5 5 5 0 1 3 3 
13 5 5 5 5 5 5 5 5 5 5 5 5 1 0 3 3 
14 5 5 5 5 5 5 5 5 5 5 5 5 3 3 0 1 
15 5 5 5 5 5 5 5 5 5 5 5 5 3 3 1 0 
;
set S_rack[0] :=  
0 1 ;
set S_rack[1] :=  
2 3 ;
set S_rack[2] :=  
4 5 ;
set S_rack[3] :=  
6 7 ;
set S_rack[4] :=  
8 9 ;
set S_rack[5] :=  
10 11 ;
set S_rack[6] :=  
12 13 ;
set S_rack[7] :=  
14 15 ;
param CPU := 
0 56.0
1 56.0
2 28.0
3 28.0
4 28.0
5 28.0
6 28.0
7 28.0
8 28.0
9 28.0
10 56.0
11 56.0
12 28.0
13 28.0
14 28.0
15 28.0
;
param MEM := 
0 192.0
1 192.0
2 48.0
3 48.0
4 48.0
5 48.0
6 96.0
7 96.0
8 192.0
9 192.0
10 192.0
11 192.0
12 96.0
13 96.0
14 48.0
15 48.0
;
param DISK := 
0 192.0
1 192.0
2 48.0
3 48.0
4 48.0
5 48.0
6 96.0
7 96.0
8 192.0
9 192.0
10 192.0
11 192.0
12 96.0
13 96.0
14 48.0
15 48.0
;
param BDW_out := 
0 10.0
1 10.0
2 10.0
3 10.0
4 10.0
5 10.0
6 10.0
7 10.0
8 10.0
9 10.0
10 10.0
11 10.0
12 10.0
13 10.0
14 10.0
15 10.0
;
param BDW_in := 
0 10.0
1 10.0
2 10.0
3 10.0
4 10.0
5 10.0
6 10.0
7 10.0
8 10.0
9 10.0
10 10.0
11 10.0
12 10.0
13 10.0
14 10.0
15 10.0
;
param mem := 
1 16.0
2 16.0
3 8.0
4 4.0
35 4.0
36 16.0
5 2.0
6 2.0
7 2.0
8 2.0
9 1.0
10 8.0
11 32.0
12 2.0
13 32.0
14 2.0
15 2.0
16 16.0
17 8.0
18 4.0
19 4.0
20 1.0
21 2.0
22 16.0
23 16.0
24 16.0
25 16.0
26 16.0
27 16.0
28 32.0
29 32.0
37 32.0
38 16.0
39 16.0
40 32.0
30 8.0
31 8.0
32 8.0
33 32.0
34 4.0
;
param disk := 
1 36.0
2 36.0
3 24.0
4 16.0
35 16.0
36 36.0
5 8.0
6 8.0
7 8.0
8 8.0
9 4.0
10 24.0
11 43.2
12 8.0
13 50.0
14 8.0
15 8.0
16 36.0
17 24.0
18 16.0
19 16.0
20 4.0
21 8.0
22 36.0
23 36.0
24 36.0
25 36.0
26 36.0
27 36.0
28 50.0
29 43.2
37 50.0
38 36.0
39 36.0
40 50.0
30 24.0
31 24.0
32 24.0
33 43.2
34 16.0
;
param cpu : 
0 1 2 3 4 5 6 7 8 9 10 11 12 13 14 15 := 
1 4.0 4.0 4.0 4.0 4.0 4.0 4.761904761904762 4.761904761904762 4.0 4.0 4.0 4.0 4.761904761904762 4.761904761904762 4.0 4.0 
2 4.0 4.0 4.0 4.0 4.0 4.0 4.761904761904762 4.761904761904762 4.0 4.0 4.0 4.0 4.761904761904762 4.761904761904762 4.0 4.0 
3 2.0 2.0 2.0 2.0 2.0 2.0 2.380952380952381 2.380952380952381 2.0 2.0 2.0 2.0 2.380952380952381 2.380952380952381 2.0 2.0 
4 2.0 2.0 2.0 2.0 2.0 2.0 2.380952380952381 2.380952380952381 2.0 2.0 2.0 2.0 2.380952380952381 2.380952380952381 2.0 2.0 
35 2.0 2.0 2.0 2.0 2.0 2.0 2.380952380952381 2.380952380952381 2.0 2.0 2.0 2.0 2.380952380952381 2.380952380952381 2.0 2.0 
36 4.0 4.0 4.0 4.0 4.0 4.0 4.761904761904762 4.761904761904762 4.0 4.0 4.0 4.0 4.761904761904762 4.761904761904762 4.0 4.0 
5 1.0 1.0 1.0 1.0 1.0 1.0 1.1904761904761905 1.1904761904761905 1.0 1.0 1.0 1.0 1.1904761904761905 1.1904761904761905 1.0 1.0 
6 1.0 1.0 1.0 1.0 1.0 1.0 1.1904761904761905 1.1904761904761905 1.0 1.0 1.0 1.0 1.1904761904761905 1.1904761904761905 1.0 1.0 
7 1.0 1.0 1.0 1.0 1.0 1.0 1.1904761904761905 1.1904761904761905 1.0 1.0 1.0 1.0 1.1904761904761905 1.1904761904761905 1.0 1.0 
8 1.0 1.0 1.0 1.0 1.0 1.0 1.1904761904761905 1.1904761904761905 1.0 1.0 1.0 1.0 1.1904761904761905 1.1904761904761905 1.0 1.0 
9 1.0 1.0 1.0 1.0 1.0 1.0 1.1904761904761905 1.1904761904761905 1.0 1.0 1.0 1.0 1.1904761904761905 1.1904761904761905 1.0 1.0 
10 2.0 2.0 2.0 2.0 2.0 2.0 2.380952380952381 2.380952380952381 2.0 2.0 2.0 2.0 2.380952380952381 2.380952380952381 2.0 2.0 
11 8.0 8.0 8.0 8.0 8.0 8.0 9.523809523809524 9.523809523809524 8.0 8.0 8.0 8.0 9.523809523809524 9.523809523809524 8.0 8.0 
12 1.0 1.0 1.0 1.0 1.0 1.0 1.1904761904761905 1.1904761904761905 1.0 1.0 1.0 1.0 1.1904761904761905 1.1904761904761905 1.0 1.0 
13 8.0 8.0 8.0 8.0 8.0 8.0 9.523809523809524 9.523809523809524 8.0 8.0 8.0 8.0 9.523809523809524 9.523809523809524 8.0 8.0 
14 1.0 1.0 1.0 1.0 1.0 1.0 1.1904761904761905 1.1904761904761905 1.0 1.0 1.0 1.0 1.1904761904761905 1.1904761904761905 1.0 1.0 
15 1.0 1.0 1.0 1.0 1.0 1.0 1.1904761904761905 1.1904761904761905 1.0 1.0 1.0 1.0 1.1904761904761905 1.1904761904761905 1.0 1.0 
16 4.0 4.0 4.0 4.0 4.0 4.0 4.761904761904762 4.761904761904762 4.0 4.0 4.0 4.0 4.761904761904762 4.761904761904762 4.0 4.0 
17 2.0 2.0 2.0 2.0 2.0 2.0 2.380952380952381 2.380952380952381 2.0 2.0 2.0 2.0 2.380952380952381 2.380952380952381 2.0 2.0 
18 2.0 2.0 2.0 2.0 2.0 2.0 2.380952380952381 2.380952380952381 2.0 2.0 2.0 2.0 2.380952380952381 2.380952380952381 2.0 2.0 
19 2.0 2.0 2.0 2.0 2.0 2.0 2.380952380952381 2.380952380952381 2.0 2.0 2.0 2.0 2.380952380952381 2.380952380952381 2.0 2.0 
20 1.0 1.0 1.0 1.0 1.0 1.0 1.1904761904761905 1.1904761904761905 1.0 1.0 1.0 1.0 1.1904761904761905 1.1904761904761905 1.0 1.0 
21 1.0 1.0 1.0 1.0 1.0 1.0 1.1904761904761905 1.1904761904761905 1.0 1.0 1.0 1.0 1.1904761904761905 1.1904761904761905 1.0 1.0 
22 4.0 4.0 4.0 4.0 4.0 4.0 4.761904761904762 4.761904761904762 4.0 4.0 4.0 4.0 4.761904761904762 4.761904761904762 4.0 4.0 
23 4.0 4.0 4.0 4.0 4.0 4.0 4.761904761904762 4.761904761904762 4.0 4.0 4.0 4.0 4.761904761904762 4.761904761904762 4.0 4.0 
24 4.0 4.0 4.0 4.0 4.0 4.0 4.761904761904762 4.761904761904762 4.0 4.0 4.0 4.0 4.761904761904762 4.761904761904762 4.0 4.0 
25 4.0 4.0 4.0 4.0 4.0 4.0 4.761904761904762 4.761904761904762 4.0 4.0 4.0 4.0 4.761904761904762 4.761904761904762 4.0 4.0 
26 4.0 4.0 4.0 4.0 4.0 4.0 4.761904761904762 4.761904761904762 4.0 4.0 4.0 4.0 4.761904761904762 4.761904761904762 4.0 4.0 
27 4.0 4.0 4.0 4.0 4.0 4.0 4.761904761904762 4.761904761904762 4.0 4.0 4.0 4.0 4.761904761904762 4.761904761904762 4.0 4.0 
28 8.0 8.0 8.0 8.0 8.0 8.0 9.523809523809524 9.523809523809524 8.0 8.0 8.0 8.0 9.523809523809524 9.523809523809524 8.0 8.0 
29 8.0 8.0 8.0 8.0 8.0 8.0 9.523809523809524 9.523809523809524 8.0 8.0 8.0 8.0 9.523809523809524 9.523809523809524 8.0 8.0 
37 8.0 8.0 8.0 8.0 8.0 8.0 9.523809523809524 9.523809523809524 8.0 8.0 8.0 8.0 9.523809523809524 9.523809523809524 8.0 8.0 
38 4.0 4.0 4.0 4.0 4.0 4.0 4.761904761904762 4.761904761904762 4.0 4.0 4.0 4.0 4.761904761904762 4.761904761904762 4.0 4.0 
39 4.0 4.0 4.0 4.0 4.0 4.0 4.761904761904762 4.761904761904762 4.0 4.0 4.0 4.0 4.761904761904762 4.761904761904762 4.0 4.0 
40 8.0 8.0 8.0 8.0 8.0 8.0 9.523809523809524 9.523809523809524 8.0 8.0 8.0 8.0 9.523809523809524 9.523809523809524 8.0 8.0 
30 2.0 2.0 2.0 2.0 2.0 2.0 2.380952380952381 2.380952380952381 2.0 2.0 2.0 2.0 2.380952380952381 2.380952380952381 2.0 2.0 
31 2.0 2.0 2.0 2.0 2.0 2.0 2.380952380952381 2.380952380952381 2.0 2.0 2.0 2.0 2.380952380952381 2.380952380952381 2.0 2.0 
32 2.0 2.0 2.0 2.0 2.0 2.0 2.380952380952381 2.380952380952381 2.0 2.0 2.0 2.0 2.380952380952381 2.380952380952381 2.0 2.0 
33 8.0 8.0 8.0 8.0 8.0 8.0 9.523809523809524 9.523809523809524 8.0 8.0 8.0 8.0 9.523809523809524 9.523809523809524 8.0 8.0 
34 2.0 2.0 2.0 2.0 2.0 2.0 2.380952380952381 2.380952380952381 2.0 2.0 2.0 2.0 2.380952380952381 2.380952380952381 2.0 2.0 
;
set c_0 := 0;
param d := 
[0,*,*] : 
0 1 2 3 4 35 36 := 
0 0 3.28E-4 3.28E-4 0 0 0 3.28E-4 
1 0.34768 0 0 3.28E-4 0 0 0 
2 0.34768 0 0 3.28E-4 0 0 0 
3 0 0.0017384 0.0017384 0 4.92E-4 4.92E-4 0.0017384 
4 0 0 0 0.013038 0 0 0 
35 0 0 0 0.013038 0 0 0 
36 0.34768 0 0 3.28E-4 0 0 0 
[1,*,*] : 
0 5 6 7 8 9 10 := 
0 0 9.958E-4 9.958E-4 9.958E-4 9.958E-4 0 0 
5 1.055548 0 0 0 0 9.958E-4 0 
6 1.055548 0 0 0 0 9.958E-4 0 
7 1.055548 0 0 0 0 9.958E-4 0 
8 1.055548 0 0 0 0 9.958E-4 0 
9 0 0.0052777399999999995 0.0052777399999999995 0.0052777399999999995 0.0052777399999999995 0 0.0039832 
10 0 0 0 0 0 0.16044329599999999 0 
[2,*,*] : 
0 11 12 13 := 
0 0 5.408E-4 0 0 
11 0.573248 0 5.408E-4 0 
12 0 0.00286624 0 5.408E-4 
13 0 0 0.016050943999999998 0 
[3,*,*] : 
0 14 15 16 17 := 
0 0 9.824E-4 9.824E-4 0 0 
14 1.041344 0 0 9.824E-4 0 
15 1.041344 0 0 9.824E-4 0 
16 0 0.005206720000000001 0.005206720000000001 0 0.0019648 
17 0 0 0 0.10205171200000002 0 
[4,*,*] : 
0 18 19 20 21 := 
0 0 0.0012804 0.0012804 0 0 
18 1.357224 0 0 0.0012804 0 
19 1.357224 0 0 0.0012804 0 
20 0 0.00678612 0.00678612 0 0.0025608 
21 0 0 0 0.12350738399999998 0 
[5,*,*] : 
0 22 23 24 25 26 27 28 29 37 38 39 40 := 
0 0 4.813E-4 4.813E-4 4.813E-4 4.813E-4 4.813E-4 4.813E-4 0 0 0 4.813E-4 4.813E-4 0 
22 0.510178 0 0 0 0 0 0 1.6043333333333332E-4 0 1.6043333333333332E-4 0 0 1.6043333333333332E-4 
23 0.510178 0 0 0 0 0 0 1.6043333333333332E-4 0 1.6043333333333332E-4 0 0 1.6043333333333332E-4 
24 0.510178 0 0 0 0 0 0 1.6043333333333332E-4 0 1.6043333333333332E-4 0 0 1.6043333333333332E-4 
25 0.510178 0 0 0 0 0 0 1.6043333333333332E-4 0 1.6043333333333332E-4 0 0 1.6043333333333332E-4 
26 0.510178 0 0 0 0 0 0 1.6043333333333332E-4 0 1.6043333333333332E-4 0 0 1.6043333333333332E-4 
27 0.510178 0 0 0 0 0 0 1.6043333333333332E-4 0 1.6043333333333332E-4 0 0 1.6043333333333332E-4 
28 0 8.502966666666667E-4 8.502966666666667E-4 8.502966666666667E-4 8.502966666666667E-4 8.502966666666667E-4 8.502966666666667E-4 0 0.0012834666666666666 0 8.502966666666667E-4 8.502966666666667E-4 0 
29 0 0 0 0 0 0 0 0.04829685066666667 0 0.04829685066666667 0 0 0.04829685066666667 
37 0 8.502966666666667E-4 8.502966666666667E-4 8.502966666666667E-4 8.502966666666667E-4 8.502966666666667E-4 8.502966666666667E-4 0 0.0012834666666666666 0 8.502966666666667E-4 8.502966666666667E-4 0 
38 0.510178 0 0 0 0 0 0 1.6043333333333332E-4 0 1.6043333333333332E-4 0 0 1.6043333333333332E-4 
39 0.510178 0 0 0 0 0 0 1.6043333333333332E-4 0 1.6043333333333332E-4 0 0 1.6043333333333332E-4 
40 0 8.502966666666667E-4 8.502966666666667E-4 8.502966666666667E-4 8.502966666666667E-4 8.502966666666667E-4 8.502966666666667E-4 0 0.0012834666666666666 0 8.502966666666667E-4 8.502966666666667E-4 0 
[6,*,*] : 
0 30 31 32 33 34 := 
0 0 3.9119999999999997E-4 3.9119999999999997E-4 3.9119999999999997E-4 0 0 
30 0.41467199999999993 0 0 0 3.9119999999999997E-4 0 
31 0.41467199999999993 0 0 0 3.9119999999999997E-4 0 
32 0.41467199999999993 0 0 0 3.9119999999999997E-4 0 
33 0 0.00207336 0.00207336 0.00207336 0 0.0011736 
34 0 0 0 0 6.22008E-4 0 
;
param x_bar : 0 1 2 3 4 5 6 7 8 9 10 11 12 13 14 15  := 
0 0 0 0 0 0 0 0 0 0 0 0 0 0 0 0 0 
;
