data;
set C_bar :=  ;
set C :=  1 2 3 4 5 6 7 8 9 10 11 12 13 14 38 15 16 17 18 35 19 20 21 22 23 24 25 26 27 36 37 28 29 30 31 32 33 34 39 40 ;
set R := 0 1 2 3 4 5 6 ;
set C_r[0] :=  
1 2 3 4 5 ;
set C_r[1] :=  
6 7 8 9 10 11 ;
set C_r[2] :=  
12 13 14 38 ;
set C_r[3] :=  
15 16 17 18 35 ;
set C_r[4] :=  
19 20 21 ;
set C_r[5] :=  
22 23 24 25 26 27 36 37 ;
set C_r[6] :=  
28 29 30 31 32 33 34 39 40 ;
set S :=  0 1 2 3 4 5 6 7 8 9 10 11 12 13 14 15 ;
set S_u :=  0 1 2 3 4 5 6 7 8 9 10 11 12 13 14 15 ;
set Rack :=  0 1 2 3 4 5 6 7 ;
param COST : 0 1 2 3 4 5 6 7 8 9 10 11 12 13 14 15 :=
0 0 1 3 3 5 5 5 5 5 5 5 5 5 5 5 5 
1 1 0 3 3 5 5 5 5 5 5 5 5 5 5 5 5 
2 3 3 0 1 5 5 5 5 5 5 5 5 5 5 5 5 
3 3 3 1 0 5 5 5 5 5 5 5 5 5 5 5 5 
4 5 5 5 5 0 1 3 3 5 5 5 5 5 5 5 5 
5 5 5 5 5 1 0 3 3 5 5 5 5 5 5 5 5 
6 5 5 5 5 3 3 0 1 5 5 5 5 5 5 5 5 
7 5 5 5 5 3 3 1 0 5 5 5 5 5 5 5 5 
8 5 5 5 5 5 5 5 5 0 1 3 3 5 5 5 5 
9 5 5 5 5 5 5 5 5 1 0 3 3 5 5 5 5 
10 5 5 5 5 5 5 5 5 3 3 0 1 5 5 5 5 
11 5 5 5 5 5 5 5 5 3 3 1 0 5 5 5 5 
12 5 5 5 5 5 5 5 5 5 5 5 5 0 1 3 3 
13 5 5 5 5 5 5 5 5 5 5 5 5 1 0 3 3 
14 5 5 5 5 5 5 5 5 5 5 5 5 3 3 0 1 
15 5 5 5 5 5 5 5 5 5 5 5 5 3 3 1 0 
;
set S_rack[0] :=  
0 1 ;
set S_rack[1] :=  
2 3 ;
set S_rack[2] :=  
4 5 ;
set S_rack[3] :=  
6 7 ;
set S_rack[4] :=  
8 9 ;
set S_rack[5] :=  
10 11 ;
set S_rack[6] :=  
12 13 ;
set S_rack[7] :=  
14 15 ;
param CPU := 
0 56.0
1 56.0
2 28.0
3 28.0
4 28.0
5 28.0
6 28.0
7 28.0
8 28.0
9 28.0
10 28.0
11 28.0
12 56.0
13 56.0
14 56.0
15 56.0
;
param MEM := 
0 192.0
1 192.0
2 96.0
3 96.0
4 192.0
5 192.0
6 48.0
7 48.0
8 48.0
9 48.0
10 48.0
11 48.0
12 192.0
13 192.0
14 192.0
15 192.0
;
param DISK := 
0 192.0
1 192.0
2 96.0
3 96.0
4 192.0
5 192.0
6 48.0
7 48.0
8 48.0
9 48.0
10 48.0
11 48.0
12 192.0
13 192.0
14 192.0
15 192.0
;
param BDW_out := 
0 10.0
1 10.0
2 10.0
3 10.0
4 10.0
5 10.0
6 10.0
7 10.0
8 10.0
9 10.0
10 10.0
11 10.0
12 10.0
13 10.0
14 10.0
15 10.0
;
param BDW_in := 
0 10.0
1 10.0
2 10.0
3 10.0
4 10.0
5 10.0
6 10.0
7 10.0
8 10.0
9 10.0
10 10.0
11 10.0
12 10.0
13 10.0
14 10.0
15 10.0
;
param mem := 
1 64.0
2 64.0
3 64.0
4 2.0
5 4.0
6 1.0
7 1.0
8 1.0
9 1.0
10 8.0
11 8.0
12 32.0
13 32.0
14 4.0
38 32.0
15 32.0
16 32.0
17 8.0
18 32.0
35 8.0
19 64.0
20 32.0
21 1.0
22 16.0
23 16.0
24 16.0
25 16.0
26 32.0
27 8.0
36 8.0
37 16.0
28 16.0
29 16.0
30 16.0
31 16.0
32 16.0
33 32.0
34 16.0
39 16.0
40 16.0
;
param disk := 
1 64.0
2 64.0
3 64.0
4 8.0
5 16.0
6 4.0
7 4.0
8 4.0
9 4.0
10 24.0
11 24.0
12 43.2
13 50.0
14 16.0
38 50.0
15 43.2
16 43.2
17 24.0
18 43.2
35 24.0
19 64.0
20 43.2
21 4.0
22 36.0
23 36.0
24 36.0
25 36.0
26 43.2
27 24.0
36 24.0
37 36.0
28 36.0
29 36.0
30 36.0
31 36.0
32 36.0
33 50.0
34 36.0
39 36.0
40 36.0
;
param cpu : 
0 1 2 3 4 5 6 7 8 9 10 11 12 13 14 15 := 
1 16.0 16.0 19.047619047619047 19.047619047619047 16.0 16.0 16.0 16.0 16.0 16.0 16.0 16.0 16.0 16.0 16.0 16.0 
2 16.0 16.0 19.047619047619047 19.047619047619047 16.0 16.0 16.0 16.0 16.0 16.0 16.0 16.0 16.0 16.0 16.0 16.0 
3 16.0 16.0 19.047619047619047 19.047619047619047 16.0 16.0 16.0 16.0 16.0 16.0 16.0 16.0 16.0 16.0 16.0 16.0 
4 1.0 1.0 1.1904761904761905 1.1904761904761905 1.0 1.0 1.0 1.0 1.0 1.0 1.0 1.0 1.0 1.0 1.0 1.0 
5 2.0 2.0 2.380952380952381 2.380952380952381 2.0 2.0 2.0 2.0 2.0 2.0 2.0 2.0 2.0 2.0 2.0 2.0 
6 1.0 1.0 1.1904761904761905 1.1904761904761905 1.0 1.0 1.0 1.0 1.0 1.0 1.0 1.0 1.0 1.0 1.0 1.0 
7 1.0 1.0 1.1904761904761905 1.1904761904761905 1.0 1.0 1.0 1.0 1.0 1.0 1.0 1.0 1.0 1.0 1.0 1.0 
8 1.0 1.0 1.1904761904761905 1.1904761904761905 1.0 1.0 1.0 1.0 1.0 1.0 1.0 1.0 1.0 1.0 1.0 1.0 
9 1.0 1.0 1.1904761904761905 1.1904761904761905 1.0 1.0 1.0 1.0 1.0 1.0 1.0 1.0 1.0 1.0 1.0 1.0 
10 2.0 2.0 2.380952380952381 2.380952380952381 2.0 2.0 2.0 2.0 2.0 2.0 2.0 2.0 2.0 2.0 2.0 2.0 
11 2.0 2.0 2.380952380952381 2.380952380952381 2.0 2.0 2.0 2.0 2.0 2.0 2.0 2.0 2.0 2.0 2.0 2.0 
12 8.0 8.0 9.523809523809524 9.523809523809524 8.0 8.0 8.0 8.0 8.0 8.0 8.0 8.0 8.0 8.0 8.0 8.0 
13 8.0 8.0 9.523809523809524 9.523809523809524 8.0 8.0 8.0 8.0 8.0 8.0 8.0 8.0 8.0 8.0 8.0 8.0 
14 2.0 2.0 2.380952380952381 2.380952380952381 2.0 2.0 2.0 2.0 2.0 2.0 2.0 2.0 2.0 2.0 2.0 2.0 
38 8.0 8.0 9.523809523809524 9.523809523809524 8.0 8.0 8.0 8.0 8.0 8.0 8.0 8.0 8.0 8.0 8.0 8.0 
15 8.0 8.0 9.523809523809524 9.523809523809524 8.0 8.0 8.0 8.0 8.0 8.0 8.0 8.0 8.0 8.0 8.0 8.0 
16 8.0 8.0 9.523809523809524 9.523809523809524 8.0 8.0 8.0 8.0 8.0 8.0 8.0 8.0 8.0 8.0 8.0 8.0 
17 2.0 2.0 2.380952380952381 2.380952380952381 2.0 2.0 2.0 2.0 2.0 2.0 2.0 2.0 2.0 2.0 2.0 2.0 
18 8.0 8.0 9.523809523809524 9.523809523809524 8.0 8.0 8.0 8.0 8.0 8.0 8.0 8.0 8.0 8.0 8.0 8.0 
35 2.0 2.0 2.380952380952381 2.380952380952381 2.0 2.0 2.0 2.0 2.0 2.0 2.0 2.0 2.0 2.0 2.0 2.0 
19 16.0 16.0 19.047619047619047 19.047619047619047 16.0 16.0 16.0 16.0 16.0 16.0 16.0 16.0 16.0 16.0 16.0 16.0 
20 8.0 8.0 9.523809523809524 9.523809523809524 8.0 8.0 8.0 8.0 8.0 8.0 8.0 8.0 8.0 8.0 8.0 8.0 
21 1.0 1.0 1.1904761904761905 1.1904761904761905 1.0 1.0 1.0 1.0 1.0 1.0 1.0 1.0 1.0 1.0 1.0 1.0 
22 4.0 4.0 4.761904761904762 4.761904761904762 4.0 4.0 4.0 4.0 4.0 4.0 4.0 4.0 4.0 4.0 4.0 4.0 
23 4.0 4.0 4.761904761904762 4.761904761904762 4.0 4.0 4.0 4.0 4.0 4.0 4.0 4.0 4.0 4.0 4.0 4.0 
24 4.0 4.0 4.761904761904762 4.761904761904762 4.0 4.0 4.0 4.0 4.0 4.0 4.0 4.0 4.0 4.0 4.0 4.0 
25 4.0 4.0 4.761904761904762 4.761904761904762 4.0 4.0 4.0 4.0 4.0 4.0 4.0 4.0 4.0 4.0 4.0 4.0 
26 8.0 8.0 9.523809523809524 9.523809523809524 8.0 8.0 8.0 8.0 8.0 8.0 8.0 8.0 8.0 8.0 8.0 8.0 
27 2.0 2.0 2.380952380952381 2.380952380952381 2.0 2.0 2.0 2.0 2.0 2.0 2.0 2.0 2.0 2.0 2.0 2.0 
36 2.0 2.0 2.380952380952381 2.380952380952381 2.0 2.0 2.0 2.0 2.0 2.0 2.0 2.0 2.0 2.0 2.0 2.0 
37 4.0 4.0 4.761904761904762 4.761904761904762 4.0 4.0 4.0 4.0 4.0 4.0 4.0 4.0 4.0 4.0 4.0 4.0 
28 4.0 4.0 4.761904761904762 4.761904761904762 4.0 4.0 4.0 4.0 4.0 4.0 4.0 4.0 4.0 4.0 4.0 4.0 
29 4.0 4.0 4.761904761904762 4.761904761904762 4.0 4.0 4.0 4.0 4.0 4.0 4.0 4.0 4.0 4.0 4.0 4.0 
30 4.0 4.0 4.761904761904762 4.761904761904762 4.0 4.0 4.0 4.0 4.0 4.0 4.0 4.0 4.0 4.0 4.0 4.0 
31 4.0 4.0 4.761904761904762 4.761904761904762 4.0 4.0 4.0 4.0 4.0 4.0 4.0 4.0 4.0 4.0 4.0 4.0 
32 4.0 4.0 4.761904761904762 4.761904761904762 4.0 4.0 4.0 4.0 4.0 4.0 4.0 4.0 4.0 4.0 4.0 4.0 
33 8.0 8.0 9.523809523809524 9.523809523809524 8.0 8.0 8.0 8.0 8.0 8.0 8.0 8.0 8.0 8.0 8.0 8.0 
34 4.0 4.0 4.761904761904762 4.761904761904762 4.0 4.0 4.0 4.0 4.0 4.0 4.0 4.0 4.0 4.0 4.0 4.0 
39 4.0 4.0 4.761904761904762 4.761904761904762 4.0 4.0 4.0 4.0 4.0 4.0 4.0 4.0 4.0 4.0 4.0 4.0 
40 4.0 4.0 4.761904761904762 4.761904761904762 4.0 4.0 4.0 4.0 4.0 4.0 4.0 4.0 4.0 4.0 4.0 4.0 
;
set c_0 := 0;
param d := 
[0,*,*] : 
0 1 2 3 4 5 := 
0 0 0.0013239999999999999 0.0013239999999999999 0.0013239999999999999 0 0 
1 1.4034399999999998 0 0 0 0.0013239999999999999 0 
2 1.4034399999999998 0 0 0 0.0013239999999999999 0 
3 1.4034399999999998 0 0 0 0.0013239999999999999 0 
4 0 0.007017199999999999 0.007017199999999999 0.007017199999999999 0 0.003972 
5 0 0 0 0 0.052628999999999995 0 
[1,*,*] : 
0 6 7 8 9 10 11 := 
0 0 6.146E-4 6.146E-4 6.146E-4 6.146E-4 0 0 
6 0.6514759999999999 0 0 0 0 6.146E-4 0 
7 0.6514759999999999 0 0 0 0 6.146E-4 0 
8 0.6514759999999999 0 0 0 0 6.146E-4 0 
9 0.6514759999999999 0 0 0 0 6.146E-4 0 
10 0 0.00325738 0.00325738 0.00325738 0.00325738 0 0.0024584 
11 0 0 0 0 0 0.029967895999999997 0 
[2,*,*] : 
0 12 13 14 38 := 
0 0 0.0025976 0 0 0 
12 2.753456 0 0.0012988 0 0.0012988 
13 0 0.00688364 0 0.0012988 0 
14 0 0 0.031664743999999995 0 0.031664743999999995 
38 0 0.00688364 0 0.0012988 0 
[3,*,*] : 
0 15 16 17 18 35 := 
0 0 0.00196 0.00196 0 0 0 
15 2.0776 0 0 9.8E-4 0 9.8E-4 
16 2.0776 0 0 9.8E-4 0 9.8E-4 
17 0 0.005194 0.005194 0 0.00196 0 
18 0 0 0 0.07791 0 0.07791 
35 0 0.005194 0.005194 0 0.00196 0 
[4,*,*] : 
0 19 20 21 := 
0 0 0.0015672 0 0 
19 1.6612319999999998 0 0.0015672 0 
20 0 0.00830616 0 0.0015672 
21 0 0 0.021596016 0 
[5,*,*] : 
0 22 23 24 25 26 27 36 37 := 
0 0 4.8464E-4 4.8464E-4 4.8464E-4 4.8464E-4 0 0 0 4.8464E-4 
22 0.5137183999999999 0 0 0 0 4.8464E-4 0 0 0 
23 0.5137183999999999 0 0 0 0 4.8464E-4 0 0 0 
24 0.5137183999999999 0 0 0 0 4.8464E-4 0 0 0 
25 0.5137183999999999 0 0 0 0 4.8464E-4 0 0 0 
26 0 0.0025685919999999998 0.0025685919999999998 0.0025685919999999998 0.0025685919999999998 0 0.0012116 0.0012116 0.0025685919999999998 
27 0 0 0 0 0 0.05201398799999999 0 0 0 
36 0 0 0 0 0 0.05201398799999999 0 0 0 
37 0.5137183999999999 0 0 0 0 4.8464E-4 0 0 0 
[6,*,*] : 
0 28 29 30 31 32 33 34 39 40 := 
0 0 6.8112E-4 6.8112E-4 6.8112E-4 6.8112E-4 6.8112E-4 0 0 0 0 
28 0.7219871999999999 0 0 0 0 0 6.8112E-4 0 0 0 
29 0.7219871999999999 0 0 0 0 0 6.8112E-4 0 0 0 
30 0.7219871999999999 0 0 0 0 0 6.8112E-4 0 0 0 
31 0.7219871999999999 0 0 0 0 0 6.8112E-4 0 0 0 
32 0.7219871999999999 0 0 0 0 0 6.8112E-4 0 0 0 
33 0 0.003609936 0.003609936 0.003609936 0.003609936 0.003609936 0 0.0011352 0.0011352 0.0011352 
34 0 0 0 0 0 0 0.02707452 0 0 0 
39 0 0 0 0 0 0 0.02707452 0 0 0 
40 0 0 0 0 0 0 0.02707452 0 0 0 
;
param x_bar : 0 1 2 3 4 5 6 7 8 9 10 11 12 13 14 15  := 
0 0 0 0 0 0 0 0 0 0 0 0 0 0 0 0 0 
;
