data;
set C_bar :=  ;
set C :=  1 2 3 4 5 6 7 8 9 10 11 12 13 14 15 16 17 18 19 20 36 37 38 39 40 21 22 23 24 31 32 33 34 35 25 26 27 28 29 30 ;
set R := 0 1 2 3 4 5 6 ;
set C_r[0] :=  
1 2 3 4 ;
set C_r[1] :=  
5 6 7 8 ;
set C_r[2] :=  
9 10 11 12 13 14 ;
set C_r[3] :=  
15 16 17 18 19 20 36 37 38 39 40 ;
set C_r[4] :=  
21 22 23 24 31 32 33 34 35 ;
set C_r[5] :=  
25 26 27 ;
set C_r[6] :=  
28 29 30 ;
set S :=  0 1 2 3 4 5 6 7 8 9 10 11 12 13 14 15 ;
set S_u :=  0 1 2 3 4 5 6 7 8 9 10 11 12 13 14 15 ;
set Rack :=  0 1 2 3 4 5 6 7 ;
param COST : 0 1 2 3 4 5 6 7 8 9 10 11 12 13 14 15 :=
0 0 1 3 3 5 5 5 5 5 5 5 5 5 5 5 5 
1 1 0 3 3 5 5 5 5 5 5 5 5 5 5 5 5 
2 3 3 0 1 5 5 5 5 5 5 5 5 5 5 5 5 
3 3 3 1 0 5 5 5 5 5 5 5 5 5 5 5 5 
4 5 5 5 5 0 1 3 3 5 5 5 5 5 5 5 5 
5 5 5 5 5 1 0 3 3 5 5 5 5 5 5 5 5 
6 5 5 5 5 3 3 0 1 5 5 5 5 5 5 5 5 
7 5 5 5 5 3 3 1 0 5 5 5 5 5 5 5 5 
8 5 5 5 5 5 5 5 5 0 1 3 3 5 5 5 5 
9 5 5 5 5 5 5 5 5 1 0 3 3 5 5 5 5 
10 5 5 5 5 5 5 5 5 3 3 0 1 5 5 5 5 
11 5 5 5 5 5 5 5 5 3 3 1 0 5 5 5 5 
12 5 5 5 5 5 5 5 5 5 5 5 5 0 1 3 3 
13 5 5 5 5 5 5 5 5 5 5 5 5 1 0 3 3 
14 5 5 5 5 5 5 5 5 5 5 5 5 3 3 0 1 
15 5 5 5 5 5 5 5 5 5 5 5 5 3 3 1 0 
;
set S_rack[0] :=  
0 1 ;
set S_rack[1] :=  
2 3 ;
set S_rack[2] :=  
4 5 ;
set S_rack[3] :=  
6 7 ;
set S_rack[4] :=  
8 9 ;
set S_rack[5] :=  
10 11 ;
set S_rack[6] :=  
12 13 ;
set S_rack[7] :=  
14 15 ;
param CPU := 
0 28.0
1 28.0
2 28.0
3 28.0
4 56.0
5 56.0
6 56.0
7 56.0
8 44.0
9 44.0
10 44.0
11 44.0
12 28.0
13 28.0
14 28.0
15 28.0
;
param MEM := 
0 192.0
1 192.0
2 48.0
3 48.0
4 192.0
5 192.0
6 192.0
7 192.0
8 128.0
9 128.0
10 128.0
11 128.0
12 48.0
13 48.0
14 48.0
15 48.0
;
param DISK := 
0 192.0
1 192.0
2 48.0
3 48.0
4 192.0
5 192.0
6 192.0
7 192.0
8 128.0
9 128.0
10 128.0
11 128.0
12 48.0
13 48.0
14 48.0
15 48.0
;
param BDW_out := 
0 10.0
1 10.0
2 10.0
3 10.0
4 10.0
5 10.0
6 10.0
7 10.0
8 10.0
9 10.0
10 10.0
11 10.0
12 10.0
13 10.0
14 10.0
15 10.0
;
param BDW_in := 
0 10.0
1 10.0
2 10.0
3 10.0
4 10.0
5 10.0
6 10.0
7 10.0
8 10.0
9 10.0
10 10.0
11 10.0
12 10.0
13 10.0
14 10.0
15 10.0
;
param mem := 
1 16.0
2 16.0
3 64.0
4 16.0
5 32.0
6 32.0
7 16.0
8 1.0
9 2.0
10 2.0
11 2.0
12 2.0
13 32.0
14 8.0
15 32.0
16 32.0
17 32.0
18 32.0
19 64.0
20 16.0
36 32.0
37 16.0
38 16.0
39 32.0
40 16.0
21 8.0
22 8.0
23 8.0
24 64.0
31 8.0
32 8.0
33 64.0
34 8.0
35 64.0
25 64.0
26 1.0
27 8.0
28 16.0
29 16.0
30 64.0
;
param disk := 
1 36.0
2 36.0
3 64.0
4 36.0
5 43.2
6 43.2
7 36.0
8 4.0
9 8.0
10 8.0
11 8.0
12 8.0
13 50.0
14 24.0
15 50.0
16 50.0
17 50.0
18 50.0
19 64.0
20 36.0
36 50.0
37 36.0
38 36.0
39 50.0
40 36.0
21 24.0
22 24.0
23 24.0
24 64.0
31 24.0
32 24.0
33 64.0
34 24.0
35 64.0
25 64.0
26 4.0
27 24.0
28 36.0
29 36.0
30 64.0
;
param cpu : 
0 1 2 3 4 5 6 7 8 9 10 11 12 13 14 15 := 
1 4.0 4.0 4.0 4.0 4.0 4.0 4.0 4.0 4.545454545454546 4.545454545454546 4.545454545454546 4.545454545454546 4.0 4.0 4.0 4.0 
2 4.0 4.0 4.0 4.0 4.0 4.0 4.0 4.0 4.545454545454546 4.545454545454546 4.545454545454546 4.545454545454546 4.0 4.0 4.0 4.0 
3 16.0 16.0 16.0 16.0 16.0 16.0 16.0 16.0 18.181818181818183 18.181818181818183 18.181818181818183 18.181818181818183 16.0 16.0 16.0 16.0 
4 4.0 4.0 4.0 4.0 4.0 4.0 4.0 4.0 4.545454545454546 4.545454545454546 4.545454545454546 4.545454545454546 4.0 4.0 4.0 4.0 
5 8.0 8.0 8.0 8.0 8.0 8.0 8.0 8.0 9.090909090909092 9.090909090909092 9.090909090909092 9.090909090909092 8.0 8.0 8.0 8.0 
6 8.0 8.0 8.0 8.0 8.0 8.0 8.0 8.0 9.090909090909092 9.090909090909092 9.090909090909092 9.090909090909092 8.0 8.0 8.0 8.0 
7 4.0 4.0 4.0 4.0 4.0 4.0 4.0 4.0 4.545454545454546 4.545454545454546 4.545454545454546 4.545454545454546 4.0 4.0 4.0 4.0 
8 1.0 1.0 1.0 1.0 1.0 1.0 1.0 1.0 1.1363636363636365 1.1363636363636365 1.1363636363636365 1.1363636363636365 1.0 1.0 1.0 1.0 
9 1.0 1.0 1.0 1.0 1.0 1.0 1.0 1.0 1.1363636363636365 1.1363636363636365 1.1363636363636365 1.1363636363636365 1.0 1.0 1.0 1.0 
10 1.0 1.0 1.0 1.0 1.0 1.0 1.0 1.0 1.1363636363636365 1.1363636363636365 1.1363636363636365 1.1363636363636365 1.0 1.0 1.0 1.0 
11 1.0 1.0 1.0 1.0 1.0 1.0 1.0 1.0 1.1363636363636365 1.1363636363636365 1.1363636363636365 1.1363636363636365 1.0 1.0 1.0 1.0 
12 1.0 1.0 1.0 1.0 1.0 1.0 1.0 1.0 1.1363636363636365 1.1363636363636365 1.1363636363636365 1.1363636363636365 1.0 1.0 1.0 1.0 
13 8.0 8.0 8.0 8.0 8.0 8.0 8.0 8.0 9.090909090909092 9.090909090909092 9.090909090909092 9.090909090909092 8.0 8.0 8.0 8.0 
14 2.0 2.0 2.0 2.0 2.0 2.0 2.0 2.0 2.272727272727273 2.272727272727273 2.272727272727273 2.272727272727273 2.0 2.0 2.0 2.0 
15 8.0 8.0 8.0 8.0 8.0 8.0 8.0 8.0 9.090909090909092 9.090909090909092 9.090909090909092 9.090909090909092 8.0 8.0 8.0 8.0 
16 8.0 8.0 8.0 8.0 8.0 8.0 8.0 8.0 9.090909090909092 9.090909090909092 9.090909090909092 9.090909090909092 8.0 8.0 8.0 8.0 
17 8.0 8.0 8.0 8.0 8.0 8.0 8.0 8.0 9.090909090909092 9.090909090909092 9.090909090909092 9.090909090909092 8.0 8.0 8.0 8.0 
18 8.0 8.0 8.0 8.0 8.0 8.0 8.0 8.0 9.090909090909092 9.090909090909092 9.090909090909092 9.090909090909092 8.0 8.0 8.0 8.0 
19 16.0 16.0 16.0 16.0 16.0 16.0 16.0 16.0 18.181818181818183 18.181818181818183 18.181818181818183 18.181818181818183 16.0 16.0 16.0 16.0 
20 4.0 4.0 4.0 4.0 4.0 4.0 4.0 4.0 4.545454545454546 4.545454545454546 4.545454545454546 4.545454545454546 4.0 4.0 4.0 4.0 
36 8.0 8.0 8.0 8.0 8.0 8.0 8.0 8.0 9.090909090909092 9.090909090909092 9.090909090909092 9.090909090909092 8.0 8.0 8.0 8.0 
37 4.0 4.0 4.0 4.0 4.0 4.0 4.0 4.0 4.545454545454546 4.545454545454546 4.545454545454546 4.545454545454546 4.0 4.0 4.0 4.0 
38 4.0 4.0 4.0 4.0 4.0 4.0 4.0 4.0 4.545454545454546 4.545454545454546 4.545454545454546 4.545454545454546 4.0 4.0 4.0 4.0 
39 8.0 8.0 8.0 8.0 8.0 8.0 8.0 8.0 9.090909090909092 9.090909090909092 9.090909090909092 9.090909090909092 8.0 8.0 8.0 8.0 
40 4.0 4.0 4.0 4.0 4.0 4.0 4.0 4.0 4.545454545454546 4.545454545454546 4.545454545454546 4.545454545454546 4.0 4.0 4.0 4.0 
21 2.0 2.0 2.0 2.0 2.0 2.0 2.0 2.0 2.272727272727273 2.272727272727273 2.272727272727273 2.272727272727273 2.0 2.0 2.0 2.0 
22 2.0 2.0 2.0 2.0 2.0 2.0 2.0 2.0 2.272727272727273 2.272727272727273 2.272727272727273 2.272727272727273 2.0 2.0 2.0 2.0 
23 2.0 2.0 2.0 2.0 2.0 2.0 2.0 2.0 2.272727272727273 2.272727272727273 2.272727272727273 2.272727272727273 2.0 2.0 2.0 2.0 
24 16.0 16.0 16.0 16.0 16.0 16.0 16.0 16.0 18.181818181818183 18.181818181818183 18.181818181818183 18.181818181818183 16.0 16.0 16.0 16.0 
31 2.0 2.0 2.0 2.0 2.0 2.0 2.0 2.0 2.272727272727273 2.272727272727273 2.272727272727273 2.272727272727273 2.0 2.0 2.0 2.0 
32 2.0 2.0 2.0 2.0 2.0 2.0 2.0 2.0 2.272727272727273 2.272727272727273 2.272727272727273 2.272727272727273 2.0 2.0 2.0 2.0 
33 16.0 16.0 16.0 16.0 16.0 16.0 16.0 16.0 18.181818181818183 18.181818181818183 18.181818181818183 18.181818181818183 16.0 16.0 16.0 16.0 
34 2.0 2.0 2.0 2.0 2.0 2.0 2.0 2.0 2.272727272727273 2.272727272727273 2.272727272727273 2.272727272727273 2.0 2.0 2.0 2.0 
35 16.0 16.0 16.0 16.0 16.0 16.0 16.0 16.0 18.181818181818183 18.181818181818183 18.181818181818183 18.181818181818183 16.0 16.0 16.0 16.0 
25 16.0 16.0 16.0 16.0 16.0 16.0 16.0 16.0 18.181818181818183 18.181818181818183 18.181818181818183 18.181818181818183 16.0 16.0 16.0 16.0 
26 1.0 1.0 1.0 1.0 1.0 1.0 1.0 1.0 1.1363636363636365 1.1363636363636365 1.1363636363636365 1.1363636363636365 1.0 1.0 1.0 1.0 
27 2.0 2.0 2.0 2.0 2.0 2.0 2.0 2.0 2.272727272727273 2.272727272727273 2.272727272727273 2.272727272727273 2.0 2.0 2.0 2.0 
28 4.0 4.0 4.0 4.0 4.0 4.0 4.0 4.0 4.545454545454546 4.545454545454546 4.545454545454546 4.545454545454546 4.0 4.0 4.0 4.0 
29 4.0 4.0 4.0 4.0 4.0 4.0 4.0 4.0 4.545454545454546 4.545454545454546 4.545454545454546 4.545454545454546 4.0 4.0 4.0 4.0 
30 16.0 16.0 16.0 16.0 16.0 16.0 16.0 16.0 18.181818181818183 18.181818181818183 18.181818181818183 18.181818181818183 16.0 16.0 16.0 16.0 
;
set c_0 := 0;
param d := 
[0,*,*] : 
0 1 2 3 4 := 
0 0 4.736E-4 4.736E-4 0 0 
1 0.502016 0 0 4.736E-4 0 
2 0.502016 0 0 4.736E-4 0 
3 0 0.00251008 0.00251008 0 9.472E-4 
4 0 0 0 0.0251008 0 
[1,*,*] : 
0 5 6 7 8 := 
0 0 0.0019012 0.0019012 0 0 
5 2.015272 0 0 0.0019012 0 
6 2.015272 0 0 0.0019012 0 
7 0 0.01007636 0.01007636 0 0.0038024 
8 0 0 0 0.18540502399999997 0 
[2,*,*] : 
0 9 10 11 12 13 14 := 
0 0 9.714E-4 9.714E-4 9.714E-4 9.714E-4 0 0 
9 1.029684 0 0 0 0 9.714E-4 0 
10 1.029684 0 0 0 0 9.714E-4 0 
11 1.029684 0 0 0 0 9.714E-4 0 
12 1.029684 0 0 0 0 9.714E-4 0 
13 0 0.00514842 0.00514842 0.00514842 0.00514842 0 0.0038856 
14 0 0 0 0 0 0.018534312 0 
[3,*,*] : 
0 15 16 17 18 19 20 36 37 38 39 40 := 
0 0 5.986666666666667E-4 5.986666666666667E-4 5.986666666666667E-4 5.986666666666667E-4 0 0 5.986666666666667E-4 0 0 5.986666666666667E-4 0 
15 0.6345866666666667 0 0 0 0 5.986666666666667E-4 0 0 0 0 0 0 
16 0.6345866666666667 0 0 0 0 5.986666666666667E-4 0 0 0 0 0 0 
17 0.6345866666666667 0 0 0 0 5.986666666666667E-4 0 0 0 0 0 0 
18 0.6345866666666667 0 0 0 0 5.986666666666667E-4 0 0 0 0 0 0 
19 0 0.0031729333333333338 0.0031729333333333338 0.0031729333333333338 0.0031729333333333338 0 8.98E-4 0.0031729333333333338 8.98E-4 8.98E-4 0.0031729333333333338 8.98E-4 
20 0 0 0 0 0 0.03379174 0 0 0 0 0 0 
36 0.6345866666666667 0 0 0 0 5.986666666666667E-4 0 0 0 0 0 0 
37 0 0 0 0 0 0.03379174 0 0 0 0 0 0 
38 0 0 0 0 0 0.03379174 0 0 0 0 0 0 
39 0.6345866666666667 0 0 0 0 5.986666666666667E-4 0 0 0 0 0 0 
40 0 0 0 0 0 0.03379174 0 0 0 0 0 0 
[4,*,*] : 
0 21 22 23 24 31 32 33 34 35 := 
0 0 1.392E-4 1.392E-4 0 0 1.392E-4 1.392E-4 0 1.392E-4 0 
21 0.147552 0 0 1.392E-4 0 0 0 0 0 0 
22 0.147552 0 0 1.392E-4 0 0 0 0 0 0 
23 0 7.3776E-4 7.3776E-4 0 2.32E-4 7.3776E-4 7.3776E-4 2.32E-4 7.3776E-4 2.32E-4 
24 0 0 0 0.01094344 0 0 0 0 0 0 
31 0.147552 0 0 1.392E-4 0 0 0 0 0 0 
32 0.147552 0 0 1.392E-4 0 0 0 0 0 0 
33 0 0 0 0.01094344 0 0 0 0 0 0 
34 0.147552 0 0 1.392E-4 0 0 0 0 0 0 
35 0 0 0 0.01094344 0 0 0 0 0 0 
[5,*,*] : 
0 25 26 27 := 
0 0 0.0010176 0 0 
25 1.540937142857143 0 0.0010176 0 
26 0 0.00539328 0 0.0010176 
27 0 0 0.011865216000000001 0 
[6,*,*] : 
0 28 29 30 := 
0 0 0.0019856 0 0 
28 2.104736 0 0.0019856 0 
29 0 0.01052368 0 0.0019856 
30 0 0 0.044199456000000005 0 
;
param x_bar : 0 1 2 3 4 5 6 7 8 9 10 11 12 13 14 15  := 
0 0 0 0 0 0 0 0 0 0 0 0 0 0 0 0 0 
;
