data;
set C_bar :=  ;
set C :=  1 2 3 38 39 40 4 5 6 7 8 9 10 11 12 37 13 14 15 16 32 33 34 35 36 17 18 19 20 21 22 23 24 25 26 27 28 29 30 31 ;
set R := 0 1 2 3 4 5 6 ;
set C_r[0] :=  
1 2 3 38 39 40 ;
set C_r[1] :=  
4 5 6 7 ;
set C_r[2] :=  
8 9 10 11 12 37 ;
set C_r[3] :=  
13 14 15 16 32 33 34 35 36 ;
set C_r[4] :=  
17 18 19 20 21 ;
set C_r[5] :=  
22 23 24 25 26 ;
set C_r[6] :=  
27 28 29 30 31 ;
set S :=  0 1 2 3 4 5 6 7 8 9 10 11 12 13 14 15 ;
set S_u :=  0 1 2 3 4 5 6 7 8 9 10 11 12 13 14 15 ;
set Rack :=  0 1 2 3 4 5 6 7 ;
param COST : 0 1 2 3 4 5 6 7 8 9 10 11 12 13 14 15 :=
0 0 1 3 3 5 5 5 5 5 5 5 5 5 5 5 5 
1 1 0 3 3 5 5 5 5 5 5 5 5 5 5 5 5 
2 3 3 0 1 5 5 5 5 5 5 5 5 5 5 5 5 
3 3 3 1 0 5 5 5 5 5 5 5 5 5 5 5 5 
4 5 5 5 5 0 1 3 3 5 5 5 5 5 5 5 5 
5 5 5 5 5 1 0 3 3 5 5 5 5 5 5 5 5 
6 5 5 5 5 3 3 0 1 5 5 5 5 5 5 5 5 
7 5 5 5 5 3 3 1 0 5 5 5 5 5 5 5 5 
8 5 5 5 5 5 5 5 5 0 1 3 3 5 5 5 5 
9 5 5 5 5 5 5 5 5 1 0 3 3 5 5 5 5 
10 5 5 5 5 5 5 5 5 3 3 0 1 5 5 5 5 
11 5 5 5 5 5 5 5 5 3 3 1 0 5 5 5 5 
12 5 5 5 5 5 5 5 5 5 5 5 5 0 1 3 3 
13 5 5 5 5 5 5 5 5 5 5 5 5 1 0 3 3 
14 5 5 5 5 5 5 5 5 5 5 5 5 3 3 0 1 
15 5 5 5 5 5 5 5 5 5 5 5 5 3 3 1 0 
;
set S_rack[0] :=  
0 1 ;
set S_rack[1] :=  
2 3 ;
set S_rack[2] :=  
4 5 ;
set S_rack[3] :=  
6 7 ;
set S_rack[4] :=  
8 9 ;
set S_rack[5] :=  
10 11 ;
set S_rack[6] :=  
12 13 ;
set S_rack[7] :=  
14 15 ;
param CPU := 
0 56.0
1 56.0
2 28.0
3 28.0
4 44.0
5 44.0
6 28.0
7 28.0
8 28.0
9 28.0
10 28.0
11 28.0
12 56.0
13 56.0
14 56.0
15 56.0
;
param MEM := 
0 192.0
1 192.0
2 96.0
3 96.0
4 128.0
5 128.0
6 48.0
7 48.0
8 48.0
9 48.0
10 96.0
11 96.0
12 192.0
13 192.0
14 192.0
15 192.0
;
param DISK := 
0 192.0
1 192.0
2 96.0
3 96.0
4 128.0
5 128.0
6 48.0
7 48.0
8 48.0
9 48.0
10 96.0
11 96.0
12 192.0
13 192.0
14 192.0
15 192.0
;
param BDW_out := 
0 10.0
1 10.0
2 10.0
3 10.0
4 10.0
5 10.0
6 10.0
7 10.0
8 10.0
9 10.0
10 10.0
11 10.0
12 10.0
13 10.0
14 10.0
15 10.0
;
param BDW_in := 
0 10.0
1 10.0
2 10.0
3 10.0
4 10.0
5 10.0
6 10.0
7 10.0
8 10.0
9 10.0
10 10.0
11 10.0
12 10.0
13 10.0
14 10.0
15 10.0
;
param mem := 
1 64.0
2 32.0
3 32.0
38 64.0
39 32.0
40 32.0
4 2.0
5 2.0
6 32.0
7 2.0
8 1.0
9 1.0
10 1.0
11 4.0
12 1.0
37 1.0
13 16.0
14 16.0
15 16.0
16 4.0
32 16.0
33 4.0
34 4.0
35 16.0
36 16.0
17 2.0
18 2.0
19 2.0
20 64.0
21 64.0
22 2.0
23 2.0
24 2.0
25 64.0
26 16.0
27 1.0
28 1.0
29 1.0
30 8.0
31 64.0
;
param disk := 
1 64.0
2 43.2
3 43.2
38 64.0
39 43.2
40 43.2
4 8.0
5 8.0
6 50.0
7 8.0
8 4.0
9 4.0
10 4.0
11 16.0
12 4.0
37 4.0
13 36.0
14 36.0
15 36.0
16 16.0
32 36.0
33 16.0
34 16.0
35 36.0
36 36.0
17 8.0
18 8.0
19 8.0
20 64.0
21 64.0
22 8.0
23 8.0
24 8.0
25 64.0
26 36.0
27 4.0
28 4.0
29 4.0
30 24.0
31 64.0
;
param cpu : 
0 1 2 3 4 5 6 7 8 9 10 11 12 13 14 15 := 
1 16.0 16.0 19.047619047619047 19.047619047619047 18.181818181818183 18.181818181818183 16.0 16.0 16.0 16.0 19.047619047619047 19.047619047619047 16.0 16.0 16.0 16.0 
2 8.0 8.0 9.523809523809524 9.523809523809524 9.090909090909092 9.090909090909092 8.0 8.0 8.0 8.0 9.523809523809524 9.523809523809524 8.0 8.0 8.0 8.0 
3 8.0 8.0 9.523809523809524 9.523809523809524 9.090909090909092 9.090909090909092 8.0 8.0 8.0 8.0 9.523809523809524 9.523809523809524 8.0 8.0 8.0 8.0 
38 16.0 16.0 19.047619047619047 19.047619047619047 18.181818181818183 18.181818181818183 16.0 16.0 16.0 16.0 19.047619047619047 19.047619047619047 16.0 16.0 16.0 16.0 
39 8.0 8.0 9.523809523809524 9.523809523809524 9.090909090909092 9.090909090909092 8.0 8.0 8.0 8.0 9.523809523809524 9.523809523809524 8.0 8.0 8.0 8.0 
40 8.0 8.0 9.523809523809524 9.523809523809524 9.090909090909092 9.090909090909092 8.0 8.0 8.0 8.0 9.523809523809524 9.523809523809524 8.0 8.0 8.0 8.0 
4 1.0 1.0 1.1904761904761905 1.1904761904761905 1.1363636363636365 1.1363636363636365 1.0 1.0 1.0 1.0 1.1904761904761905 1.1904761904761905 1.0 1.0 1.0 1.0 
5 1.0 1.0 1.1904761904761905 1.1904761904761905 1.1363636363636365 1.1363636363636365 1.0 1.0 1.0 1.0 1.1904761904761905 1.1904761904761905 1.0 1.0 1.0 1.0 
6 8.0 8.0 9.523809523809524 9.523809523809524 9.090909090909092 9.090909090909092 8.0 8.0 8.0 8.0 9.523809523809524 9.523809523809524 8.0 8.0 8.0 8.0 
7 1.0 1.0 1.1904761904761905 1.1904761904761905 1.1363636363636365 1.1363636363636365 1.0 1.0 1.0 1.0 1.1904761904761905 1.1904761904761905 1.0 1.0 1.0 1.0 
8 1.0 1.0 1.1904761904761905 1.1904761904761905 1.1363636363636365 1.1363636363636365 1.0 1.0 1.0 1.0 1.1904761904761905 1.1904761904761905 1.0 1.0 1.0 1.0 
9 1.0 1.0 1.1904761904761905 1.1904761904761905 1.1363636363636365 1.1363636363636365 1.0 1.0 1.0 1.0 1.1904761904761905 1.1904761904761905 1.0 1.0 1.0 1.0 
10 1.0 1.0 1.1904761904761905 1.1904761904761905 1.1363636363636365 1.1363636363636365 1.0 1.0 1.0 1.0 1.1904761904761905 1.1904761904761905 1.0 1.0 1.0 1.0 
11 2.0 2.0 2.380952380952381 2.380952380952381 2.272727272727273 2.272727272727273 2.0 2.0 2.0 2.0 2.380952380952381 2.380952380952381 2.0 2.0 2.0 2.0 
12 1.0 1.0 1.1904761904761905 1.1904761904761905 1.1363636363636365 1.1363636363636365 1.0 1.0 1.0 1.0 1.1904761904761905 1.1904761904761905 1.0 1.0 1.0 1.0 
37 1.0 1.0 1.1904761904761905 1.1904761904761905 1.1363636363636365 1.1363636363636365 1.0 1.0 1.0 1.0 1.1904761904761905 1.1904761904761905 1.0 1.0 1.0 1.0 
13 4.0 4.0 4.761904761904762 4.761904761904762 4.545454545454546 4.545454545454546 4.0 4.0 4.0 4.0 4.761904761904762 4.761904761904762 4.0 4.0 4.0 4.0 
14 4.0 4.0 4.761904761904762 4.761904761904762 4.545454545454546 4.545454545454546 4.0 4.0 4.0 4.0 4.761904761904762 4.761904761904762 4.0 4.0 4.0 4.0 
15 4.0 4.0 4.761904761904762 4.761904761904762 4.545454545454546 4.545454545454546 4.0 4.0 4.0 4.0 4.761904761904762 4.761904761904762 4.0 4.0 4.0 4.0 
16 2.0 2.0 2.380952380952381 2.380952380952381 2.272727272727273 2.272727272727273 2.0 2.0 2.0 2.0 2.380952380952381 2.380952380952381 2.0 2.0 2.0 2.0 
32 4.0 4.0 4.761904761904762 4.761904761904762 4.545454545454546 4.545454545454546 4.0 4.0 4.0 4.0 4.761904761904762 4.761904761904762 4.0 4.0 4.0 4.0 
33 2.0 2.0 2.380952380952381 2.380952380952381 2.272727272727273 2.272727272727273 2.0 2.0 2.0 2.0 2.380952380952381 2.380952380952381 2.0 2.0 2.0 2.0 
34 2.0 2.0 2.380952380952381 2.380952380952381 2.272727272727273 2.272727272727273 2.0 2.0 2.0 2.0 2.380952380952381 2.380952380952381 2.0 2.0 2.0 2.0 
35 4.0 4.0 4.761904761904762 4.761904761904762 4.545454545454546 4.545454545454546 4.0 4.0 4.0 4.0 4.761904761904762 4.761904761904762 4.0 4.0 4.0 4.0 
36 4.0 4.0 4.761904761904762 4.761904761904762 4.545454545454546 4.545454545454546 4.0 4.0 4.0 4.0 4.761904761904762 4.761904761904762 4.0 4.0 4.0 4.0 
17 1.0 1.0 1.1904761904761905 1.1904761904761905 1.1363636363636365 1.1363636363636365 1.0 1.0 1.0 1.0 1.1904761904761905 1.1904761904761905 1.0 1.0 1.0 1.0 
18 1.0 1.0 1.1904761904761905 1.1904761904761905 1.1363636363636365 1.1363636363636365 1.0 1.0 1.0 1.0 1.1904761904761905 1.1904761904761905 1.0 1.0 1.0 1.0 
19 1.0 1.0 1.1904761904761905 1.1904761904761905 1.1363636363636365 1.1363636363636365 1.0 1.0 1.0 1.0 1.1904761904761905 1.1904761904761905 1.0 1.0 1.0 1.0 
20 16.0 16.0 19.047619047619047 19.047619047619047 18.181818181818183 18.181818181818183 16.0 16.0 16.0 16.0 19.047619047619047 19.047619047619047 16.0 16.0 16.0 16.0 
21 16.0 16.0 19.047619047619047 19.047619047619047 18.181818181818183 18.181818181818183 16.0 16.0 16.0 16.0 19.047619047619047 19.047619047619047 16.0 16.0 16.0 16.0 
22 1.0 1.0 1.1904761904761905 1.1904761904761905 1.1363636363636365 1.1363636363636365 1.0 1.0 1.0 1.0 1.1904761904761905 1.1904761904761905 1.0 1.0 1.0 1.0 
23 1.0 1.0 1.1904761904761905 1.1904761904761905 1.1363636363636365 1.1363636363636365 1.0 1.0 1.0 1.0 1.1904761904761905 1.1904761904761905 1.0 1.0 1.0 1.0 
24 1.0 1.0 1.1904761904761905 1.1904761904761905 1.1363636363636365 1.1363636363636365 1.0 1.0 1.0 1.0 1.1904761904761905 1.1904761904761905 1.0 1.0 1.0 1.0 
25 16.0 16.0 19.047619047619047 19.047619047619047 18.181818181818183 18.181818181818183 16.0 16.0 16.0 16.0 19.047619047619047 19.047619047619047 16.0 16.0 16.0 16.0 
26 4.0 4.0 4.761904761904762 4.761904761904762 4.545454545454546 4.545454545454546 4.0 4.0 4.0 4.0 4.761904761904762 4.761904761904762 4.0 4.0 4.0 4.0 
27 1.0 1.0 1.1904761904761905 1.1904761904761905 1.1363636363636365 1.1363636363636365 1.0 1.0 1.0 1.0 1.1904761904761905 1.1904761904761905 1.0 1.0 1.0 1.0 
28 1.0 1.0 1.1904761904761905 1.1904761904761905 1.1363636363636365 1.1363636363636365 1.0 1.0 1.0 1.0 1.1904761904761905 1.1904761904761905 1.0 1.0 1.0 1.0 
29 1.0 1.0 1.1904761904761905 1.1904761904761905 1.1363636363636365 1.1363636363636365 1.0 1.0 1.0 1.0 1.1904761904761905 1.1904761904761905 1.0 1.0 1.0 1.0 
30 2.0 2.0 2.380952380952381 2.380952380952381 2.272727272727273 2.272727272727273 2.0 2.0 2.0 2.0 2.380952380952381 2.380952380952381 2.0 2.0 2.0 2.0 
31 16.0 16.0 19.047619047619047 19.047619047619047 18.181818181818183 18.181818181818183 16.0 16.0 16.0 16.0 19.047619047619047 19.047619047619047 16.0 16.0 16.0 16.0 
;
set c_0 := 0;
param d := 
[0,*,*] : 
0 1 2 3 38 39 40 := 
0 0 5.396E-4 0 0 5.396E-4 0 0 
1 0.571976 0 2.698E-4 0 0 2.698E-4 0 
2 0 0.0014299400000000002 0 2.698E-4 0.0014299400000000002 0 2.698E-4 
3 0 0 0.012440478000000001 0 0 0.012440478000000001 0 
38 0.571976 0 2.698E-4 0 0 2.698E-4 0 
39 0 0.0014299400000000002 0 2.698E-4 0.0014299400000000002 0 2.698E-4 
40 0 0 0.012440478000000001 0 0 0.012440478000000001 0 
[1,*,*] : 
0 4 5 6 7 := 
0 0 9.644E-4 9.644E-4 0 0 
4 1.022264 0 0 9.644E-4 0 
5 1.022264 0 0 9.644E-4 0 
6 0 0.005111320000000001 0.005111320000000001 0 0.0019288 
7 0 0 0 0.004089056000000001 0 
[2,*,*] : 
0 8 9 10 11 12 37 := 
0 0 5.872000000000001E-4 5.872000000000001E-4 5.872000000000001E-4 0 0 0 
8 0.622432 0 0 0 5.872000000000001E-4 0 0 
9 0.622432 0 0 0 5.872000000000001E-4 0 0 
10 0.622432 0 0 0 5.872000000000001E-4 0 0 
11 0 0.0031121600000000005 0.0031121600000000005 0.0031121600000000005 0 8.808E-4 8.808E-4 
12 0 0 0 0 0.030810384000000003 0 0 
37 0 0 0 0 0.030810384000000003 0 0 
[3,*,*] : 
0 13 14 15 16 32 33 34 35 36 := 
0 0 4.293333333333334E-4 4.293333333333334E-4 0 0 0 0 0 0 4.293333333333334E-4 
13 0.45509333333333335 0 0 1.4311111111111114E-4 0 1.4311111111111114E-4 0 0 1.4311111111111114E-4 0 
14 0.45509333333333335 0 0 1.4311111111111114E-4 0 1.4311111111111114E-4 0 0 1.4311111111111114E-4 0 
15 0 7.58488888888889E-4 7.58488888888889E-4 0 1.4311111111111114E-4 0 1.4311111111111114E-4 1.4311111111111114E-4 0 7.58488888888889E-4 
16 0 0 0 0.004930177777777778 0 0.004930177777777778 0 0 0.004930177777777778 0 
32 0 7.58488888888889E-4 7.58488888888889E-4 0 1.4311111111111114E-4 0 1.4311111111111114E-4 1.4311111111111114E-4 0 7.58488888888889E-4 
33 0 0 0 0.004930177777777778 0 0.004930177777777778 0 0 0.004930177777777778 0 
34 0 0 0 0.004930177777777778 0 0.004930177777777778 0 0 0.004930177777777778 0 
35 0 7.58488888888889E-4 7.58488888888889E-4 0 1.4311111111111114E-4 0 1.4311111111111114E-4 1.4311111111111114E-4 0 7.58488888888889E-4 
36 0.45509333333333335 0 0 1.4311111111111114E-4 0 1.4311111111111114E-4 0 0 1.4311111111111114E-4 0 
[4,*,*] : 
0 17 18 19 20 21 := 
0 0 7.253333333333334E-4 7.253333333333334E-4 7.253333333333334E-4 0 0 
17 0.7688533333333334 0 0 0 7.253333333333334E-4 0 
18 0.7688533333333334 0 0 0 7.253333333333334E-4 0 
19 0.7688533333333334 0 0 0 7.253333333333334E-4 0 
20 0 0.003844266666666667 0.003844266666666667 0.003844266666666667 0 0.002176 
21 0 0 0 0 0.05881728 0 
[5,*,*] : 
0 22 23 24 25 26 := 
0 0 7.101333333333334E-4 7.101333333333334E-4 7.101333333333334E-4 0 0 
22 0.7527413333333334 0 0 0 7.101333333333334E-4 0 
23 0.7527413333333334 0 0 0 7.101333333333334E-4 0 
24 0.7527413333333334 0 0 0 7.101333333333334E-4 0 
25 0 0.003763706666666667 0.003763706666666667 0.003763706666666667 0 0.0021304 
26 0 0 0 0 0.05306826400000001 0 
[6,*,*] : 
0 27 28 29 30 31 := 
0 0 5.602666666666667E-4 5.602666666666667E-4 5.602666666666667E-4 0 0 
27 0.5938826666666667 0 0 0 5.602666666666667E-4 0 
28 0.5938826666666667 0 0 0 5.602666666666667E-4 0 
29 0.5938826666666667 0 0 0 5.602666666666667E-4 0 
30 0 0.0029694133333333338 0.0029694133333333338 0.0029694133333333338 0 0.0016808 
31 0 0 0 0 0.08551910400000001 0 
;
param x_bar : 0 1 2 3 4 5 6 7 8 9 10 11 12 13 14 15  := 
0 0 0 0 0 0 0 0 0 0 0 0 0 0 0 0 0 
;
