data;
set C_bar :=  ;
set C :=  1 2 3 4 5 6 7 8 9 10 16 17 18 11 12 13 14 15 19 20 ;
set R := 0 1 2 ;
set C_r[0] :=  
1 2 3 ;
set C_r[1] :=  
4 5 6 7 8 9 10 16 17 18 ;
set C_r[2] :=  
11 12 13 14 15 19 20 ;
set S :=  0 1 2 3 4 5 6 7 8 9 10 11 12 13 14 15 ;
set S_u :=  0 1 2 3 4 5 6 7 8 9 10 11 12 13 14 15 ;
set Rack :=  0 1 2 3 4 5 6 7 ;
param COST : 0 1 2 3 4 5 6 7 8 9 10 11 12 13 14 15 :=
0 0 1 3 3 5 5 5 5 5 5 5 5 5 5 5 5 
1 1 0 3 3 5 5 5 5 5 5 5 5 5 5 5 5 
2 3 3 0 1 5 5 5 5 5 5 5 5 5 5 5 5 
3 3 3 1 0 5 5 5 5 5 5 5 5 5 5 5 5 
4 5 5 5 5 0 1 3 3 5 5 5 5 5 5 5 5 
5 5 5 5 5 1 0 3 3 5 5 5 5 5 5 5 5 
6 5 5 5 5 3 3 0 1 5 5 5 5 5 5 5 5 
7 5 5 5 5 3 3 1 0 5 5 5 5 5 5 5 5 
8 5 5 5 5 5 5 5 5 0 1 3 3 5 5 5 5 
9 5 5 5 5 5 5 5 5 1 0 3 3 5 5 5 5 
10 5 5 5 5 5 5 5 5 3 3 0 1 5 5 5 5 
11 5 5 5 5 5 5 5 5 3 3 1 0 5 5 5 5 
12 5 5 5 5 5 5 5 5 5 5 5 5 0 1 3 3 
13 5 5 5 5 5 5 5 5 5 5 5 5 1 0 3 3 
14 5 5 5 5 5 5 5 5 5 5 5 5 3 3 0 1 
15 5 5 5 5 5 5 5 5 5 5 5 5 3 3 1 0 
;
set S_rack[0] :=  
0 1 ;
set S_rack[1] :=  
2 3 ;
set S_rack[2] :=  
4 5 ;
set S_rack[3] :=  
6 7 ;
set S_rack[4] :=  
8 9 ;
set S_rack[5] :=  
10 11 ;
set S_rack[6] :=  
12 13 ;
set S_rack[7] :=  
14 15 ;
param CPU := 
0 28.0
1 28.0
2 44.0
3 44.0
4 44.0
5 44.0
6 56.0
7 56.0
8 56.0
9 56.0
10 28.0
11 28.0
12 28.0
13 28.0
14 28.0
15 28.0
;
param MEM := 
0 96.0
1 96.0
2 128.0
3 128.0
4 128.0
5 128.0
6 192.0
7 192.0
8 192.0
9 192.0
10 48.0
11 48.0
12 192.0
13 192.0
14 96.0
15 96.0
;
param DISK := 
0 192.0
1 192.0
2 256.0
3 256.0
4 256.0
5 256.0
6 384.0
7 384.0
8 384.0
9 384.0
10 96.0
11 96.0
12 384.0
13 384.0
14 192.0
15 192.0
;
param BDW_out := 
0 10.0
1 10.0
2 10.0
3 10.0
4 10.0
5 10.0
6 10.0
7 10.0
8 10.0
9 10.0
10 10.0
11 10.0
12 10.0
13 10.0
14 10.0
15 10.0
;
param BDW_in := 
0 10.0
1 10.0
2 10.0
3 10.0
4 10.0
5 10.0
6 10.0
7 10.0
8 10.0
9 10.0
10 10.0
11 10.0
12 10.0
13 10.0
14 10.0
15 10.0
;
param mem := 
1 8.0
2 64.0
3 1.0
4 32.0
5 32.0
6 32.0
7 32.0
8 32.0
9 8.0
10 4.0
16 4.0
17 4.0
18 32.0
11 16.0
12 8.0
13 4.0
14 8.0
15 4.0
19 4.0
20 4.0
;
param disk := 
1 24.0
2 64.0
3 4.0
4 50.0
5 50.0
6 50.0
7 50.0
8 50.0
9 24.0
10 16.0
16 16.0
17 16.0
18 50.0
11 36.0
12 24.0
13 16.0
14 24.0
15 16.0
19 16.0
20 16.0
;
param cpu : 
0 1 2 3 4 5 6 7 8 9 10 11 12 13 14 15 := 
1 2.380952380952381 2.380952380952381 2.272727272727273 2.272727272727273 2.272727272727273 2.272727272727273 2.0 2.0 2.0 2.0 2.0 2.0 2.0 2.0 2.380952380952381 2.380952380952381 
2 19.047619047619047 19.047619047619047 18.181818181818183 18.181818181818183 18.181818181818183 18.181818181818183 16.0 16.0 16.0 16.0 16.0 16.0 16.0 16.0 19.047619047619047 19.047619047619047 
3 1.1904761904761905 1.1904761904761905 1.1363636363636365 1.1363636363636365 1.1363636363636365 1.1363636363636365 1.0 1.0 1.0 1.0 1.0 1.0 1.0 1.0 1.1904761904761905 1.1904761904761905 
4 9.523809523809524 9.523809523809524 9.090909090909092 9.090909090909092 9.090909090909092 9.090909090909092 8.0 8.0 8.0 8.0 8.0 8.0 8.0 8.0 9.523809523809524 9.523809523809524 
5 9.523809523809524 9.523809523809524 9.090909090909092 9.090909090909092 9.090909090909092 9.090909090909092 8.0 8.0 8.0 8.0 8.0 8.0 8.0 8.0 9.523809523809524 9.523809523809524 
6 9.523809523809524 9.523809523809524 9.090909090909092 9.090909090909092 9.090909090909092 9.090909090909092 8.0 8.0 8.0 8.0 8.0 8.0 8.0 8.0 9.523809523809524 9.523809523809524 
7 9.523809523809524 9.523809523809524 9.090909090909092 9.090909090909092 9.090909090909092 9.090909090909092 8.0 8.0 8.0 8.0 8.0 8.0 8.0 8.0 9.523809523809524 9.523809523809524 
8 9.523809523809524 9.523809523809524 9.090909090909092 9.090909090909092 9.090909090909092 9.090909090909092 8.0 8.0 8.0 8.0 8.0 8.0 8.0 8.0 9.523809523809524 9.523809523809524 
9 2.380952380952381 2.380952380952381 2.272727272727273 2.272727272727273 2.272727272727273 2.272727272727273 2.0 2.0 2.0 2.0 2.0 2.0 2.0 2.0 2.380952380952381 2.380952380952381 
10 2.380952380952381 2.380952380952381 2.272727272727273 2.272727272727273 2.272727272727273 2.272727272727273 2.0 2.0 2.0 2.0 2.0 2.0 2.0 2.0 2.380952380952381 2.380952380952381 
16 2.380952380952381 2.380952380952381 2.272727272727273 2.272727272727273 2.272727272727273 2.272727272727273 2.0 2.0 2.0 2.0 2.0 2.0 2.0 2.0 2.380952380952381 2.380952380952381 
17 2.380952380952381 2.380952380952381 2.272727272727273 2.272727272727273 2.272727272727273 2.272727272727273 2.0 2.0 2.0 2.0 2.0 2.0 2.0 2.0 2.380952380952381 2.380952380952381 
18 9.523809523809524 9.523809523809524 9.090909090909092 9.090909090909092 9.090909090909092 9.090909090909092 8.0 8.0 8.0 8.0 8.0 8.0 8.0 8.0 9.523809523809524 9.523809523809524 
11 4.761904761904762 4.761904761904762 4.545454545454546 4.545454545454546 4.545454545454546 4.545454545454546 4.0 4.0 4.0 4.0 4.0 4.0 4.0 4.0 4.761904761904762 4.761904761904762 
12 2.380952380952381 2.380952380952381 2.272727272727273 2.272727272727273 2.272727272727273 2.272727272727273 2.0 2.0 2.0 2.0 2.0 2.0 2.0 2.0 2.380952380952381 2.380952380952381 
13 2.380952380952381 2.380952380952381 2.272727272727273 2.272727272727273 2.272727272727273 2.272727272727273 2.0 2.0 2.0 2.0 2.0 2.0 2.0 2.0 2.380952380952381 2.380952380952381 
14 2.380952380952381 2.380952380952381 2.272727272727273 2.272727272727273 2.272727272727273 2.272727272727273 2.0 2.0 2.0 2.0 2.0 2.0 2.0 2.0 2.380952380952381 2.380952380952381 
15 2.380952380952381 2.380952380952381 2.272727272727273 2.272727272727273 2.272727272727273 2.272727272727273 2.0 2.0 2.0 2.0 2.0 2.0 2.0 2.0 2.380952380952381 2.380952380952381 
19 2.380952380952381 2.380952380952381 2.272727272727273 2.272727272727273 2.272727272727273 2.272727272727273 2.0 2.0 2.0 2.0 2.0 2.0 2.0 2.0 2.380952380952381 2.380952380952381 
20 2.380952380952381 2.380952380952381 2.272727272727273 2.272727272727273 2.272727272727273 2.272727272727273 2.0 2.0 2.0 2.0 2.0 2.0 2.0 2.0 2.380952380952381 2.380952380952381 
;
set c_0 := 0;
param d := 
[0,*,*] : 
0 1 2 3 := 
0 0 0.009328 0 0 
1 0.39977142857142856 0 0.009328 0 
2 0 0.030782399999999998 0 0.009328 
3 0 0 0.18161616 0 
[1,*,*] : 
0 4 5 6 7 8 9 10 16 17 18 := 
0 0 0.0027813333333333336 0.0027813333333333336 0.0027813333333333336 0.0027813333333333336 0.0027813333333333336 0 0 0 0 0.0027813333333333336 
4 0.7787733333333334 0 0 0 0 0 0.0027813333333333336 0 0 0 0 
5 0.7787733333333334 0 0 0 0 0 0.0027813333333333336 0 0 0 0 
6 0.7787733333333334 0 0 0 0 0 0.0027813333333333336 0 0 0 0 
7 0.7787733333333334 0 0 0 0 0 0.0027813333333333336 0 0 0 0 
8 0.7787733333333334 0 0 0 0 0 0.0027813333333333336 0 0 0 0 
9 0 0.003893866666666667 0.003893866666666667 0.003893866666666667 0.003893866666666667 0.003893866666666667 0 0.005562666666666667 0.005562666666666667 0.005562666666666667 0.003893866666666667 
10 0 0 0 0 0 0 0.03192970666666666 0 0 0 0 
16 0 0 0 0 0 0 0.03192970666666666 0 0 0 0 
17 0 0 0 0 0 0 0.03192970666666666 0 0 0 0 
18 0.7787733333333334 0 0 0 0 0 0.0027813333333333336 0 0 0 0 
[2,*,*] : 
0 11 12 13 14 15 19 20 := 
0 0 0.00568 0 0 0 0 0 0 
11 0.24342857142857144 0 0.00284 0 0.00284 0 0 0 
12 0 0.009372 0 7.1E-4 0 7.1E-4 7.1E-4 7.1E-4 
13 0 0 0.019446900000000003 0 0.019446900000000003 0 0 0 
14 0 0.009372 0 7.1E-4 0 7.1E-4 7.1E-4 7.1E-4 
15 0 0 0.019446900000000003 0 0.019446900000000003 0 0 0 
19 0 0 0.019446900000000003 0 0.019446900000000003 0 0 0 
20 0 0 0.019446900000000003 0 0.019446900000000003 0 0 0 
;
param x_bar : 0 1 2 3 4 5 6 7 8 9 10 11 12 13 14 15  := 
0 0 0 0 0 0 0 0 0 0 0 0 0 0 0 0 0 
;
