data;
set C_bar :=  ;
set C :=  1 2 3 4 5 6 7 8 9 10 11 12 13 19 20 14 15 16 17 18 ;
set R := 0 1 2 ;
set C_r[0] :=  
1 2 3 4 5 ;
set C_r[1] :=  
6 7 8 9 10 11 12 13 19 20 ;
set C_r[2] :=  
14 15 16 17 18 ;
set S :=  0 1 2 3 4 5 6 7 8 9 10 11 12 13 14 15 ;
set S_u :=  0 1 2 3 4 5 6 7 8 9 10 11 12 13 14 15 ;
set Rack :=  0 1 2 3 4 5 6 7 ;
param COST : 0 1 2 3 4 5 6 7 8 9 10 11 12 13 14 15 :=
0 0 1 3 3 5 5 5 5 5 5 5 5 5 5 5 5 
1 1 0 3 3 5 5 5 5 5 5 5 5 5 5 5 5 
2 3 3 0 1 5 5 5 5 5 5 5 5 5 5 5 5 
3 3 3 1 0 5 5 5 5 5 5 5 5 5 5 5 5 
4 5 5 5 5 0 1 3 3 5 5 5 5 5 5 5 5 
5 5 5 5 5 1 0 3 3 5 5 5 5 5 5 5 5 
6 5 5 5 5 3 3 0 1 5 5 5 5 5 5 5 5 
7 5 5 5 5 3 3 1 0 5 5 5 5 5 5 5 5 
8 5 5 5 5 5 5 5 5 0 1 3 3 5 5 5 5 
9 5 5 5 5 5 5 5 5 1 0 3 3 5 5 5 5 
10 5 5 5 5 5 5 5 5 3 3 0 1 5 5 5 5 
11 5 5 5 5 5 5 5 5 3 3 1 0 5 5 5 5 
12 5 5 5 5 5 5 5 5 5 5 5 5 0 1 3 3 
13 5 5 5 5 5 5 5 5 5 5 5 5 1 0 3 3 
14 5 5 5 5 5 5 5 5 5 5 5 5 3 3 0 1 
15 5 5 5 5 5 5 5 5 5 5 5 5 3 3 1 0 
;
set S_rack[0] :=  
0 1 ;
set S_rack[1] :=  
2 3 ;
set S_rack[2] :=  
4 5 ;
set S_rack[3] :=  
6 7 ;
set S_rack[4] :=  
8 9 ;
set S_rack[5] :=  
10 11 ;
set S_rack[6] :=  
12 13 ;
set S_rack[7] :=  
14 15 ;
param CPU := 
0 56.0
1 56.0
2 56.0
3 56.0
4 28.0
5 28.0
6 28.0
7 28.0
8 56.0
9 56.0
10 28.0
11 28.0
12 28.0
13 28.0
14 56.0
15 56.0
;
param MEM := 
0 192.0
1 192.0
2 192.0
3 192.0
4 96.0
5 96.0
6 192.0
7 192.0
8 192.0
9 192.0
10 48.0
11 48.0
12 48.0
13 48.0
14 192.0
15 192.0
;
param DISK := 
0 384.0
1 384.0
2 384.0
3 384.0
4 192.0
5 192.0
6 384.0
7 384.0
8 384.0
9 384.0
10 96.0
11 96.0
12 96.0
13 96.0
14 384.0
15 384.0
;
param BDW_out := 
0 10.0
1 10.0
2 10.0
3 10.0
4 10.0
5 10.0
6 10.0
7 10.0
8 10.0
9 10.0
10 10.0
11 10.0
12 10.0
13 10.0
14 10.0
15 10.0
;
param BDW_in := 
0 10.0
1 10.0
2 10.0
3 10.0
4 10.0
5 10.0
6 10.0
7 10.0
8 10.0
9 10.0
10 10.0
11 10.0
12 10.0
13 10.0
14 10.0
15 10.0
;
param mem := 
1 64.0
2 64.0
3 64.0
4 32.0
5 2.0
6 32.0
7 32.0
8 32.0
9 32.0
10 32.0
11 32.0
12 64.0
13 16.0
19 16.0
20 16.0
14 8.0
15 8.0
16 8.0
17 1.0
18 8.0
;
param disk := 
1 64.0
2 64.0
3 64.0
4 50.0
5 8.0
6 50.0
7 50.0
8 50.0
9 50.0
10 50.0
11 50.0
12 64.0
13 36.0
19 36.0
20 36.0
14 24.0
15 24.0
16 24.0
17 4.0
18 24.0
;
param cpu : 
0 1 2 3 4 5 6 7 8 9 10 11 12 13 14 15 := 
1 16.0 16.0 16.0 16.0 19.047619047619047 19.047619047619047 16.0 16.0 16.0 16.0 16.0 16.0 16.0 16.0 16.0 16.0 
2 16.0 16.0 16.0 16.0 19.047619047619047 19.047619047619047 16.0 16.0 16.0 16.0 16.0 16.0 16.0 16.0 16.0 16.0 
3 16.0 16.0 16.0 16.0 19.047619047619047 19.047619047619047 16.0 16.0 16.0 16.0 16.0 16.0 16.0 16.0 16.0 16.0 
4 8.0 8.0 8.0 8.0 9.523809523809524 9.523809523809524 8.0 8.0 8.0 8.0 8.0 8.0 8.0 8.0 8.0 8.0 
5 1.0 1.0 1.0 1.0 1.1904761904761905 1.1904761904761905 1.0 1.0 1.0 1.0 1.0 1.0 1.0 1.0 1.0 1.0 
6 8.0 8.0 8.0 8.0 9.523809523809524 9.523809523809524 8.0 8.0 8.0 8.0 8.0 8.0 8.0 8.0 8.0 8.0 
7 8.0 8.0 8.0 8.0 9.523809523809524 9.523809523809524 8.0 8.0 8.0 8.0 8.0 8.0 8.0 8.0 8.0 8.0 
8 8.0 8.0 8.0 8.0 9.523809523809524 9.523809523809524 8.0 8.0 8.0 8.0 8.0 8.0 8.0 8.0 8.0 8.0 
9 8.0 8.0 8.0 8.0 9.523809523809524 9.523809523809524 8.0 8.0 8.0 8.0 8.0 8.0 8.0 8.0 8.0 8.0 
10 8.0 8.0 8.0 8.0 9.523809523809524 9.523809523809524 8.0 8.0 8.0 8.0 8.0 8.0 8.0 8.0 8.0 8.0 
11 8.0 8.0 8.0 8.0 9.523809523809524 9.523809523809524 8.0 8.0 8.0 8.0 8.0 8.0 8.0 8.0 8.0 8.0 
12 16.0 16.0 16.0 16.0 19.047619047619047 19.047619047619047 16.0 16.0 16.0 16.0 16.0 16.0 16.0 16.0 16.0 16.0 
13 4.0 4.0 4.0 4.0 4.761904761904762 4.761904761904762 4.0 4.0 4.0 4.0 4.0 4.0 4.0 4.0 4.0 4.0 
19 4.0 4.0 4.0 4.0 4.761904761904762 4.761904761904762 4.0 4.0 4.0 4.0 4.0 4.0 4.0 4.0 4.0 4.0 
20 4.0 4.0 4.0 4.0 4.761904761904762 4.761904761904762 4.0 4.0 4.0 4.0 4.0 4.0 4.0 4.0 4.0 4.0 
14 2.0 2.0 2.0 2.0 2.380952380952381 2.380952380952381 2.0 2.0 2.0 2.0 2.0 2.0 2.0 2.0 2.0 2.0 
15 2.0 2.0 2.0 2.0 2.380952380952381 2.380952380952381 2.0 2.0 2.0 2.0 2.0 2.0 2.0 2.0 2.0 2.0 
16 2.0 2.0 2.0 2.0 2.380952380952381 2.380952380952381 2.0 2.0 2.0 2.0 2.0 2.0 2.0 2.0 2.0 2.0 
17 1.0 1.0 1.0 1.0 1.1904761904761905 1.1904761904761905 1.0 1.0 1.0 1.0 1.0 1.0 1.0 1.0 1.0 1.0 
18 2.0 2.0 2.0 2.0 2.380952380952381 2.380952380952381 2.0 2.0 2.0 2.0 2.0 2.0 2.0 2.0 2.0 2.0 
;
set c_0 := 0;
param d := 
[0,*,*] : 
0 1 2 3 4 5 := 
0 0 0.006546666666666667 0.006546666666666667 0.006546666666666667 0 0 
1 1.8330666666666666 0 0 0 0.006546666666666667 0 
2 1.8330666666666666 0 0 0 0.006546666666666667 0 
3 1.8330666666666666 0 0 0 0.006546666666666667 0 
4 0 0.009165333333333333 0.009165333333333333 0.009165333333333333 0 0.01964 
5 0 0 0 0 0.1952216 0 
[1,*,*] : 
0 6 7 8 9 10 11 12 13 19 20 := 
0 0 0.0031786666666666664 0.0031786666666666664 0.0031786666666666664 0.0031786666666666664 0.0031786666666666664 0.0031786666666666664 0 0 0 0 
6 0.8900266666666666 0 0 0 0 0 0 0.0031786666666666664 0 0 0 
7 0.8900266666666666 0 0 0 0 0 0 0.0031786666666666664 0 0 0 
8 0.8900266666666666 0 0 0 0 0 0 0.0031786666666666664 0 0 0 
9 0.8900266666666666 0 0 0 0 0 0 0.0031786666666666664 0 0 0 
10 0.8900266666666666 0 0 0 0 0 0 0.0031786666666666664 0 0 0 
11 0.8900266666666666 0 0 0 0 0 0 0.0031786666666666664 0 0 0 
12 0 0.004450133333333333 0.004450133333333333 0.004450133333333333 0.004450133333333333 0.004450133333333333 0.004450133333333333 0 0.006357333333333333 0.006357333333333333 0.006357333333333333 
13 0 0 0 0 0 0 0 0.07120213333333333 0 0 0 
19 0 0 0 0 0 0 0 0.07120213333333333 0 0 0 
20 0 0 0 0 0 0 0 0.07120213333333333 0 0 0 
[2,*,*] : 
0 14 15 16 17 18 := 
0 0 0.007671999999999999 0.007671999999999999 0.007671999999999999 0 0 
14 2.14816 0 0 0 0.007671999999999999 0 
15 2.14816 0 0 0 0.007671999999999999 0 
16 2.14816 0 0 0 0.007671999999999999 0 
17 0 0.0107408 0.0107408 0.0107408 0 0.023016 
18 0 0 0 0 0.02577792 0 
;
param x_bar : 0 1 2 3 4 5 6 7 8 9 10 11 12 13 14 15  := 
0 0 0 0 0 0 0 0 0 0 0 0 0 0 0 0 0 
;
