data;
set C_bar :=  ;
set C :=  1 2 3 16 17 18 19 20 4 5 6 12 13 14 15 7 8 9 10 11 ;
set R := 0 1 2 ;
set C_r[0] :=  
1 2 3 16 17 18 19 20 ;
set C_r[1] :=  
4 5 6 12 13 14 15 ;
set C_r[2] :=  
7 8 9 10 11 ;
set S :=  0 1 2 3 4 5 6 7 8 9 10 11 12 13 14 15 ;
set S_u :=  0 1 2 3 4 5 6 7 8 9 10 11 12 13 14 15 ;
set Rack :=  0 1 2 3 4 5 6 7 ;
param COST : 0 1 2 3 4 5 6 7 8 9 10 11 12 13 14 15 :=
0 0 1 3 3 5 5 5 5 5 5 5 5 5 5 5 5 
1 1 0 3 3 5 5 5 5 5 5 5 5 5 5 5 5 
2 3 3 0 1 5 5 5 5 5 5 5 5 5 5 5 5 
3 3 3 1 0 5 5 5 5 5 5 5 5 5 5 5 5 
4 5 5 5 5 0 1 3 3 5 5 5 5 5 5 5 5 
5 5 5 5 5 1 0 3 3 5 5 5 5 5 5 5 5 
6 5 5 5 5 3 3 0 1 5 5 5 5 5 5 5 5 
7 5 5 5 5 3 3 1 0 5 5 5 5 5 5 5 5 
8 5 5 5 5 5 5 5 5 0 1 3 3 5 5 5 5 
9 5 5 5 5 5 5 5 5 1 0 3 3 5 5 5 5 
10 5 5 5 5 5 5 5 5 3 3 0 1 5 5 5 5 
11 5 5 5 5 5 5 5 5 3 3 1 0 5 5 5 5 
12 5 5 5 5 5 5 5 5 5 5 5 5 0 1 3 3 
13 5 5 5 5 5 5 5 5 5 5 5 5 1 0 3 3 
14 5 5 5 5 5 5 5 5 5 5 5 5 3 3 0 1 
15 5 5 5 5 5 5 5 5 5 5 5 5 3 3 1 0 
;
set S_rack[0] :=  
0 1 ;
set S_rack[1] :=  
2 3 ;
set S_rack[2] :=  
4 5 ;
set S_rack[3] :=  
6 7 ;
set S_rack[4] :=  
8 9 ;
set S_rack[5] :=  
10 11 ;
set S_rack[6] :=  
12 13 ;
set S_rack[7] :=  
14 15 ;
param CPU := 
0 28.0
1 28.0
2 56.0
3 56.0
4 56.0
5 56.0
6 28.0
7 28.0
8 44.0
9 44.0
10 28.0
11 28.0
12 56.0
13 56.0
14 28.0
15 28.0
;
param MEM := 
0 96.0
1 96.0
2 192.0
3 192.0
4 192.0
5 192.0
6 48.0
7 48.0
8 128.0
9 128.0
10 96.0
11 96.0
12 192.0
13 192.0
14 96.0
15 96.0
;
param DISK := 
0 192.0
1 192.0
2 384.0
3 384.0
4 384.0
5 384.0
6 96.0
7 96.0
8 256.0
9 256.0
10 192.0
11 192.0
12 384.0
13 384.0
14 192.0
15 192.0
;
param BDW_out := 
0 10.0
1 10.0
2 10.0
3 10.0
4 10.0
5 10.0
6 10.0
7 10.0
8 10.0
9 10.0
10 10.0
11 10.0
12 10.0
13 10.0
14 10.0
15 10.0
;
param BDW_in := 
0 10.0
1 10.0
2 10.0
3 10.0
4 10.0
5 10.0
6 10.0
7 10.0
8 10.0
9 10.0
10 10.0
11 10.0
12 10.0
13 10.0
14 10.0
15 10.0
;
param mem := 
1 8.0
2 64.0
3 1.0
16 8.0
17 64.0
18 1.0
19 64.0
20 64.0
4 4.0
5 16.0
6 2.0
12 2.0
13 16.0
14 4.0
15 16.0
7 4.0
8 4.0
9 4.0
10 64.0
11 8.0
;
param disk := 
1 24.0
2 64.0
3 4.0
16 24.0
17 64.0
18 4.0
19 64.0
20 64.0
4 16.0
5 36.0
6 8.0
12 8.0
13 36.0
14 16.0
15 36.0
7 16.0
8 16.0
9 16.0
10 64.0
11 24.0
;
param cpu : 
0 1 2 3 4 5 6 7 8 9 10 11 12 13 14 15 := 
1 2.380952380952381 2.380952380952381 2.0 2.0 2.0 2.0 2.0 2.0 2.272727272727273 2.272727272727273 2.380952380952381 2.380952380952381 2.0 2.0 2.380952380952381 2.380952380952381 
2 19.047619047619047 19.047619047619047 16.0 16.0 16.0 16.0 16.0 16.0 18.181818181818183 18.181818181818183 19.047619047619047 19.047619047619047 16.0 16.0 19.047619047619047 19.047619047619047 
3 1.1904761904761905 1.1904761904761905 1.0 1.0 1.0 1.0 1.0 1.0 1.1363636363636365 1.1363636363636365 1.1904761904761905 1.1904761904761905 1.0 1.0 1.1904761904761905 1.1904761904761905 
16 2.380952380952381 2.380952380952381 2.0 2.0 2.0 2.0 2.0 2.0 2.272727272727273 2.272727272727273 2.380952380952381 2.380952380952381 2.0 2.0 2.380952380952381 2.380952380952381 
17 19.047619047619047 19.047619047619047 16.0 16.0 16.0 16.0 16.0 16.0 18.181818181818183 18.181818181818183 19.047619047619047 19.047619047619047 16.0 16.0 19.047619047619047 19.047619047619047 
18 1.1904761904761905 1.1904761904761905 1.0 1.0 1.0 1.0 1.0 1.0 1.1363636363636365 1.1363636363636365 1.1904761904761905 1.1904761904761905 1.0 1.0 1.1904761904761905 1.1904761904761905 
19 19.047619047619047 19.047619047619047 16.0 16.0 16.0 16.0 16.0 16.0 18.181818181818183 18.181818181818183 19.047619047619047 19.047619047619047 16.0 16.0 19.047619047619047 19.047619047619047 
20 19.047619047619047 19.047619047619047 16.0 16.0 16.0 16.0 16.0 16.0 18.181818181818183 18.181818181818183 19.047619047619047 19.047619047619047 16.0 16.0 19.047619047619047 19.047619047619047 
4 2.380952380952381 2.380952380952381 2.0 2.0 2.0 2.0 2.0 2.0 2.272727272727273 2.272727272727273 2.380952380952381 2.380952380952381 2.0 2.0 2.380952380952381 2.380952380952381 
5 4.761904761904762 4.761904761904762 4.0 4.0 4.0 4.0 4.0 4.0 4.545454545454546 4.545454545454546 4.761904761904762 4.761904761904762 4.0 4.0 4.761904761904762 4.761904761904762 
6 1.1904761904761905 1.1904761904761905 1.0 1.0 1.0 1.0 1.0 1.0 1.1363636363636365 1.1363636363636365 1.1904761904761905 1.1904761904761905 1.0 1.0 1.1904761904761905 1.1904761904761905 
12 1.1904761904761905 1.1904761904761905 1.0 1.0 1.0 1.0 1.0 1.0 1.1363636363636365 1.1363636363636365 1.1904761904761905 1.1904761904761905 1.0 1.0 1.1904761904761905 1.1904761904761905 
13 4.761904761904762 4.761904761904762 4.0 4.0 4.0 4.0 4.0 4.0 4.545454545454546 4.545454545454546 4.761904761904762 4.761904761904762 4.0 4.0 4.761904761904762 4.761904761904762 
14 2.380952380952381 2.380952380952381 2.0 2.0 2.0 2.0 2.0 2.0 2.272727272727273 2.272727272727273 2.380952380952381 2.380952380952381 2.0 2.0 2.380952380952381 2.380952380952381 
15 4.761904761904762 4.761904761904762 4.0 4.0 4.0 4.0 4.0 4.0 4.545454545454546 4.545454545454546 4.761904761904762 4.761904761904762 4.0 4.0 4.761904761904762 4.761904761904762 
7 2.380952380952381 2.380952380952381 2.0 2.0 2.0 2.0 2.0 2.0 2.272727272727273 2.272727272727273 2.380952380952381 2.380952380952381 2.0 2.0 2.380952380952381 2.380952380952381 
8 2.380952380952381 2.380952380952381 2.0 2.0 2.0 2.0 2.0 2.0 2.272727272727273 2.272727272727273 2.380952380952381 2.380952380952381 2.0 2.0 2.380952380952381 2.380952380952381 
9 2.380952380952381 2.380952380952381 2.0 2.0 2.0 2.0 2.0 2.0 2.272727272727273 2.272727272727273 2.380952380952381 2.380952380952381 2.0 2.0 2.380952380952381 2.380952380952381 
10 19.047619047619047 19.047619047619047 16.0 16.0 16.0 16.0 16.0 16.0 18.181818181818183 18.181818181818183 19.047619047619047 19.047619047619047 16.0 16.0 19.047619047619047 19.047619047619047 
11 2.380952380952381 2.380952380952381 2.0 2.0 2.0 2.0 2.0 2.0 2.272727272727273 2.272727272727273 2.380952380952381 2.380952380952381 2.0 2.0 2.380952380952381 2.380952380952381 
;
set c_0 := 0;
param d := 
[0,*,*] : 
0 1 2 3 16 17 18 19 20 := 
0 0 0.002572 0 0 0.002572 0 0 0 0 
1 0.11022857142857144 0 6.43E-4 0 0 6.43E-4 0 6.43E-4 6.43E-4 
2 0 0.0021219000000000003 0 6.43E-4 0.0021219000000000003 0 6.43E-4 0 0 
3 0 0 0.013367970000000002 0 0 0.013367970000000002 0 0.013367970000000002 0.013367970000000002 
16 0.11022857142857144 0 6.43E-4 0 0 6.43E-4 0 6.43E-4 6.43E-4 
17 0 0.0021219000000000003 0 6.43E-4 0.0021219000000000003 0 6.43E-4 0 0 
18 0 0 0.013367970000000002 0 0 0.013367970000000002 0 0.013367970000000002 0.013367970000000002 
19 0 0.0021219000000000003 0 6.43E-4 0.0021219000000000003 0 6.43E-4 0 0 
20 0 0.0021219000000000003 0 6.43E-4 0.0021219000000000003 0 6.43E-4 0 0 
[1,*,*] : 
0 4 5 6 12 13 14 15 := 
0 0 0.004664 0 0 0 0 0.004664 0 
4 0.19988571428571428 0 0.0015546666666666667 0 0 0.0015546666666666667 0 0.0015546666666666667 
5 0 0.005130399999999999 0 0.0015546666666666667 0.0015546666666666667 0 0.005130399999999999 0 
6 0 0 0.00102608 0 0 0.00102608 0 0.00102608 
12 0 0 0.00102608 0 0 0.00102608 0 0.00102608 
13 0 0.005130399999999999 0 0.0015546666666666667 0.0015546666666666667 0 0.005130399999999999 0 
14 0.19988571428571428 0 0.0015546666666666667 0 0 0.0015546666666666667 0 0.0015546666666666667 
15 0 0.005130399999999999 0 0.0015546666666666667 0.0015546666666666667 0 0.005130399999999999 0 
[2,*,*] : 
0 7 8 9 10 11 := 
0 0 0.003936 0.003936 0.003936 0 0 
7 1.1020800000000002 0 0 0 0.003936 0 
8 1.1020800000000002 0 0 0 0.003936 0 
9 1.1020800000000002 0 0 0 0.003936 0 
10 0 0.005510400000000001 0.005510400000000001 0.005510400000000001 0 0.011808 
11 0 0 0 0 0.10414656000000001 0 
;
param x_bar : 0 1 2 3 4 5 6 7 8 9 10 11 12 13 14 15  := 
0 0 0 0 0 0 0 0 0 0 0 0 0 0 0 0 0 
;
