data;
set C_bar :=  ;
set C :=  1 2 3 4 5 6 11 12 13 14 15 16 20 7 8 9 10 17 18 19 ;
set R := 0 1 2 ;
set C_r[0] :=  
1 2 3 ;
set C_r[1] :=  
4 5 6 11 12 13 14 15 16 20 ;
set C_r[2] :=  
7 8 9 10 17 18 19 ;
set S :=  0 1 2 3 4 5 6 7 8 9 10 11 12 13 14 15 ;
set S_u :=  0 1 2 3 4 5 6 7 8 9 10 11 12 13 14 15 ;
set Rack :=  0 1 2 3 4 5 6 7 ;
param COST : 0 1 2 3 4 5 6 7 8 9 10 11 12 13 14 15 :=
0 0 1 3 3 5 5 5 5 5 5 5 5 5 5 5 5 
1 1 0 3 3 5 5 5 5 5 5 5 5 5 5 5 5 
2 3 3 0 1 5 5 5 5 5 5 5 5 5 5 5 5 
3 3 3 1 0 5 5 5 5 5 5 5 5 5 5 5 5 
4 5 5 5 5 0 1 3 3 5 5 5 5 5 5 5 5 
5 5 5 5 5 1 0 3 3 5 5 5 5 5 5 5 5 
6 5 5 5 5 3 3 0 1 5 5 5 5 5 5 5 5 
7 5 5 5 5 3 3 1 0 5 5 5 5 5 5 5 5 
8 5 5 5 5 5 5 5 5 0 1 3 3 5 5 5 5 
9 5 5 5 5 5 5 5 5 1 0 3 3 5 5 5 5 
10 5 5 5 5 5 5 5 5 3 3 0 1 5 5 5 5 
11 5 5 5 5 5 5 5 5 3 3 1 0 5 5 5 5 
12 5 5 5 5 5 5 5 5 5 5 5 5 0 1 3 3 
13 5 5 5 5 5 5 5 5 5 5 5 5 1 0 3 3 
14 5 5 5 5 5 5 5 5 5 5 5 5 3 3 0 1 
15 5 5 5 5 5 5 5 5 5 5 5 5 3 3 1 0 
;
set S_rack[0] :=  
0 1 ;
set S_rack[1] :=  
2 3 ;
set S_rack[2] :=  
4 5 ;
set S_rack[3] :=  
6 7 ;
set S_rack[4] :=  
8 9 ;
set S_rack[5] :=  
10 11 ;
set S_rack[6] :=  
12 13 ;
set S_rack[7] :=  
14 15 ;
param CPU := 
0 56.0
1 56.0
2 28.0
3 28.0
4 28.0
5 28.0
6 28.0
7 28.0
8 28.0
9 28.0
10 56.0
11 56.0
12 56.0
13 56.0
14 28.0
15 28.0
;
param MEM := 
0 192.0
1 192.0
2 192.0
3 192.0
4 192.0
5 192.0
6 48.0
7 48.0
8 192.0
9 192.0
10 192.0
11 192.0
12 192.0
13 192.0
14 192.0
15 192.0
;
param DISK := 
0 384.0
1 384.0
2 384.0
3 384.0
4 384.0
5 384.0
6 96.0
7 96.0
8 384.0
9 384.0
10 384.0
11 384.0
12 384.0
13 384.0
14 384.0
15 384.0
;
param BDW_out := 
0 10.0
1 10.0
2 10.0
3 10.0
4 10.0
5 10.0
6 10.0
7 10.0
8 10.0
9 10.0
10 10.0
11 10.0
12 10.0
13 10.0
14 10.0
15 10.0
;
param BDW_in := 
0 10.0
1 10.0
2 10.0
3 10.0
4 10.0
5 10.0
6 10.0
7 10.0
8 10.0
9 10.0
10 10.0
11 10.0
12 10.0
13 10.0
14 10.0
15 10.0
;
param mem := 
1 2.0
2 32.0
3 32.0
4 4.0
5 8.0
6 1.0
11 1.0
12 4.0
13 4.0
14 1.0
15 1.0
16 4.0
20 1.0
7 4.0
8 4.0
9 2.0
10 8.0
17 2.0
18 4.0
19 4.0
;
param disk := 
1 8.0
2 50.0
3 43.2
4 16.0
5 24.0
6 4.0
11 4.0
12 16.0
13 16.0
14 4.0
15 4.0
16 16.0
20 4.0
7 16.0
8 16.0
9 8.0
10 24.0
17 8.0
18 16.0
19 16.0
;
param cpu : 
0 1 2 3 4 5 6 7 8 9 10 11 12 13 14 15 := 
1 1.0 1.0 1.0 1.0 1.0 1.0 1.0 1.0 1.0 1.0 1.0 1.0 1.0 1.0 1.0 1.0 
2 8.0 8.0 8.0 8.0 8.0 8.0 8.0 8.0 8.0 8.0 8.0 8.0 8.0 8.0 8.0 8.0 
3 8.0 8.0 8.0 8.0 8.0 8.0 8.0 8.0 8.0 8.0 8.0 8.0 8.0 8.0 8.0 8.0 
4 2.0 2.0 2.0 2.0 2.0 2.0 2.0 2.0 2.0 2.0 2.0 2.0 2.0 2.0 2.0 2.0 
5 2.0 2.0 2.0 2.0 2.0 2.0 2.0 2.0 2.0 2.0 2.0 2.0 2.0 2.0 2.0 2.0 
6 1.0 1.0 1.0 1.0 1.0 1.0 1.0 1.0 1.0 1.0 1.0 1.0 1.0 1.0 1.0 1.0 
11 1.0 1.0 1.0 1.0 1.0 1.0 1.0 1.0 1.0 1.0 1.0 1.0 1.0 1.0 1.0 1.0 
12 2.0 2.0 2.0 2.0 2.0 2.0 2.0 2.0 2.0 2.0 2.0 2.0 2.0 2.0 2.0 2.0 
13 2.0 2.0 2.0 2.0 2.0 2.0 2.0 2.0 2.0 2.0 2.0 2.0 2.0 2.0 2.0 2.0 
14 1.0 1.0 1.0 1.0 1.0 1.0 1.0 1.0 1.0 1.0 1.0 1.0 1.0 1.0 1.0 1.0 
15 1.0 1.0 1.0 1.0 1.0 1.0 1.0 1.0 1.0 1.0 1.0 1.0 1.0 1.0 1.0 1.0 
16 2.0 2.0 2.0 2.0 2.0 2.0 2.0 2.0 2.0 2.0 2.0 2.0 2.0 2.0 2.0 2.0 
20 1.0 1.0 1.0 1.0 1.0 1.0 1.0 1.0 1.0 1.0 1.0 1.0 1.0 1.0 1.0 1.0 
7 2.0 2.0 2.0 2.0 2.0 2.0 2.0 2.0 2.0 2.0 2.0 2.0 2.0 2.0 2.0 2.0 
8 2.0 2.0 2.0 2.0 2.0 2.0 2.0 2.0 2.0 2.0 2.0 2.0 2.0 2.0 2.0 2.0 
9 1.0 1.0 1.0 1.0 1.0 1.0 1.0 1.0 1.0 1.0 1.0 1.0 1.0 1.0 1.0 1.0 
10 2.0 2.0 2.0 2.0 2.0 2.0 2.0 2.0 2.0 2.0 2.0 2.0 2.0 2.0 2.0 2.0 
17 1.0 1.0 1.0 1.0 1.0 1.0 1.0 1.0 1.0 1.0 1.0 1.0 1.0 1.0 1.0 1.0 
18 2.0 2.0 2.0 2.0 2.0 2.0 2.0 2.0 2.0 2.0 2.0 2.0 2.0 2.0 2.0 2.0 
19 2.0 2.0 2.0 2.0 2.0 2.0 2.0 2.0 2.0 2.0 2.0 2.0 2.0 2.0 2.0 2.0 
;
set c_0 := 0;
param d := 
[0,*,*] : 
0 1 2 3 := 
0 0 0.021792 0 0 
1 0.9339428571428572 0 0.021792 0 
2 0 0.07191360000000001 0 0.021792 
3 0 0 0.40271616000000005 0 
[1,*,*] : 
0 4 5 6 11 12 13 14 15 16 20 := 
0 0 0.003672 0 0 0 0.003672 0.003672 0 0 0.003672 0 
4 0.15737142857142858 0 0.003672 0 0 0 0 0 0 0 0 
5 0 0.0121176 0 0.0029376 0.0029376 0.0121176 0.0121176 0.0029376 0.0029376 0.0121176 0.0029376 
6 0 0 0.038776319999999996 0 0 0 0 0 0 0 0 
11 0 0 0.038776319999999996 0 0 0 0 0 0 0 0 
12 0.15737142857142858 0 0.003672 0 0 0 0 0 0 0 0 
13 0.15737142857142858 0 0.003672 0 0 0 0 0 0 0 0 
14 0 0 0.038776319999999996 0 0 0 0 0 0 0 0 
15 0 0 0.038776319999999996 0 0 0 0 0 0 0 0 
16 0.15737142857142858 0 0.003672 0 0 0 0 0 0 0 0 
20 0 0 0.038776319999999996 0 0 0 0 0 0 0 0 
[2,*,*] : 
0 7 8 9 10 17 18 19 := 
0 0 0.001772 0.001772 0 0 0 0.001772 0.001772 
7 0.49616 0 0 8.86E-4 0 8.86E-4 0 0 
8 0.49616 0 0 8.86E-4 0 8.86E-4 0 0 
9 0 0.0012404 0.0012404 0 0.003544 0 0.0012404 0.0012404 
10 0 0 0 0.013396320000000001 0 0.013396320000000001 0 0 
17 0 0.0012404 0.0012404 0 0.003544 0 0.0012404 0.0012404 
18 0.49616 0 0 8.86E-4 0 8.86E-4 0 0 
19 0.49616 0 0 8.86E-4 0 8.86E-4 0 0 
;
param x_bar : 0 1 2 3 4 5 6 7 8 9 10 11 12 13 14 15  := 
0 0 0 0 0 0 0 0 0 0 0 0 0 0 0 0 0 
;
