data;
set C_bar :=  ;
set C :=  1 2 3 12 13 14 15 16 17 18 4 5 6 19 20 7 8 9 10 11 ;
set R := 0 1 2 ;
set C_r[0] :=  
1 2 3 12 13 14 15 16 17 18 ;
set C_r[1] :=  
4 5 6 19 20 ;
set C_r[2] :=  
7 8 9 10 11 ;
set S :=  0 1 2 3 4 5 6 7 8 9 10 11 12 13 14 15 ;
set S_u :=  0 1 2 3 4 5 6 7 8 9 10 11 12 13 14 15 ;
set Rack :=  0 1 2 3 4 5 6 7 ;
param COST : 0 1 2 3 4 5 6 7 8 9 10 11 12 13 14 15 :=
0 0 1 3 3 5 5 5 5 5 5 5 5 5 5 5 5 
1 1 0 3 3 5 5 5 5 5 5 5 5 5 5 5 5 
2 3 3 0 1 5 5 5 5 5 5 5 5 5 5 5 5 
3 3 3 1 0 5 5 5 5 5 5 5 5 5 5 5 5 
4 5 5 5 5 0 1 3 3 5 5 5 5 5 5 5 5 
5 5 5 5 5 1 0 3 3 5 5 5 5 5 5 5 5 
6 5 5 5 5 3 3 0 1 5 5 5 5 5 5 5 5 
7 5 5 5 5 3 3 1 0 5 5 5 5 5 5 5 5 
8 5 5 5 5 5 5 5 5 0 1 3 3 5 5 5 5 
9 5 5 5 5 5 5 5 5 1 0 3 3 5 5 5 5 
10 5 5 5 5 5 5 5 5 3 3 0 1 5 5 5 5 
11 5 5 5 5 5 5 5 5 3 3 1 0 5 5 5 5 
12 5 5 5 5 5 5 5 5 5 5 5 5 0 1 3 3 
13 5 5 5 5 5 5 5 5 5 5 5 5 1 0 3 3 
14 5 5 5 5 5 5 5 5 5 5 5 5 3 3 0 1 
15 5 5 5 5 5 5 5 5 5 5 5 5 3 3 1 0 
;
set S_rack[0] :=  
0 1 ;
set S_rack[1] :=  
2 3 ;
set S_rack[2] :=  
4 5 ;
set S_rack[3] :=  
6 7 ;
set S_rack[4] :=  
8 9 ;
set S_rack[5] :=  
10 11 ;
set S_rack[6] :=  
12 13 ;
set S_rack[7] :=  
14 15 ;
param CPU := 
0 28.0
1 28.0
2 28.0
3 28.0
4 28.0
5 28.0
6 28.0
7 28.0
8 56.0
9 56.0
10 44.0
11 44.0
12 28.0
13 28.0
14 56.0
15 56.0
;
param MEM := 
0 192.0
1 192.0
2 48.0
3 48.0
4 48.0
5 48.0
6 48.0
7 48.0
8 192.0
9 192.0
10 128.0
11 128.0
12 192.0
13 192.0
14 192.0
15 192.0
;
param DISK := 
0 384.0
1 384.0
2 96.0
3 96.0
4 96.0
5 96.0
6 96.0
7 96.0
8 384.0
9 384.0
10 256.0
11 256.0
12 384.0
13 384.0
14 384.0
15 384.0
;
param BDW_out := 
0 10.0
1 10.0
2 10.0
3 10.0
4 10.0
5 10.0
6 10.0
7 10.0
8 10.0
9 10.0
10 10.0
11 10.0
12 10.0
13 10.0
14 10.0
15 10.0
;
param BDW_in := 
0 10.0
1 10.0
2 10.0
3 10.0
4 10.0
5 10.0
6 10.0
7 10.0
8 10.0
9 10.0
10 10.0
11 10.0
12 10.0
13 10.0
14 10.0
15 10.0
;
param mem := 
1 4.0
2 4.0
3 2.0
12 4.0
13 4.0
14 4.0
15 2.0
16 2.0
17 4.0
18 2.0
4 8.0
5 32.0
6 32.0
19 32.0
20 32.0
7 16.0
8 16.0
9 16.0
10 4.0
11 16.0
;
param disk := 
1 16.0
2 16.0
3 8.0
12 16.0
13 16.0
14 16.0
15 8.0
16 8.0
17 16.0
18 8.0
4 24.0
5 43.2
6 50.0
19 43.2
20 50.0
7 36.0
8 36.0
9 36.0
10 16.0
11 36.0
;
param cpu : 
0 1 2 3 4 5 6 7 8 9 10 11 12 13 14 15 := 
1 2.0 2.0 2.0 2.0 2.0 2.0 2.0 2.0 2.0 2.0 2.272727272727273 2.272727272727273 2.0 2.0 2.0 2.0 
2 2.0 2.0 2.0 2.0 2.0 2.0 2.0 2.0 2.0 2.0 2.272727272727273 2.272727272727273 2.0 2.0 2.0 2.0 
3 1.0 1.0 1.0 1.0 1.0 1.0 1.0 1.0 1.0 1.0 1.1363636363636365 1.1363636363636365 1.0 1.0 1.0 1.0 
12 2.0 2.0 2.0 2.0 2.0 2.0 2.0 2.0 2.0 2.0 2.272727272727273 2.272727272727273 2.0 2.0 2.0 2.0 
13 2.0 2.0 2.0 2.0 2.0 2.0 2.0 2.0 2.0 2.0 2.272727272727273 2.272727272727273 2.0 2.0 2.0 2.0 
14 2.0 2.0 2.0 2.0 2.0 2.0 2.0 2.0 2.0 2.0 2.272727272727273 2.272727272727273 2.0 2.0 2.0 2.0 
15 1.0 1.0 1.0 1.0 1.0 1.0 1.0 1.0 1.0 1.0 1.1363636363636365 1.1363636363636365 1.0 1.0 1.0 1.0 
16 1.0 1.0 1.0 1.0 1.0 1.0 1.0 1.0 1.0 1.0 1.1363636363636365 1.1363636363636365 1.0 1.0 1.0 1.0 
17 2.0 2.0 2.0 2.0 2.0 2.0 2.0 2.0 2.0 2.0 2.272727272727273 2.272727272727273 2.0 2.0 2.0 2.0 
18 1.0 1.0 1.0 1.0 1.0 1.0 1.0 1.0 1.0 1.0 1.1363636363636365 1.1363636363636365 1.0 1.0 1.0 1.0 
4 2.0 2.0 2.0 2.0 2.0 2.0 2.0 2.0 2.0 2.0 2.272727272727273 2.272727272727273 2.0 2.0 2.0 2.0 
5 8.0 8.0 8.0 8.0 8.0 8.0 8.0 8.0 8.0 8.0 9.090909090909092 9.090909090909092 8.0 8.0 8.0 8.0 
6 8.0 8.0 8.0 8.0 8.0 8.0 8.0 8.0 8.0 8.0 9.090909090909092 9.090909090909092 8.0 8.0 8.0 8.0 
19 8.0 8.0 8.0 8.0 8.0 8.0 8.0 8.0 8.0 8.0 9.090909090909092 9.090909090909092 8.0 8.0 8.0 8.0 
20 8.0 8.0 8.0 8.0 8.0 8.0 8.0 8.0 8.0 8.0 9.090909090909092 9.090909090909092 8.0 8.0 8.0 8.0 
7 4.0 4.0 4.0 4.0 4.0 4.0 4.0 4.0 4.0 4.0 4.545454545454546 4.545454545454546 4.0 4.0 4.0 4.0 
8 4.0 4.0 4.0 4.0 4.0 4.0 4.0 4.0 4.0 4.0 4.545454545454546 4.545454545454546 4.0 4.0 4.0 4.0 
9 4.0 4.0 4.0 4.0 4.0 4.0 4.0 4.0 4.0 4.0 4.545454545454546 4.545454545454546 4.0 4.0 4.0 4.0 
10 2.0 2.0 2.0 2.0 2.0 2.0 2.0 2.0 2.0 2.0 2.272727272727273 2.272727272727273 2.0 2.0 2.0 2.0 
11 4.0 4.0 4.0 4.0 4.0 4.0 4.0 4.0 4.0 4.0 4.545454545454546 4.545454545454546 4.0 4.0 4.0 4.0 
;
set c_0 := 0;
param d := 
[0,*,*] : 
0 1 2 3 12 13 14 15 16 17 18 := 
0 0 0.00615 0 0 0.00615 0.00615 0.00615 0 0 0 0 
1 0.26357142857142857 0 0.003075 0 0 0 0 0 0 0.003075 0 
2 0 0.0101475 0 0.003075 0.0101475 0.0101475 0.0101475 0.003075 0.003075 0 0.003075 
3 0 0 0.08625375 0 0 0 0 0 0 0.08625375 0 
12 0.26357142857142857 0 0.003075 0 0 0 0 0 0 0.003075 0 
13 0.26357142857142857 0 0.003075 0 0 0 0 0 0 0.003075 0 
14 0.26357142857142857 0 0.003075 0 0 0 0 0 0 0.003075 0 
15 0 0 0.08625375 0 0 0 0 0 0 0.08625375 0 
16 0 0 0.08625375 0 0 0 0 0 0 0.08625375 0 
17 0 0.0101475 0 0.003075 0.0101475 0.0101475 0.0101475 0.003075 0.003075 0 0.003075 
18 0 0 0.08625375 0 0 0 0 0 0 0.08625375 0 
[1,*,*] : 
0 4 5 6 19 20 := 
0 0 0.005664 0 0 0 0 
4 1.58592 0 0.002832 0 0.002832 0 
5 0 0.0039648 0 0.001416 0 0.001416 
6 0 0 0.01605744 0 0.01605744 0 
19 0 0.0039648 0 0.001416 0 0.001416 
20 0 0 0.01605744 0 0.01605744 0 
[2,*,*] : 
0 7 8 9 10 11 := 
0 0 0.006554666666666667 0.006554666666666667 0.006554666666666667 0 0 
7 1.8353066666666669 0 0 0 0.006554666666666667 0 
8 1.8353066666666669 0 0 0 0.006554666666666667 0 
9 1.8353066666666669 0 0 0 0.006554666666666667 0 
10 0 0.009176533333333335 0.009176533333333335 0.009176533333333335 0 0.019664 
11 0 0 0 0 0.14040096000000002 0 
;
param x_bar : 0 1 2 3 4 5 6 7 8 9 10 11 12 13 14 15  := 
0 0 0 0 0 0 0 0 0 0 0 0 0 0 0 0 0 
;
