data;
set C_bar :=  ;
set C :=  1 2 3 11 12 19 20 4 5 6 7 8 9 10 13 14 15 16 17 18 ;
set R := 0 1 2 ;
set C_r[0] :=  
1 2 3 11 12 19 20 ;
set C_r[1] :=  
4 5 6 ;
set C_r[2] :=  
7 8 9 10 13 14 15 16 17 18 ;
set S :=  0 1 2 3 4 5 6 7 8 9 10 11 12 13 14 15 ;
set S_u :=  0 1 2 3 4 5 6 7 8 9 10 11 12 13 14 15 ;
set Rack :=  0 1 2 3 4 5 6 7 ;
param COST : 0 1 2 3 4 5 6 7 8 9 10 11 12 13 14 15 :=
0 0 1 3 3 5 5 5 5 5 5 5 5 5 5 5 5 
1 1 0 3 3 5 5 5 5 5 5 5 5 5 5 5 5 
2 3 3 0 1 5 5 5 5 5 5 5 5 5 5 5 5 
3 3 3 1 0 5 5 5 5 5 5 5 5 5 5 5 5 
4 5 5 5 5 0 1 3 3 5 5 5 5 5 5 5 5 
5 5 5 5 5 1 0 3 3 5 5 5 5 5 5 5 5 
6 5 5 5 5 3 3 0 1 5 5 5 5 5 5 5 5 
7 5 5 5 5 3 3 1 0 5 5 5 5 5 5 5 5 
8 5 5 5 5 5 5 5 5 0 1 3 3 5 5 5 5 
9 5 5 5 5 5 5 5 5 1 0 3 3 5 5 5 5 
10 5 5 5 5 5 5 5 5 3 3 0 1 5 5 5 5 
11 5 5 5 5 5 5 5 5 3 3 1 0 5 5 5 5 
12 5 5 5 5 5 5 5 5 5 5 5 5 0 1 3 3 
13 5 5 5 5 5 5 5 5 5 5 5 5 1 0 3 3 
14 5 5 5 5 5 5 5 5 5 5 5 5 3 3 0 1 
15 5 5 5 5 5 5 5 5 5 5 5 5 3 3 1 0 
;
set S_rack[0] :=  
0 1 ;
set S_rack[1] :=  
2 3 ;
set S_rack[2] :=  
4 5 ;
set S_rack[3] :=  
6 7 ;
set S_rack[4] :=  
8 9 ;
set S_rack[5] :=  
10 11 ;
set S_rack[6] :=  
12 13 ;
set S_rack[7] :=  
14 15 ;
param CPU := 
0 56.0
1 56.0
2 56.0
3 56.0
4 56.0
5 56.0
6 56.0
7 56.0
8 56.0
9 56.0
10 44.0
11 44.0
12 28.0
13 28.0
14 56.0
15 56.0
;
param MEM := 
0 192.0
1 192.0
2 192.0
3 192.0
4 192.0
5 192.0
6 192.0
7 192.0
8 192.0
9 192.0
10 128.0
11 128.0
12 96.0
13 96.0
14 192.0
15 192.0
;
param DISK := 
0 384.0
1 384.0
2 384.0
3 384.0
4 384.0
5 384.0
6 384.0
7 384.0
8 384.0
9 384.0
10 256.0
11 256.0
12 192.0
13 192.0
14 384.0
15 384.0
;
param BDW_out := 
0 10.0
1 10.0
2 10.0
3 10.0
4 10.0
5 10.0
6 10.0
7 10.0
8 10.0
9 10.0
10 10.0
11 10.0
12 10.0
13 10.0
14 10.0
15 10.0
;
param BDW_in := 
0 10.0
1 10.0
2 10.0
3 10.0
4 10.0
5 10.0
6 10.0
7 10.0
8 10.0
9 10.0
10 10.0
11 10.0
12 10.0
13 10.0
14 10.0
15 10.0
;
param mem := 
1 32.0
2 32.0
3 64.0
11 32.0
12 32.0
19 32.0
20 64.0
4 8.0
5 64.0
6 32.0
7 2.0
8 2.0
9 32.0
10 16.0
13 16.0
14 16.0
15 32.0
16 32.0
17 16.0
18 16.0
;
param disk := 
1 50.0
2 43.2
3 64.0
11 43.2
12 43.2
19 43.2
20 64.0
4 24.0
5 64.0
6 43.2
7 8.0
8 8.0
9 43.2
10 36.0
13 36.0
14 36.0
15 43.2
16 43.2
17 36.0
18 36.0
;
param cpu : 
0 1 2 3 4 5 6 7 8 9 10 11 12 13 14 15 := 
1 8.0 8.0 8.0 8.0 8.0 8.0 8.0 8.0 8.0 8.0 9.090909090909092 9.090909090909092 9.523809523809524 9.523809523809524 8.0 8.0 
2 8.0 8.0 8.0 8.0 8.0 8.0 8.0 8.0 8.0 8.0 9.090909090909092 9.090909090909092 9.523809523809524 9.523809523809524 8.0 8.0 
3 16.0 16.0 16.0 16.0 16.0 16.0 16.0 16.0 16.0 16.0 18.181818181818183 18.181818181818183 19.047619047619047 19.047619047619047 16.0 16.0 
11 8.0 8.0 8.0 8.0 8.0 8.0 8.0 8.0 8.0 8.0 9.090909090909092 9.090909090909092 9.523809523809524 9.523809523809524 8.0 8.0 
12 8.0 8.0 8.0 8.0 8.0 8.0 8.0 8.0 8.0 8.0 9.090909090909092 9.090909090909092 9.523809523809524 9.523809523809524 8.0 8.0 
19 8.0 8.0 8.0 8.0 8.0 8.0 8.0 8.0 8.0 8.0 9.090909090909092 9.090909090909092 9.523809523809524 9.523809523809524 8.0 8.0 
20 16.0 16.0 16.0 16.0 16.0 16.0 16.0 16.0 16.0 16.0 18.181818181818183 18.181818181818183 19.047619047619047 19.047619047619047 16.0 16.0 
4 2.0 2.0 2.0 2.0 2.0 2.0 2.0 2.0 2.0 2.0 2.272727272727273 2.272727272727273 2.380952380952381 2.380952380952381 2.0 2.0 
5 16.0 16.0 16.0 16.0 16.0 16.0 16.0 16.0 16.0 16.0 18.181818181818183 18.181818181818183 19.047619047619047 19.047619047619047 16.0 16.0 
6 8.0 8.0 8.0 8.0 8.0 8.0 8.0 8.0 8.0 8.0 9.090909090909092 9.090909090909092 9.523809523809524 9.523809523809524 8.0 8.0 
7 1.0 1.0 1.0 1.0 1.0 1.0 1.0 1.0 1.0 1.0 1.1363636363636365 1.1363636363636365 1.1904761904761905 1.1904761904761905 1.0 1.0 
8 1.0 1.0 1.0 1.0 1.0 1.0 1.0 1.0 1.0 1.0 1.1363636363636365 1.1363636363636365 1.1904761904761905 1.1904761904761905 1.0 1.0 
9 8.0 8.0 8.0 8.0 8.0 8.0 8.0 8.0 8.0 8.0 9.090909090909092 9.090909090909092 9.523809523809524 9.523809523809524 8.0 8.0 
10 4.0 4.0 4.0 4.0 4.0 4.0 4.0 4.0 4.0 4.0 4.545454545454546 4.545454545454546 4.761904761904762 4.761904761904762 4.0 4.0 
13 4.0 4.0 4.0 4.0 4.0 4.0 4.0 4.0 4.0 4.0 4.545454545454546 4.545454545454546 4.761904761904762 4.761904761904762 4.0 4.0 
14 4.0 4.0 4.0 4.0 4.0 4.0 4.0 4.0 4.0 4.0 4.545454545454546 4.545454545454546 4.761904761904762 4.761904761904762 4.0 4.0 
15 8.0 8.0 8.0 8.0 8.0 8.0 8.0 8.0 8.0 8.0 9.090909090909092 9.090909090909092 9.523809523809524 9.523809523809524 8.0 8.0 
16 8.0 8.0 8.0 8.0 8.0 8.0 8.0 8.0 8.0 8.0 9.090909090909092 9.090909090909092 9.523809523809524 9.523809523809524 8.0 8.0 
17 4.0 4.0 4.0 4.0 4.0 4.0 4.0 4.0 4.0 4.0 4.545454545454546 4.545454545454546 4.761904761904762 4.761904761904762 4.0 4.0 
18 4.0 4.0 4.0 4.0 4.0 4.0 4.0 4.0 4.0 4.0 4.545454545454546 4.545454545454546 4.761904761904762 4.761904761904762 4.0 4.0 
;
set c_0 := 0;
param d := 
[0,*,*] : 
0 1 2 3 11 12 19 20 := 
0 0 0.016392 0 0 0 0 0 0 
1 0.7025142857142858 0 0.004098 0 0.004098 0.004098 0.004098 0 
2 0 0.0135234 0 0.002049 0 0 0 0.002049 
3 0 0 0.044627219999999995 0 0.044627219999999995 0.044627219999999995 0.044627219999999995 0 
11 0 0.0135234 0 0.002049 0 0 0 0.002049 
12 0 0.0135234 0 0.002049 0 0 0 0.002049 
19 0 0.0135234 0 0.002049 0 0 0 0.002049 
20 0 0 0.044627219999999995 0 0.044627219999999995 0.044627219999999995 0.044627219999999995 0 
[1,*,*] : 
0 4 5 6 := 
0 0 0.007664 0 0 
4 0.32845714285714284 0 0.007664 0 
5 0 0.025291199999999996 0 0.007664 
6 0 0 0.08851919999999999 0 
[2,*,*] : 
0 7 8 9 10 13 14 15 16 17 18 := 
0 0 0.015 0.015 0 0 0 0 0 0 0 0 
7 0.6428571428571428 0 0 0.005 0 0 0 0.005 0.005 0 0 
8 0.6428571428571428 0 0 0.005 0 0 0 0.005 0.005 0 0 
9 0 0.016499999999999997 0.016499999999999997 0 0.002 0.002 0.002 0 0 0.002 0.002 
10 0 0 0 0.037619999999999994 0 0 0 0.037619999999999994 0.037619999999999994 0 0 
13 0 0 0 0.037619999999999994 0 0 0 0.037619999999999994 0.037619999999999994 0 0 
14 0 0 0 0.037619999999999994 0 0 0 0.037619999999999994 0.037619999999999994 0 0 
15 0 0.016499999999999997 0.016499999999999997 0 0.002 0.002 0.002 0 0 0.002 0.002 
16 0 0.016499999999999997 0.016499999999999997 0 0.002 0.002 0.002 0 0 0.002 0.002 
17 0 0 0 0.037619999999999994 0 0 0 0.037619999999999994 0.037619999999999994 0 0 
18 0 0 0 0.037619999999999994 0 0 0 0.037619999999999994 0.037619999999999994 0 0 
;
param x_bar : 0 1 2 3 4 5 6 7 8 9 10 11 12 13 14 15  := 
0 0 0 0 0 0 0 0 0 0 0 0 0 0 0 0 0 
;
