data;
set C_bar :=  ;
set C :=  1 2 3 4 5 6 7 8 9 10 11 12 13 14 15 16 17 18 19 20 21 ;
set R := 0 1 2 ;
set C_r[0] :=  
1 2 3 4 5 6 7 8 9 10 11 12 13 ;
set C_r[1] :=  
14 15 16 17 18 ;
set C_r[2] :=  
19 20 21 ;
set S :=  0 1 2 3 4 5 6 7 8 9 10 11 12 13 14 15 ;
set S_u :=  0 1 2 3 4 5 6 7 8 9 10 11 12 13 14 15 ;
set Rack :=  0 1 2 3 4 5 6 7 ;
param COST : 0 1 2 3 4 5 6 7 8 9 10 11 12 13 14 15 :=
0 0 1 3 3 5 5 5 5 5 5 5 5 5 5 5 5 
1 1 0 3 3 5 5 5 5 5 5 5 5 5 5 5 5 
2 3 3 0 1 5 5 5 5 5 5 5 5 5 5 5 5 
3 3 3 1 0 5 5 5 5 5 5 5 5 5 5 5 5 
4 5 5 5 5 0 1 3 3 5 5 5 5 5 5 5 5 
5 5 5 5 5 1 0 3 3 5 5 5 5 5 5 5 5 
6 5 5 5 5 3 3 0 1 5 5 5 5 5 5 5 5 
7 5 5 5 5 3 3 1 0 5 5 5 5 5 5 5 5 
8 5 5 5 5 5 5 5 5 0 1 3 3 5 5 5 5 
9 5 5 5 5 5 5 5 5 1 0 3 3 5 5 5 5 
10 5 5 5 5 5 5 5 5 3 3 0 1 5 5 5 5 
11 5 5 5 5 5 5 5 5 3 3 1 0 5 5 5 5 
12 5 5 5 5 5 5 5 5 5 5 5 5 0 1 3 3 
13 5 5 5 5 5 5 5 5 5 5 5 5 1 0 3 3 
14 5 5 5 5 5 5 5 5 5 5 5 5 3 3 0 1 
15 5 5 5 5 5 5 5 5 5 5 5 5 3 3 1 0 
;
set S_rack[0] :=  
0 1 ;
set S_rack[1] :=  
2 3 ;
set S_rack[2] :=  
4 5 ;
set S_rack[3] :=  
6 7 ;
set S_rack[4] :=  
8 9 ;
set S_rack[5] :=  
10 11 ;
set S_rack[6] :=  
12 13 ;
set S_rack[7] :=  
14 15 ;
param CPU := 
0 28.0
1 28.0
2 56.0
3 56.0
4 56.0
5 56.0
6 28.0
7 28.0
8 56.0
9 56.0
10 56.0
11 56.0
12 28.0
13 28.0
14 28.0
15 28.0
;
param MEM := 
0 48.0
1 48.0
2 192.0
3 192.0
4 192.0
5 192.0
6 192.0
7 192.0
8 192.0
9 192.0
10 192.0
11 192.0
12 48.0
13 48.0
14 96.0
15 96.0
;
param DISK := 
0 96.0
1 96.0
2 384.0
3 384.0
4 384.0
5 384.0
6 384.0
7 384.0
8 384.0
9 384.0
10 384.0
11 384.0
12 96.0
13 96.0
14 192.0
15 192.0
;
param BDW_out := 
0 10.0
1 10.0
2 10.0
3 10.0
4 10.0
5 10.0
6 10.0
7 10.0
8 10.0
9 10.0
10 10.0
11 10.0
12 10.0
13 10.0
14 10.0
15 10.0
;
param BDW_in := 
0 10.0
1 10.0
2 10.0
3 10.0
4 10.0
5 10.0
6 10.0
7 10.0
8 10.0
9 10.0
10 10.0
11 10.0
12 10.0
13 10.0
14 10.0
15 10.0
;
param mem := 
1 16.0
2 16.0
3 16.0
4 16.0
5 16.0
6 16.0
7 16.0
8 16.0
9 16.0
10 16.0
11 16.0
12 32.0
13 2.0
14 64.0
15 64.0
16 64.0
17 4.0
18 2.0
19 2.0
20 16.0
21 4.0
;
param disk := 
1 36.0
2 36.0
3 36.0
4 36.0
5 36.0
6 36.0
7 36.0
8 36.0
9 36.0
10 36.0
11 36.0
12 43.2
13 8.0
14 64.0
15 64.0
16 64.0
17 16.0
18 8.0
19 8.0
20 36.0
21 16.0
;
param cpu : 
0 1 2 3 4 5 6 7 8 9 10 11 12 13 14 15 := 
1 4.0 4.0 4.0 4.0 4.0 4.0 4.0 4.0 4.0 4.0 4.0 4.0 4.0 4.0 4.761904761904762 4.761904761904762 
2 4.0 4.0 4.0 4.0 4.0 4.0 4.0 4.0 4.0 4.0 4.0 4.0 4.0 4.0 4.761904761904762 4.761904761904762 
3 4.0 4.0 4.0 4.0 4.0 4.0 4.0 4.0 4.0 4.0 4.0 4.0 4.0 4.0 4.761904761904762 4.761904761904762 
4 4.0 4.0 4.0 4.0 4.0 4.0 4.0 4.0 4.0 4.0 4.0 4.0 4.0 4.0 4.761904761904762 4.761904761904762 
5 4.0 4.0 4.0 4.0 4.0 4.0 4.0 4.0 4.0 4.0 4.0 4.0 4.0 4.0 4.761904761904762 4.761904761904762 
6 4.0 4.0 4.0 4.0 4.0 4.0 4.0 4.0 4.0 4.0 4.0 4.0 4.0 4.0 4.761904761904762 4.761904761904762 
7 4.0 4.0 4.0 4.0 4.0 4.0 4.0 4.0 4.0 4.0 4.0 4.0 4.0 4.0 4.761904761904762 4.761904761904762 
8 4.0 4.0 4.0 4.0 4.0 4.0 4.0 4.0 4.0 4.0 4.0 4.0 4.0 4.0 4.761904761904762 4.761904761904762 
9 4.0 4.0 4.0 4.0 4.0 4.0 4.0 4.0 4.0 4.0 4.0 4.0 4.0 4.0 4.761904761904762 4.761904761904762 
10 4.0 4.0 4.0 4.0 4.0 4.0 4.0 4.0 4.0 4.0 4.0 4.0 4.0 4.0 4.761904761904762 4.761904761904762 
11 4.0 4.0 4.0 4.0 4.0 4.0 4.0 4.0 4.0 4.0 4.0 4.0 4.0 4.0 4.761904761904762 4.761904761904762 
12 8.0 8.0 8.0 8.0 8.0 8.0 8.0 8.0 8.0 8.0 8.0 8.0 8.0 8.0 9.523809523809524 9.523809523809524 
13 1.0 1.0 1.0 1.0 1.0 1.0 1.0 1.0 1.0 1.0 1.0 1.0 1.0 1.0 1.1904761904761905 1.1904761904761905 
14 16.0 16.0 16.0 16.0 16.0 16.0 16.0 16.0 16.0 16.0 16.0 16.0 16.0 16.0 19.047619047619047 19.047619047619047 
15 16.0 16.0 16.0 16.0 16.0 16.0 16.0 16.0 16.0 16.0 16.0 16.0 16.0 16.0 19.047619047619047 19.047619047619047 
16 16.0 16.0 16.0 16.0 16.0 16.0 16.0 16.0 16.0 16.0 16.0 16.0 16.0 16.0 19.047619047619047 19.047619047619047 
17 2.0 2.0 2.0 2.0 2.0 2.0 2.0 2.0 2.0 2.0 2.0 2.0 2.0 2.0 2.380952380952381 2.380952380952381 
18 1.0 1.0 1.0 1.0 1.0 1.0 1.0 1.0 1.0 1.0 1.0 1.0 1.0 1.0 1.1904761904761905 1.1904761904761905 
19 1.0 1.0 1.0 1.0 1.0 1.0 1.0 1.0 1.0 1.0 1.0 1.0 1.0 1.0 1.1904761904761905 1.1904761904761905 
20 4.0 4.0 4.0 4.0 4.0 4.0 4.0 4.0 4.0 4.0 4.0 4.0 4.0 4.0 4.761904761904762 4.761904761904762 
21 2.0 2.0 2.0 2.0 2.0 2.0 2.0 2.0 2.0 2.0 2.0 2.0 2.0 2.0 2.380952380952381 2.380952380952381 
;
set c_0 := 0;
param d := 
[0,*,*] : 
0 1 2 3 4 5 6 7 8 9 10 11 12 13 := 
0 0 0.0026596363636363636 0.0026596363636363636 0.0026596363636363636 0.0026596363636363636 0.0026596363636363636 0.0026596363636363636 0.0026596363636363636 0.0026596363636363636 0.0026596363636363636 0.0026596363636363636 0.0026596363636363636 0 0 
1 0.7446981818181818 0 0 0 0 0 0 0 0 0 0 0 0.0026596363636363636 0 
2 0.7446981818181818 0 0 0 0 0 0 0 0 0 0 0 0.0026596363636363636 0 
3 0.7446981818181818 0 0 0 0 0 0 0 0 0 0 0 0.0026596363636363636 0 
4 0.7446981818181818 0 0 0 0 0 0 0 0 0 0 0 0.0026596363636363636 0 
5 0.7446981818181818 0 0 0 0 0 0 0 0 0 0 0 0.0026596363636363636 0 
6 0.7446981818181818 0 0 0 0 0 0 0 0 0 0 0 0.0026596363636363636 0 
7 0.7446981818181818 0 0 0 0 0 0 0 0 0 0 0 0.0026596363636363636 0 
8 0.7446981818181818 0 0 0 0 0 0 0 0 0 0 0 0.0026596363636363636 0 
9 0.7446981818181818 0 0 0 0 0 0 0 0 0 0 0 0.0026596363636363636 0 
10 0.7446981818181818 0 0 0 0 0 0 0 0 0 0 0 0.0026596363636363636 0 
11 0.7446981818181818 0 0 0 0 0 0 0 0 0 0 0 0.0026596363636363636 0 
12 0 0.003723490909090909 0.003723490909090909 0.003723490909090909 0.003723490909090909 0.003723490909090909 0.003723490909090909 0.003723490909090909 0.003723490909090909 0.003723490909090909 0.003723490909090909 0.003723490909090909 0 0.029256 
13 0 0 0 0 0 0 0 0 0 0 0 0 0.36452976 0 
[1,*,*] : 
0 14 15 16 17 18 := 
0 0 0.005669333333333333 0.005669333333333333 0.005669333333333333 0 0 
14 1.5874133333333331 0 0 0 0.005669333333333333 0 
15 1.5874133333333331 0 0 0 0.005669333333333333 0 
16 1.5874133333333331 0 0 0 0.005669333333333333 0 
17 0 0.007937066666666666 0.007937066666666666 0.007937066666666666 0 0.017008 
18 0 0 0 0 0.19048959999999998 0 
[2,*,*] : 
0 19 20 21 := 
0 0 0.012344 0 0 
19 0.5290285714285715 0 0.012344 0 
20 0 0.040735200000000006 0 0.012344 
21 0 0 0.22404360000000004 0 
;
param x_bar : 0 1 2 3 4 5 6 7 8 9 10 11 12 13 14 15  := 
0 0 0 0 0 0 0 0 0 0 0 0 0 0 0 0 0 
;
