data;
set C_bar :=  ;
set C :=  1 2 3 16 17 18 19 4 5 6 15 20 7 8 9 10 11 12 13 14 ;
set R := 0 1 2 ;
set C_r[0] :=  
1 2 3 16 17 18 19 ;
set C_r[1] :=  
4 5 6 15 20 ;
set C_r[2] :=  
7 8 9 10 11 12 13 14 ;
set S :=  0 1 2 3 4 5 6 7 8 9 10 11 12 13 14 15 ;
set S_u :=  0 1 2 3 4 5 6 7 8 9 10 11 12 13 14 15 ;
set Rack :=  0 1 2 3 4 5 6 7 ;
param COST : 0 1 2 3 4 5 6 7 8 9 10 11 12 13 14 15 :=
0 0 1 3 3 5 5 5 5 5 5 5 5 5 5 5 5 
1 1 0 3 3 5 5 5 5 5 5 5 5 5 5 5 5 
2 3 3 0 1 5 5 5 5 5 5 5 5 5 5 5 5 
3 3 3 1 0 5 5 5 5 5 5 5 5 5 5 5 5 
4 5 5 5 5 0 1 3 3 5 5 5 5 5 5 5 5 
5 5 5 5 5 1 0 3 3 5 5 5 5 5 5 5 5 
6 5 5 5 5 3 3 0 1 5 5 5 5 5 5 5 5 
7 5 5 5 5 3 3 1 0 5 5 5 5 5 5 5 5 
8 5 5 5 5 5 5 5 5 0 1 3 3 5 5 5 5 
9 5 5 5 5 5 5 5 5 1 0 3 3 5 5 5 5 
10 5 5 5 5 5 5 5 5 3 3 0 1 5 5 5 5 
11 5 5 5 5 5 5 5 5 3 3 1 0 5 5 5 5 
12 5 5 5 5 5 5 5 5 5 5 5 5 0 1 3 3 
13 5 5 5 5 5 5 5 5 5 5 5 5 1 0 3 3 
14 5 5 5 5 5 5 5 5 5 5 5 5 3 3 0 1 
15 5 5 5 5 5 5 5 5 5 5 5 5 3 3 1 0 
;
set S_rack[0] :=  
0 1 ;
set S_rack[1] :=  
2 3 ;
set S_rack[2] :=  
4 5 ;
set S_rack[3] :=  
6 7 ;
set S_rack[4] :=  
8 9 ;
set S_rack[5] :=  
10 11 ;
set S_rack[6] :=  
12 13 ;
set S_rack[7] :=  
14 15 ;
param CPU := 
0 44.0
1 44.0
2 28.0
3 28.0
4 28.0
5 28.0
6 44.0
7 44.0
8 56.0
9 56.0
10 56.0
11 56.0
12 28.0
13 28.0
14 28.0
15 28.0
;
param MEM := 
0 128.0
1 128.0
2 192.0
3 192.0
4 48.0
5 48.0
6 128.0
7 128.0
8 192.0
9 192.0
10 192.0
11 192.0
12 48.0
13 48.0
14 96.0
15 96.0
;
param DISK := 
0 256.0
1 256.0
2 384.0
3 384.0
4 96.0
5 96.0
6 256.0
7 256.0
8 384.0
9 384.0
10 384.0
11 384.0
12 96.0
13 96.0
14 192.0
15 192.0
;
param BDW_out := 
0 10.0
1 10.0
2 10.0
3 10.0
4 10.0
5 10.0
6 10.0
7 10.0
8 10.0
9 10.0
10 10.0
11 10.0
12 10.0
13 10.0
14 10.0
15 10.0
;
param BDW_in := 
0 10.0
1 10.0
2 10.0
3 10.0
4 10.0
5 10.0
6 10.0
7 10.0
8 10.0
9 10.0
10 10.0
11 10.0
12 10.0
13 10.0
14 10.0
15 10.0
;
param mem := 
1 16.0
2 32.0
3 4.0
16 4.0
17 32.0
18 16.0
19 32.0
4 2.0
5 4.0
6 16.0
15 4.0
20 4.0
7 1.0
8 1.0
9 1.0
10 1.0
11 1.0
12 1.0
13 16.0
14 4.0
;
param disk := 
1 36.0
2 50.0
3 16.0
16 16.0
17 50.0
18 36.0
19 50.0
4 8.0
5 16.0
6 36.0
15 16.0
20 16.0
7 4.0
8 4.0
9 4.0
10 4.0
11 4.0
12 4.0
13 36.0
14 16.0
;
param cpu : 
0 1 2 3 4 5 6 7 8 9 10 11 12 13 14 15 := 
1 4.545454545454546 4.545454545454546 4.0 4.0 4.0 4.0 4.545454545454546 4.545454545454546 4.0 4.0 4.0 4.0 4.0 4.0 4.761904761904762 4.761904761904762 
2 9.090909090909092 9.090909090909092 8.0 8.0 8.0 8.0 9.090909090909092 9.090909090909092 8.0 8.0 8.0 8.0 8.0 8.0 9.523809523809524 9.523809523809524 
3 2.272727272727273 2.272727272727273 2.0 2.0 2.0 2.0 2.272727272727273 2.272727272727273 2.0 2.0 2.0 2.0 2.0 2.0 2.380952380952381 2.380952380952381 
16 2.272727272727273 2.272727272727273 2.0 2.0 2.0 2.0 2.272727272727273 2.272727272727273 2.0 2.0 2.0 2.0 2.0 2.0 2.380952380952381 2.380952380952381 
17 9.090909090909092 9.090909090909092 8.0 8.0 8.0 8.0 9.090909090909092 9.090909090909092 8.0 8.0 8.0 8.0 8.0 8.0 9.523809523809524 9.523809523809524 
18 4.545454545454546 4.545454545454546 4.0 4.0 4.0 4.0 4.545454545454546 4.545454545454546 4.0 4.0 4.0 4.0 4.0 4.0 4.761904761904762 4.761904761904762 
19 9.090909090909092 9.090909090909092 8.0 8.0 8.0 8.0 9.090909090909092 9.090909090909092 8.0 8.0 8.0 8.0 8.0 8.0 9.523809523809524 9.523809523809524 
4 1.1363636363636365 1.1363636363636365 1.0 1.0 1.0 1.0 1.1363636363636365 1.1363636363636365 1.0 1.0 1.0 1.0 1.0 1.0 1.1904761904761905 1.1904761904761905 
5 2.272727272727273 2.272727272727273 2.0 2.0 2.0 2.0 2.272727272727273 2.272727272727273 2.0 2.0 2.0 2.0 2.0 2.0 2.380952380952381 2.380952380952381 
6 4.545454545454546 4.545454545454546 4.0 4.0 4.0 4.0 4.545454545454546 4.545454545454546 4.0 4.0 4.0 4.0 4.0 4.0 4.761904761904762 4.761904761904762 
15 2.272727272727273 2.272727272727273 2.0 2.0 2.0 2.0 2.272727272727273 2.272727272727273 2.0 2.0 2.0 2.0 2.0 2.0 2.380952380952381 2.380952380952381 
20 2.272727272727273 2.272727272727273 2.0 2.0 2.0 2.0 2.272727272727273 2.272727272727273 2.0 2.0 2.0 2.0 2.0 2.0 2.380952380952381 2.380952380952381 
7 1.1363636363636365 1.1363636363636365 1.0 1.0 1.0 1.0 1.1363636363636365 1.1363636363636365 1.0 1.0 1.0 1.0 1.0 1.0 1.1904761904761905 1.1904761904761905 
8 1.1363636363636365 1.1363636363636365 1.0 1.0 1.0 1.0 1.1363636363636365 1.1363636363636365 1.0 1.0 1.0 1.0 1.0 1.0 1.1904761904761905 1.1904761904761905 
9 1.1363636363636365 1.1363636363636365 1.0 1.0 1.0 1.0 1.1363636363636365 1.1363636363636365 1.0 1.0 1.0 1.0 1.0 1.0 1.1904761904761905 1.1904761904761905 
10 1.1363636363636365 1.1363636363636365 1.0 1.0 1.0 1.0 1.1363636363636365 1.1363636363636365 1.0 1.0 1.0 1.0 1.0 1.0 1.1904761904761905 1.1904761904761905 
11 1.1363636363636365 1.1363636363636365 1.0 1.0 1.0 1.0 1.1363636363636365 1.1363636363636365 1.0 1.0 1.0 1.0 1.0 1.0 1.1904761904761905 1.1904761904761905 
12 1.1363636363636365 1.1363636363636365 1.0 1.0 1.0 1.0 1.1363636363636365 1.1363636363636365 1.0 1.0 1.0 1.0 1.0 1.0 1.1904761904761905 1.1904761904761905 
13 4.545454545454546 4.545454545454546 4.0 4.0 4.0 4.0 4.545454545454546 4.545454545454546 4.0 4.0 4.0 4.0 4.0 4.0 4.761904761904762 4.761904761904762 
14 2.272727272727273 2.272727272727273 2.0 2.0 2.0 2.0 2.272727272727273 2.272727272727273 2.0 2.0 2.0 2.0 2.0 2.0 2.380952380952381 2.380952380952381 
;
set c_0 := 0;
param d := 
[0,*,*] : 
0 1 2 3 16 17 18 19 := 
0 0 0.008252 0 0 0 0 0.008252 0 
1 0.35365714285714295 0 0.002750666666666667 0 0 0.002750666666666667 0 0.002750666666666667 
2 0 0.009077200000000002 0 0.002750666666666667 0.002750666666666667 0 0.009077200000000002 0 
3 0 0 9.077200000000002E-4 0 0 9.077200000000002E-4 0 9.077200000000002E-4 
16 0 0 9.077200000000002E-4 0 0 9.077200000000002E-4 0 9.077200000000002E-4 
17 0 0.009077200000000002 0 0.002750666666666667 0.002750666666666667 0 0.009077200000000002 0 
18 0.35365714285714295 0 0.002750666666666667 0 0 0.002750666666666667 0 0.002750666666666667 
19 0 0.009077200000000002 0 0.002750666666666667 0.002750666666666667 0 0.009077200000000002 0 
[1,*,*] : 
0 4 5 6 15 20 := 
0 0 0.015432 0 0 0 0 
4 0.6613714285714286 0 0.005144 0 0.005144 0.005144 
5 0 0.0169752 0 0.005144 0 0 
6 0 0 0.10864128 0 0.10864128 0.10864128 
15 0 0.0169752 0 0.005144 0 0 
20 0 0.0169752 0 0.005144 0 0 
[2,*,*] : 
0 7 8 9 10 11 12 13 14 := 
0 0 0.002472 0.002472 0.002472 0.002472 0.002472 0.002472 0 0 
7 0.69216 0 0 0 0 0 0 0.002472 0 
8 0.69216 0 0 0 0 0 0 0.002472 0 
9 0.69216 0 0 0 0 0 0 0.002472 0 
10 0.69216 0 0 0 0 0 0 0.002472 0 
11 0.69216 0 0 0 0 0 0 0.002472 0 
12 0.69216 0 0 0 0 0 0 0.002472 0 
13 0 0.0034608 0.0034608 0.0034608 0.0034608 0.0034608 0.0034608 0 0.014832 
14 0 0 0 0 0 0 0 0.14743008 0 
;
param x_bar : 0 1 2 3 4 5 6 7 8 9 10 11 12 13 14 15  := 
0 0 0 0 0 0 0 0 0 0 0 0 0 0 0 0 0 
;
