seed200_p4_C20_nR2_oR4
1.2094687291612314 120396 147398
seed201_p4_C20_nR2_oR4
0.006265463466666664 120240 107263
seed202_p4_C20_nR2_oR4
0.008320494845719246 120386 255821
seed203_p4_C20_nR2_oR4
0.8619024448605641 120231 141257
seed204_p4_C20_nR2_oR4
0.40994109671620976 120268 95080
seed205_p4_C20_nR2_oR4
0.003375613807407293 120285 197918
seed206_p4_C20_nR2_oR4
0.05101417599999995 120277 120419
seed207_p4_C20_nR2_oR4
0.0 120321 320055
seed208_p4_C20_nR2_oR4
0.25174602868318097 120228 114354
seed209_p4_C20_nR2_oR4
0.022103700915254126 120177 327997
seed210_p4_C20_nR2_oR4
0.25978206104298585 120227 195670
seed211_p4_C20_nR2_oR4
4.0728691358024697E-4 120319 448295
seed212_p4_C20_nR2_oR4
0.0022959061333331027 120174 141154
seed213_p4_C20_nR2_oR4
0.002159117333333214 120331 103107
seed214_p4_C20_nR2_oR4
5.677182222210385E-4 120350 198570
seed215_p4_C20_nR2_oR4
0.5074027787431552 120339 423956
seed216_p4_C20_nR2_oR4
-1.0889726620444407E-15 120303 207675
seed217_p4_C20_nR2_oR4
0.04653373441948895 120181 180778
seed218_p4_C20_nR2_oR4
0.005817249185185035 120277 222145
seed219_p4_C20_nR2_oR4
0.18650841260079937 120301 132207
seed220_p4_C20_nR2_oR4
-5.425347671117464E-16 120222 170400
seed221_p4_C20_nR2_oR4
-2.3592239273284576E-15 120332 291390
seed222_p4_C20_nR2_oR4
0.0017433866666665028 120173 203797
seed223_p4_C20_nR2_oR4
0.366410493461973 120237 253169
seed224_p4_C20_nR2_oR4
0.04173548474074074 120325 269846
seed225_p4_C20_nR2_oR4
-2.983724378680108E-16 120233 317041
seed226_p4_C20_nR2_oR4
0.027631619929824554 120221 141075
seed227_p4_C20_nR2_oR4
1.1068211070220668 120438 233457
seed228_p4_C20_nR2_oR4
0.01745845288888883 120274 237373
seed229_p4_C20_nR2_oR4
0.0034867733333331812 120215 155980
