data;
set C_bar :=  ;
set C :=  1 2 3 23 24 4 5 6 7 8 9 10 11 12 13 14 15 16 17 18 22 28 29 30 19 20 21 25 26 27 ;
set R := 0 1 2 ;
set C_r[0] :=  
1 2 3 23 24 ;
set C_r[1] :=  
4 5 6 7 8 9 10 11 12 13 14 15 16 17 18 22 28 29 30 ;
set C_r[2] :=  
19 20 21 25 26 27 ;
set S :=  0 1 2 3 4 5 6 7 8 9 10 11 12 13 14 15 16 17 18 19 20 21 22 23 24 25 26 27 28 29 30 31 32 33 34 35 36 37 38 39 40 41 42 43 44 45 46 47 48 49 50 51 52 53 ;
set S_u :=  0 1 2 3 4 5 6 7 8 9 10 11 12 13 14 15 16 17 18 19 20 21 22 23 24 25 26 27 28 29 30 31 32 33 34 35 36 37 38 39 40 41 42 43 44 45 46 47 48 49 50 51 52 53 ;
set Rack :=  0 1 2 3 4 5 6 7 8 9 10 11 12 13 14 15 16 17 ;
param COST : 0 1 2 3 4 5 6 7 8 9 10 11 12 13 14 15 16 17 18 19 20 21 22 23 24 25 26 27 28 29 30 31 32 33 34 35 36 37 38 39 40 41 42 43 44 45 46 47 48 49 50 51 52 53 :=
0 0 1 1 3 3 3 3 3 3 5 5 5 5 5 5 5 5 5 5 5 5 5 5 5 5 5 5 5 5 5 5 5 5 5 5 5 5 5 5 5 5 5 5 5 5 5 5 5 5 5 5 5 5 5 
1 1 0 1 3 3 3 3 3 3 5 5 5 5 5 5 5 5 5 5 5 5 5 5 5 5 5 5 5 5 5 5 5 5 5 5 5 5 5 5 5 5 5 5 5 5 5 5 5 5 5 5 5 5 5 
2 1 1 0 3 3 3 3 3 3 5 5 5 5 5 5 5 5 5 5 5 5 5 5 5 5 5 5 5 5 5 5 5 5 5 5 5 5 5 5 5 5 5 5 5 5 5 5 5 5 5 5 5 5 5 
3 3 3 3 0 1 1 3 3 3 5 5 5 5 5 5 5 5 5 5 5 5 5 5 5 5 5 5 5 5 5 5 5 5 5 5 5 5 5 5 5 5 5 5 5 5 5 5 5 5 5 5 5 5 5 
4 3 3 3 1 0 1 3 3 3 5 5 5 5 5 5 5 5 5 5 5 5 5 5 5 5 5 5 5 5 5 5 5 5 5 5 5 5 5 5 5 5 5 5 5 5 5 5 5 5 5 5 5 5 5 
5 3 3 3 1 1 0 3 3 3 5 5 5 5 5 5 5 5 5 5 5 5 5 5 5 5 5 5 5 5 5 5 5 5 5 5 5 5 5 5 5 5 5 5 5 5 5 5 5 5 5 5 5 5 5 
6 3 3 3 3 3 3 0 1 1 5 5 5 5 5 5 5 5 5 5 5 5 5 5 5 5 5 5 5 5 5 5 5 5 5 5 5 5 5 5 5 5 5 5 5 5 5 5 5 5 5 5 5 5 5 
7 3 3 3 3 3 3 1 0 1 5 5 5 5 5 5 5 5 5 5 5 5 5 5 5 5 5 5 5 5 5 5 5 5 5 5 5 5 5 5 5 5 5 5 5 5 5 5 5 5 5 5 5 5 5 
8 3 3 3 3 3 3 1 1 0 5 5 5 5 5 5 5 5 5 5 5 5 5 5 5 5 5 5 5 5 5 5 5 5 5 5 5 5 5 5 5 5 5 5 5 5 5 5 5 5 5 5 5 5 5 
9 5 5 5 5 5 5 5 5 5 0 1 1 3 3 3 3 3 3 5 5 5 5 5 5 5 5 5 5 5 5 5 5 5 5 5 5 5 5 5 5 5 5 5 5 5 5 5 5 5 5 5 5 5 5 
10 5 5 5 5 5 5 5 5 5 1 0 1 3 3 3 3 3 3 5 5 5 5 5 5 5 5 5 5 5 5 5 5 5 5 5 5 5 5 5 5 5 5 5 5 5 5 5 5 5 5 5 5 5 5 
11 5 5 5 5 5 5 5 5 5 1 1 0 3 3 3 3 3 3 5 5 5 5 5 5 5 5 5 5 5 5 5 5 5 5 5 5 5 5 5 5 5 5 5 5 5 5 5 5 5 5 5 5 5 5 
12 5 5 5 5 5 5 5 5 5 3 3 3 0 1 1 3 3 3 5 5 5 5 5 5 5 5 5 5 5 5 5 5 5 5 5 5 5 5 5 5 5 5 5 5 5 5 5 5 5 5 5 5 5 5 
13 5 5 5 5 5 5 5 5 5 3 3 3 1 0 1 3 3 3 5 5 5 5 5 5 5 5 5 5 5 5 5 5 5 5 5 5 5 5 5 5 5 5 5 5 5 5 5 5 5 5 5 5 5 5 
14 5 5 5 5 5 5 5 5 5 3 3 3 1 1 0 3 3 3 5 5 5 5 5 5 5 5 5 5 5 5 5 5 5 5 5 5 5 5 5 5 5 5 5 5 5 5 5 5 5 5 5 5 5 5 
15 5 5 5 5 5 5 5 5 5 3 3 3 3 3 3 0 1 1 5 5 5 5 5 5 5 5 5 5 5 5 5 5 5 5 5 5 5 5 5 5 5 5 5 5 5 5 5 5 5 5 5 5 5 5 
16 5 5 5 5 5 5 5 5 5 3 3 3 3 3 3 1 0 1 5 5 5 5 5 5 5 5 5 5 5 5 5 5 5 5 5 5 5 5 5 5 5 5 5 5 5 5 5 5 5 5 5 5 5 5 
17 5 5 5 5 5 5 5 5 5 3 3 3 3 3 3 1 1 0 5 5 5 5 5 5 5 5 5 5 5 5 5 5 5 5 5 5 5 5 5 5 5 5 5 5 5 5 5 5 5 5 5 5 5 5 
18 5 5 5 5 5 5 5 5 5 5 5 5 5 5 5 5 5 5 0 1 1 3 3 3 3 3 3 5 5 5 5 5 5 5 5 5 5 5 5 5 5 5 5 5 5 5 5 5 5 5 5 5 5 5 
19 5 5 5 5 5 5 5 5 5 5 5 5 5 5 5 5 5 5 1 0 1 3 3 3 3 3 3 5 5 5 5 5 5 5 5 5 5 5 5 5 5 5 5 5 5 5 5 5 5 5 5 5 5 5 
20 5 5 5 5 5 5 5 5 5 5 5 5 5 5 5 5 5 5 1 1 0 3 3 3 3 3 3 5 5 5 5 5 5 5 5 5 5 5 5 5 5 5 5 5 5 5 5 5 5 5 5 5 5 5 
21 5 5 5 5 5 5 5 5 5 5 5 5 5 5 5 5 5 5 3 3 3 0 1 1 3 3 3 5 5 5 5 5 5 5 5 5 5 5 5 5 5 5 5 5 5 5 5 5 5 5 5 5 5 5 
22 5 5 5 5 5 5 5 5 5 5 5 5 5 5 5 5 5 5 3 3 3 1 0 1 3 3 3 5 5 5 5 5 5 5 5 5 5 5 5 5 5 5 5 5 5 5 5 5 5 5 5 5 5 5 
23 5 5 5 5 5 5 5 5 5 5 5 5 5 5 5 5 5 5 3 3 3 1 1 0 3 3 3 5 5 5 5 5 5 5 5 5 5 5 5 5 5 5 5 5 5 5 5 5 5 5 5 5 5 5 
24 5 5 5 5 5 5 5 5 5 5 5 5 5 5 5 5 5 5 3 3 3 3 3 3 0 1 1 5 5 5 5 5 5 5 5 5 5 5 5 5 5 5 5 5 5 5 5 5 5 5 5 5 5 5 
25 5 5 5 5 5 5 5 5 5 5 5 5 5 5 5 5 5 5 3 3 3 3 3 3 1 0 1 5 5 5 5 5 5 5 5 5 5 5 5 5 5 5 5 5 5 5 5 5 5 5 5 5 5 5 
26 5 5 5 5 5 5 5 5 5 5 5 5 5 5 5 5 5 5 3 3 3 3 3 3 1 1 0 5 5 5 5 5 5 5 5 5 5 5 5 5 5 5 5 5 5 5 5 5 5 5 5 5 5 5 
27 5 5 5 5 5 5 5 5 5 5 5 5 5 5 5 5 5 5 5 5 5 5 5 5 5 5 5 0 1 1 3 3 3 3 3 3 5 5 5 5 5 5 5 5 5 5 5 5 5 5 5 5 5 5 
28 5 5 5 5 5 5 5 5 5 5 5 5 5 5 5 5 5 5 5 5 5 5 5 5 5 5 5 1 0 1 3 3 3 3 3 3 5 5 5 5 5 5 5 5 5 5 5 5 5 5 5 5 5 5 
29 5 5 5 5 5 5 5 5 5 5 5 5 5 5 5 5 5 5 5 5 5 5 5 5 5 5 5 1 1 0 3 3 3 3 3 3 5 5 5 5 5 5 5 5 5 5 5 5 5 5 5 5 5 5 
30 5 5 5 5 5 5 5 5 5 5 5 5 5 5 5 5 5 5 5 5 5 5 5 5 5 5 5 3 3 3 0 1 1 3 3 3 5 5 5 5 5 5 5 5 5 5 5 5 5 5 5 5 5 5 
31 5 5 5 5 5 5 5 5 5 5 5 5 5 5 5 5 5 5 5 5 5 5 5 5 5 5 5 3 3 3 1 0 1 3 3 3 5 5 5 5 5 5 5 5 5 5 5 5 5 5 5 5 5 5 
32 5 5 5 5 5 5 5 5 5 5 5 5 5 5 5 5 5 5 5 5 5 5 5 5 5 5 5 3 3 3 1 1 0 3 3 3 5 5 5 5 5 5 5 5 5 5 5 5 5 5 5 5 5 5 
33 5 5 5 5 5 5 5 5 5 5 5 5 5 5 5 5 5 5 5 5 5 5 5 5 5 5 5 3 3 3 3 3 3 0 1 1 5 5 5 5 5 5 5 5 5 5 5 5 5 5 5 5 5 5 
34 5 5 5 5 5 5 5 5 5 5 5 5 5 5 5 5 5 5 5 5 5 5 5 5 5 5 5 3 3 3 3 3 3 1 0 1 5 5 5 5 5 5 5 5 5 5 5 5 5 5 5 5 5 5 
35 5 5 5 5 5 5 5 5 5 5 5 5 5 5 5 5 5 5 5 5 5 5 5 5 5 5 5 3 3 3 3 3 3 1 1 0 5 5 5 5 5 5 5 5 5 5 5 5 5 5 5 5 5 5 
36 5 5 5 5 5 5 5 5 5 5 5 5 5 5 5 5 5 5 5 5 5 5 5 5 5 5 5 5 5 5 5 5 5 5 5 5 0 1 1 3 3 3 3 3 3 5 5 5 5 5 5 5 5 5 
37 5 5 5 5 5 5 5 5 5 5 5 5 5 5 5 5 5 5 5 5 5 5 5 5 5 5 5 5 5 5 5 5 5 5 5 5 1 0 1 3 3 3 3 3 3 5 5 5 5 5 5 5 5 5 
38 5 5 5 5 5 5 5 5 5 5 5 5 5 5 5 5 5 5 5 5 5 5 5 5 5 5 5 5 5 5 5 5 5 5 5 5 1 1 0 3 3 3 3 3 3 5 5 5 5 5 5 5 5 5 
39 5 5 5 5 5 5 5 5 5 5 5 5 5 5 5 5 5 5 5 5 5 5 5 5 5 5 5 5 5 5 5 5 5 5 5 5 3 3 3 0 1 1 3 3 3 5 5 5 5 5 5 5 5 5 
40 5 5 5 5 5 5 5 5 5 5 5 5 5 5 5 5 5 5 5 5 5 5 5 5 5 5 5 5 5 5 5 5 5 5 5 5 3 3 3 1 0 1 3 3 3 5 5 5 5 5 5 5 5 5 
41 5 5 5 5 5 5 5 5 5 5 5 5 5 5 5 5 5 5 5 5 5 5 5 5 5 5 5 5 5 5 5 5 5 5 5 5 3 3 3 1 1 0 3 3 3 5 5 5 5 5 5 5 5 5 
42 5 5 5 5 5 5 5 5 5 5 5 5 5 5 5 5 5 5 5 5 5 5 5 5 5 5 5 5 5 5 5 5 5 5 5 5 3 3 3 3 3 3 0 1 1 5 5 5 5 5 5 5 5 5 
43 5 5 5 5 5 5 5 5 5 5 5 5 5 5 5 5 5 5 5 5 5 5 5 5 5 5 5 5 5 5 5 5 5 5 5 5 3 3 3 3 3 3 1 0 1 5 5 5 5 5 5 5 5 5 
44 5 5 5 5 5 5 5 5 5 5 5 5 5 5 5 5 5 5 5 5 5 5 5 5 5 5 5 5 5 5 5 5 5 5 5 5 3 3 3 3 3 3 1 1 0 5 5 5 5 5 5 5 5 5 
45 5 5 5 5 5 5 5 5 5 5 5 5 5 5 5 5 5 5 5 5 5 5 5 5 5 5 5 5 5 5 5 5 5 5 5 5 5 5 5 5 5 5 5 5 5 0 1 1 3 3 3 3 3 3 
46 5 5 5 5 5 5 5 5 5 5 5 5 5 5 5 5 5 5 5 5 5 5 5 5 5 5 5 5 5 5 5 5 5 5 5 5 5 5 5 5 5 5 5 5 5 1 0 1 3 3 3 3 3 3 
47 5 5 5 5 5 5 5 5 5 5 5 5 5 5 5 5 5 5 5 5 5 5 5 5 5 5 5 5 5 5 5 5 5 5 5 5 5 5 5 5 5 5 5 5 5 1 1 0 3 3 3 3 3 3 
48 5 5 5 5 5 5 5 5 5 5 5 5 5 5 5 5 5 5 5 5 5 5 5 5 5 5 5 5 5 5 5 5 5 5 5 5 5 5 5 5 5 5 5 5 5 3 3 3 0 1 1 3 3 3 
49 5 5 5 5 5 5 5 5 5 5 5 5 5 5 5 5 5 5 5 5 5 5 5 5 5 5 5 5 5 5 5 5 5 5 5 5 5 5 5 5 5 5 5 5 5 3 3 3 1 0 1 3 3 3 
50 5 5 5 5 5 5 5 5 5 5 5 5 5 5 5 5 5 5 5 5 5 5 5 5 5 5 5 5 5 5 5 5 5 5 5 5 5 5 5 5 5 5 5 5 5 3 3 3 1 1 0 3 3 3 
51 5 5 5 5 5 5 5 5 5 5 5 5 5 5 5 5 5 5 5 5 5 5 5 5 5 5 5 5 5 5 5 5 5 5 5 5 5 5 5 5 5 5 5 5 5 3 3 3 3 3 3 0 1 1 
52 5 5 5 5 5 5 5 5 5 5 5 5 5 5 5 5 5 5 5 5 5 5 5 5 5 5 5 5 5 5 5 5 5 5 5 5 5 5 5 5 5 5 5 5 5 3 3 3 3 3 3 1 0 1 
53 5 5 5 5 5 5 5 5 5 5 5 5 5 5 5 5 5 5 5 5 5 5 5 5 5 5 5 5 5 5 5 5 5 5 5 5 5 5 5 5 5 5 5 5 5 3 3 3 3 3 3 1 1 0 
;
set S_rack[0] :=  
0 1 2 ;
set S_rack[1] :=  
3 4 5 ;
set S_rack[2] :=  
6 7 8 ;
set S_rack[3] :=  
9 10 11 ;
set S_rack[4] :=  
12 13 14 ;
set S_rack[5] :=  
15 16 17 ;
set S_rack[6] :=  
18 19 20 ;
set S_rack[7] :=  
21 22 23 ;
set S_rack[8] :=  
24 25 26 ;
set S_rack[9] :=  
27 28 29 ;
set S_rack[10] :=  
30 31 32 ;
set S_rack[11] :=  
33 34 35 ;
set S_rack[12] :=  
36 37 38 ;
set S_rack[13] :=  
39 40 41 ;
set S_rack[14] :=  
42 43 44 ;
set S_rack[15] :=  
45 46 47 ;
set S_rack[16] :=  
48 49 50 ;
set S_rack[17] :=  
51 52 53 ;
param CPU := 
0 28.0
1 28.0
2 28.0
3 28.0
4 28.0
5 28.0
6 28.0
7 28.0
8 28.0
9 28.0
10 28.0
11 28.0
12 44.0
13 44.0
14 44.0
15 56.0
16 56.0
17 56.0
18 56.0
19 56.0
20 56.0
21 56.0
22 56.0
23 56.0
24 56.0
25 56.0
26 56.0
27 44.0
28 44.0
29 44.0
30 44.0
31 44.0
32 44.0
33 56.0
34 56.0
35 56.0
36 28.0
37 28.0
38 28.0
39 28.0
40 28.0
41 28.0
42 56.0
43 56.0
44 56.0
45 56.0
46 56.0
47 56.0
48 56.0
49 56.0
50 56.0
51 56.0
52 56.0
53 56.0
;
param MEM := 
0 192.0
1 192.0
2 192.0
3 192.0
4 192.0
5 192.0
6 192.0
7 192.0
8 192.0
9 96.0
10 96.0
11 96.0
12 128.0
13 128.0
14 128.0
15 192.0
16 192.0
17 192.0
18 192.0
19 192.0
20 192.0
21 192.0
22 192.0
23 192.0
24 192.0
25 192.0
26 192.0
27 128.0
28 128.0
29 128.0
30 128.0
31 128.0
32 128.0
33 192.0
34 192.0
35 192.0
36 96.0
37 96.0
38 96.0
39 96.0
40 96.0
41 96.0
42 192.0
43 192.0
44 192.0
45 192.0
46 192.0
47 192.0
48 192.0
49 192.0
50 192.0
51 192.0
52 192.0
53 192.0
;
param DISK := 
0 384.0
1 384.0
2 384.0
3 384.0
4 384.0
5 384.0
6 384.0
7 384.0
8 384.0
9 192.0
10 192.0
11 192.0
12 256.0
13 256.0
14 256.0
15 384.0
16 384.0
17 384.0
18 384.0
19 384.0
20 384.0
21 384.0
22 384.0
23 384.0
24 384.0
25 384.0
26 384.0
27 256.0
28 256.0
29 256.0
30 256.0
31 256.0
32 256.0
33 384.0
34 384.0
35 384.0
36 192.0
37 192.0
38 192.0
39 192.0
40 192.0
41 192.0
42 384.0
43 384.0
44 384.0
45 384.0
46 384.0
47 384.0
48 384.0
49 384.0
50 384.0
51 384.0
52 384.0
53 384.0
;
param BDW_out := 
0 10.0
1 10.0
2 10.0
3 10.0
4 10.0
5 10.0
6 10.0
7 10.0
8 10.0
9 10.0
10 10.0
11 10.0
12 10.0
13 10.0
14 10.0
15 10.0
16 10.0
17 10.0
18 10.0
19 10.0
20 10.0
21 10.0
22 10.0
23 10.0
24 10.0
25 10.0
26 10.0
27 10.0
28 10.0
29 10.0
30 10.0
31 10.0
32 10.0
33 10.0
34 10.0
35 10.0
36 10.0
37 10.0
38 10.0
39 10.0
40 10.0
41 10.0
42 10.0
43 10.0
44 10.0
45 10.0
46 10.0
47 10.0
48 10.0
49 10.0
50 10.0
51 10.0
52 10.0
53 10.0
;
param BDW_in := 
0 10.0
1 10.0
2 10.0
3 10.0
4 10.0
5 10.0
6 10.0
7 10.0
8 10.0
9 10.0
10 10.0
11 10.0
12 10.0
13 10.0
14 10.0
15 10.0
16 10.0
17 10.0
18 10.0
19 10.0
20 10.0
21 10.0
22 10.0
23 10.0
24 10.0
25 10.0
26 10.0
27 10.0
28 10.0
29 10.0
30 10.0
31 10.0
32 10.0
33 10.0
34 10.0
35 10.0
36 10.0
37 10.0
38 10.0
39 10.0
40 10.0
41 10.0
42 10.0
43 10.0
44 10.0
45 10.0
46 10.0
47 10.0
48 10.0
49 10.0
50 10.0
51 10.0
52 10.0
53 10.0
;
param mem := 
1 32.0
2 16.0
3 32.0
23 16.0
24 16.0
4 8.0
5 8.0
6 8.0
7 8.0
8 8.0
9 8.0
10 8.0
11 8.0
12 8.0
13 8.0
14 8.0
15 8.0
16 8.0
17 8.0
18 2.0
22 2.0
28 8.0
29 2.0
30 8.0
19 16.0
20 16.0
21 16.0
25 16.0
26 16.0
27 16.0
;
param disk := 
1 43.2
2 36.0
3 50.0
23 36.0
24 36.0
4 24.0
5 24.0
6 24.0
7 24.0
8 24.0
9 24.0
10 24.0
11 24.0
12 24.0
13 24.0
14 24.0
15 24.0
16 24.0
17 24.0
18 8.0
22 8.0
28 24.0
29 8.0
30 24.0
19 36.0
20 36.0
21 36.0
25 36.0
26 36.0
27 36.0
;
param cpu : 
0 1 2 3 4 5 6 7 8 9 10 11 12 13 14 15 16 17 18 19 20 21 22 23 24 25 26 27 28 29 30 31 32 33 34 35 36 37 38 39 40 41 42 43 44 45 46 47 48 49 50 51 52 53 := 
1 8.0 8.0 8.0 8.0 8.0 8.0 8.0 8.0 8.0 9.523809523809524 9.523809523809524 9.523809523809524 9.090909090909092 9.090909090909092 9.090909090909092 8.0 8.0 8.0 8.0 8.0 8.0 8.0 8.0 8.0 8.0 8.0 8.0 9.090909090909092 9.090909090909092 9.090909090909092 9.090909090909092 9.090909090909092 9.090909090909092 8.0 8.0 8.0 9.523809523809524 9.523809523809524 9.523809523809524 9.523809523809524 9.523809523809524 9.523809523809524 8.0 8.0 8.0 8.0 8.0 8.0 8.0 8.0 8.0 8.0 8.0 8.0 
2 4.0 4.0 4.0 4.0 4.0 4.0 4.0 4.0 4.0 4.761904761904762 4.761904761904762 4.761904761904762 4.545454545454546 4.545454545454546 4.545454545454546 4.0 4.0 4.0 4.0 4.0 4.0 4.0 4.0 4.0 4.0 4.0 4.0 4.545454545454546 4.545454545454546 4.545454545454546 4.545454545454546 4.545454545454546 4.545454545454546 4.0 4.0 4.0 4.761904761904762 4.761904761904762 4.761904761904762 4.761904761904762 4.761904761904762 4.761904761904762 4.0 4.0 4.0 4.0 4.0 4.0 4.0 4.0 4.0 4.0 4.0 4.0 
3 8.0 8.0 8.0 8.0 8.0 8.0 8.0 8.0 8.0 9.523809523809524 9.523809523809524 9.523809523809524 9.090909090909092 9.090909090909092 9.090909090909092 8.0 8.0 8.0 8.0 8.0 8.0 8.0 8.0 8.0 8.0 8.0 8.0 9.090909090909092 9.090909090909092 9.090909090909092 9.090909090909092 9.090909090909092 9.090909090909092 8.0 8.0 8.0 9.523809523809524 9.523809523809524 9.523809523809524 9.523809523809524 9.523809523809524 9.523809523809524 8.0 8.0 8.0 8.0 8.0 8.0 8.0 8.0 8.0 8.0 8.0 8.0 
23 4.0 4.0 4.0 4.0 4.0 4.0 4.0 4.0 4.0 4.761904761904762 4.761904761904762 4.761904761904762 4.545454545454546 4.545454545454546 4.545454545454546 4.0 4.0 4.0 4.0 4.0 4.0 4.0 4.0 4.0 4.0 4.0 4.0 4.545454545454546 4.545454545454546 4.545454545454546 4.545454545454546 4.545454545454546 4.545454545454546 4.0 4.0 4.0 4.761904761904762 4.761904761904762 4.761904761904762 4.761904761904762 4.761904761904762 4.761904761904762 4.0 4.0 4.0 4.0 4.0 4.0 4.0 4.0 4.0 4.0 4.0 4.0 
24 4.0 4.0 4.0 4.0 4.0 4.0 4.0 4.0 4.0 4.761904761904762 4.761904761904762 4.761904761904762 4.545454545454546 4.545454545454546 4.545454545454546 4.0 4.0 4.0 4.0 4.0 4.0 4.0 4.0 4.0 4.0 4.0 4.0 4.545454545454546 4.545454545454546 4.545454545454546 4.545454545454546 4.545454545454546 4.545454545454546 4.0 4.0 4.0 4.761904761904762 4.761904761904762 4.761904761904762 4.761904761904762 4.761904761904762 4.761904761904762 4.0 4.0 4.0 4.0 4.0 4.0 4.0 4.0 4.0 4.0 4.0 4.0 
4 2.0 2.0 2.0 2.0 2.0 2.0 2.0 2.0 2.0 2.380952380952381 2.380952380952381 2.380952380952381 2.272727272727273 2.272727272727273 2.272727272727273 2.0 2.0 2.0 2.0 2.0 2.0 2.0 2.0 2.0 2.0 2.0 2.0 2.272727272727273 2.272727272727273 2.272727272727273 2.272727272727273 2.272727272727273 2.272727272727273 2.0 2.0 2.0 2.380952380952381 2.380952380952381 2.380952380952381 2.380952380952381 2.380952380952381 2.380952380952381 2.0 2.0 2.0 2.0 2.0 2.0 2.0 2.0 2.0 2.0 2.0 2.0 
5 2.0 2.0 2.0 2.0 2.0 2.0 2.0 2.0 2.0 2.380952380952381 2.380952380952381 2.380952380952381 2.272727272727273 2.272727272727273 2.272727272727273 2.0 2.0 2.0 2.0 2.0 2.0 2.0 2.0 2.0 2.0 2.0 2.0 2.272727272727273 2.272727272727273 2.272727272727273 2.272727272727273 2.272727272727273 2.272727272727273 2.0 2.0 2.0 2.380952380952381 2.380952380952381 2.380952380952381 2.380952380952381 2.380952380952381 2.380952380952381 2.0 2.0 2.0 2.0 2.0 2.0 2.0 2.0 2.0 2.0 2.0 2.0 
6 2.0 2.0 2.0 2.0 2.0 2.0 2.0 2.0 2.0 2.380952380952381 2.380952380952381 2.380952380952381 2.272727272727273 2.272727272727273 2.272727272727273 2.0 2.0 2.0 2.0 2.0 2.0 2.0 2.0 2.0 2.0 2.0 2.0 2.272727272727273 2.272727272727273 2.272727272727273 2.272727272727273 2.272727272727273 2.272727272727273 2.0 2.0 2.0 2.380952380952381 2.380952380952381 2.380952380952381 2.380952380952381 2.380952380952381 2.380952380952381 2.0 2.0 2.0 2.0 2.0 2.0 2.0 2.0 2.0 2.0 2.0 2.0 
7 2.0 2.0 2.0 2.0 2.0 2.0 2.0 2.0 2.0 2.380952380952381 2.380952380952381 2.380952380952381 2.272727272727273 2.272727272727273 2.272727272727273 2.0 2.0 2.0 2.0 2.0 2.0 2.0 2.0 2.0 2.0 2.0 2.0 2.272727272727273 2.272727272727273 2.272727272727273 2.272727272727273 2.272727272727273 2.272727272727273 2.0 2.0 2.0 2.380952380952381 2.380952380952381 2.380952380952381 2.380952380952381 2.380952380952381 2.380952380952381 2.0 2.0 2.0 2.0 2.0 2.0 2.0 2.0 2.0 2.0 2.0 2.0 
8 2.0 2.0 2.0 2.0 2.0 2.0 2.0 2.0 2.0 2.380952380952381 2.380952380952381 2.380952380952381 2.272727272727273 2.272727272727273 2.272727272727273 2.0 2.0 2.0 2.0 2.0 2.0 2.0 2.0 2.0 2.0 2.0 2.0 2.272727272727273 2.272727272727273 2.272727272727273 2.272727272727273 2.272727272727273 2.272727272727273 2.0 2.0 2.0 2.380952380952381 2.380952380952381 2.380952380952381 2.380952380952381 2.380952380952381 2.380952380952381 2.0 2.0 2.0 2.0 2.0 2.0 2.0 2.0 2.0 2.0 2.0 2.0 
9 2.0 2.0 2.0 2.0 2.0 2.0 2.0 2.0 2.0 2.380952380952381 2.380952380952381 2.380952380952381 2.272727272727273 2.272727272727273 2.272727272727273 2.0 2.0 2.0 2.0 2.0 2.0 2.0 2.0 2.0 2.0 2.0 2.0 2.272727272727273 2.272727272727273 2.272727272727273 2.272727272727273 2.272727272727273 2.272727272727273 2.0 2.0 2.0 2.380952380952381 2.380952380952381 2.380952380952381 2.380952380952381 2.380952380952381 2.380952380952381 2.0 2.0 2.0 2.0 2.0 2.0 2.0 2.0 2.0 2.0 2.0 2.0 
10 2.0 2.0 2.0 2.0 2.0 2.0 2.0 2.0 2.0 2.380952380952381 2.380952380952381 2.380952380952381 2.272727272727273 2.272727272727273 2.272727272727273 2.0 2.0 2.0 2.0 2.0 2.0 2.0 2.0 2.0 2.0 2.0 2.0 2.272727272727273 2.272727272727273 2.272727272727273 2.272727272727273 2.272727272727273 2.272727272727273 2.0 2.0 2.0 2.380952380952381 2.380952380952381 2.380952380952381 2.380952380952381 2.380952380952381 2.380952380952381 2.0 2.0 2.0 2.0 2.0 2.0 2.0 2.0 2.0 2.0 2.0 2.0 
11 2.0 2.0 2.0 2.0 2.0 2.0 2.0 2.0 2.0 2.380952380952381 2.380952380952381 2.380952380952381 2.272727272727273 2.272727272727273 2.272727272727273 2.0 2.0 2.0 2.0 2.0 2.0 2.0 2.0 2.0 2.0 2.0 2.0 2.272727272727273 2.272727272727273 2.272727272727273 2.272727272727273 2.272727272727273 2.272727272727273 2.0 2.0 2.0 2.380952380952381 2.380952380952381 2.380952380952381 2.380952380952381 2.380952380952381 2.380952380952381 2.0 2.0 2.0 2.0 2.0 2.0 2.0 2.0 2.0 2.0 2.0 2.0 
12 2.0 2.0 2.0 2.0 2.0 2.0 2.0 2.0 2.0 2.380952380952381 2.380952380952381 2.380952380952381 2.272727272727273 2.272727272727273 2.272727272727273 2.0 2.0 2.0 2.0 2.0 2.0 2.0 2.0 2.0 2.0 2.0 2.0 2.272727272727273 2.272727272727273 2.272727272727273 2.272727272727273 2.272727272727273 2.272727272727273 2.0 2.0 2.0 2.380952380952381 2.380952380952381 2.380952380952381 2.380952380952381 2.380952380952381 2.380952380952381 2.0 2.0 2.0 2.0 2.0 2.0 2.0 2.0 2.0 2.0 2.0 2.0 
13 2.0 2.0 2.0 2.0 2.0 2.0 2.0 2.0 2.0 2.380952380952381 2.380952380952381 2.380952380952381 2.272727272727273 2.272727272727273 2.272727272727273 2.0 2.0 2.0 2.0 2.0 2.0 2.0 2.0 2.0 2.0 2.0 2.0 2.272727272727273 2.272727272727273 2.272727272727273 2.272727272727273 2.272727272727273 2.272727272727273 2.0 2.0 2.0 2.380952380952381 2.380952380952381 2.380952380952381 2.380952380952381 2.380952380952381 2.380952380952381 2.0 2.0 2.0 2.0 2.0 2.0 2.0 2.0 2.0 2.0 2.0 2.0 
14 2.0 2.0 2.0 2.0 2.0 2.0 2.0 2.0 2.0 2.380952380952381 2.380952380952381 2.380952380952381 2.272727272727273 2.272727272727273 2.272727272727273 2.0 2.0 2.0 2.0 2.0 2.0 2.0 2.0 2.0 2.0 2.0 2.0 2.272727272727273 2.272727272727273 2.272727272727273 2.272727272727273 2.272727272727273 2.272727272727273 2.0 2.0 2.0 2.380952380952381 2.380952380952381 2.380952380952381 2.380952380952381 2.380952380952381 2.380952380952381 2.0 2.0 2.0 2.0 2.0 2.0 2.0 2.0 2.0 2.0 2.0 2.0 
15 2.0 2.0 2.0 2.0 2.0 2.0 2.0 2.0 2.0 2.380952380952381 2.380952380952381 2.380952380952381 2.272727272727273 2.272727272727273 2.272727272727273 2.0 2.0 2.0 2.0 2.0 2.0 2.0 2.0 2.0 2.0 2.0 2.0 2.272727272727273 2.272727272727273 2.272727272727273 2.272727272727273 2.272727272727273 2.272727272727273 2.0 2.0 2.0 2.380952380952381 2.380952380952381 2.380952380952381 2.380952380952381 2.380952380952381 2.380952380952381 2.0 2.0 2.0 2.0 2.0 2.0 2.0 2.0 2.0 2.0 2.0 2.0 
16 2.0 2.0 2.0 2.0 2.0 2.0 2.0 2.0 2.0 2.380952380952381 2.380952380952381 2.380952380952381 2.272727272727273 2.272727272727273 2.272727272727273 2.0 2.0 2.0 2.0 2.0 2.0 2.0 2.0 2.0 2.0 2.0 2.0 2.272727272727273 2.272727272727273 2.272727272727273 2.272727272727273 2.272727272727273 2.272727272727273 2.0 2.0 2.0 2.380952380952381 2.380952380952381 2.380952380952381 2.380952380952381 2.380952380952381 2.380952380952381 2.0 2.0 2.0 2.0 2.0 2.0 2.0 2.0 2.0 2.0 2.0 2.0 
17 2.0 2.0 2.0 2.0 2.0 2.0 2.0 2.0 2.0 2.380952380952381 2.380952380952381 2.380952380952381 2.272727272727273 2.272727272727273 2.272727272727273 2.0 2.0 2.0 2.0 2.0 2.0 2.0 2.0 2.0 2.0 2.0 2.0 2.272727272727273 2.272727272727273 2.272727272727273 2.272727272727273 2.272727272727273 2.272727272727273 2.0 2.0 2.0 2.380952380952381 2.380952380952381 2.380952380952381 2.380952380952381 2.380952380952381 2.380952380952381 2.0 2.0 2.0 2.0 2.0 2.0 2.0 2.0 2.0 2.0 2.0 2.0 
18 1.0 1.0 1.0 1.0 1.0 1.0 1.0 1.0 1.0 1.1904761904761905 1.1904761904761905 1.1904761904761905 1.1363636363636365 1.1363636363636365 1.1363636363636365 1.0 1.0 1.0 1.0 1.0 1.0 1.0 1.0 1.0 1.0 1.0 1.0 1.1363636363636365 1.1363636363636365 1.1363636363636365 1.1363636363636365 1.1363636363636365 1.1363636363636365 1.0 1.0 1.0 1.1904761904761905 1.1904761904761905 1.1904761904761905 1.1904761904761905 1.1904761904761905 1.1904761904761905 1.0 1.0 1.0 1.0 1.0 1.0 1.0 1.0 1.0 1.0 1.0 1.0 
22 1.0 1.0 1.0 1.0 1.0 1.0 1.0 1.0 1.0 1.1904761904761905 1.1904761904761905 1.1904761904761905 1.1363636363636365 1.1363636363636365 1.1363636363636365 1.0 1.0 1.0 1.0 1.0 1.0 1.0 1.0 1.0 1.0 1.0 1.0 1.1363636363636365 1.1363636363636365 1.1363636363636365 1.1363636363636365 1.1363636363636365 1.1363636363636365 1.0 1.0 1.0 1.1904761904761905 1.1904761904761905 1.1904761904761905 1.1904761904761905 1.1904761904761905 1.1904761904761905 1.0 1.0 1.0 1.0 1.0 1.0 1.0 1.0 1.0 1.0 1.0 1.0 
28 2.0 2.0 2.0 2.0 2.0 2.0 2.0 2.0 2.0 2.380952380952381 2.380952380952381 2.380952380952381 2.272727272727273 2.272727272727273 2.272727272727273 2.0 2.0 2.0 2.0 2.0 2.0 2.0 2.0 2.0 2.0 2.0 2.0 2.272727272727273 2.272727272727273 2.272727272727273 2.272727272727273 2.272727272727273 2.272727272727273 2.0 2.0 2.0 2.380952380952381 2.380952380952381 2.380952380952381 2.380952380952381 2.380952380952381 2.380952380952381 2.0 2.0 2.0 2.0 2.0 2.0 2.0 2.0 2.0 2.0 2.0 2.0 
29 1.0 1.0 1.0 1.0 1.0 1.0 1.0 1.0 1.0 1.1904761904761905 1.1904761904761905 1.1904761904761905 1.1363636363636365 1.1363636363636365 1.1363636363636365 1.0 1.0 1.0 1.0 1.0 1.0 1.0 1.0 1.0 1.0 1.0 1.0 1.1363636363636365 1.1363636363636365 1.1363636363636365 1.1363636363636365 1.1363636363636365 1.1363636363636365 1.0 1.0 1.0 1.1904761904761905 1.1904761904761905 1.1904761904761905 1.1904761904761905 1.1904761904761905 1.1904761904761905 1.0 1.0 1.0 1.0 1.0 1.0 1.0 1.0 1.0 1.0 1.0 1.0 
30 2.0 2.0 2.0 2.0 2.0 2.0 2.0 2.0 2.0 2.380952380952381 2.380952380952381 2.380952380952381 2.272727272727273 2.272727272727273 2.272727272727273 2.0 2.0 2.0 2.0 2.0 2.0 2.0 2.0 2.0 2.0 2.0 2.0 2.272727272727273 2.272727272727273 2.272727272727273 2.272727272727273 2.272727272727273 2.272727272727273 2.0 2.0 2.0 2.380952380952381 2.380952380952381 2.380952380952381 2.380952380952381 2.380952380952381 2.380952380952381 2.0 2.0 2.0 2.0 2.0 2.0 2.0 2.0 2.0 2.0 2.0 2.0 
19 4.0 4.0 4.0 4.0 4.0 4.0 4.0 4.0 4.0 4.761904761904762 4.761904761904762 4.761904761904762 4.545454545454546 4.545454545454546 4.545454545454546 4.0 4.0 4.0 4.0 4.0 4.0 4.0 4.0 4.0 4.0 4.0 4.0 4.545454545454546 4.545454545454546 4.545454545454546 4.545454545454546 4.545454545454546 4.545454545454546 4.0 4.0 4.0 4.761904761904762 4.761904761904762 4.761904761904762 4.761904761904762 4.761904761904762 4.761904761904762 4.0 4.0 4.0 4.0 4.0 4.0 4.0 4.0 4.0 4.0 4.0 4.0 
20 4.0 4.0 4.0 4.0 4.0 4.0 4.0 4.0 4.0 4.761904761904762 4.761904761904762 4.761904761904762 4.545454545454546 4.545454545454546 4.545454545454546 4.0 4.0 4.0 4.0 4.0 4.0 4.0 4.0 4.0 4.0 4.0 4.0 4.545454545454546 4.545454545454546 4.545454545454546 4.545454545454546 4.545454545454546 4.545454545454546 4.0 4.0 4.0 4.761904761904762 4.761904761904762 4.761904761904762 4.761904761904762 4.761904761904762 4.761904761904762 4.0 4.0 4.0 4.0 4.0 4.0 4.0 4.0 4.0 4.0 4.0 4.0 
21 4.0 4.0 4.0 4.0 4.0 4.0 4.0 4.0 4.0 4.761904761904762 4.761904761904762 4.761904761904762 4.545454545454546 4.545454545454546 4.545454545454546 4.0 4.0 4.0 4.0 4.0 4.0 4.0 4.0 4.0 4.0 4.0 4.0 4.545454545454546 4.545454545454546 4.545454545454546 4.545454545454546 4.545454545454546 4.545454545454546 4.0 4.0 4.0 4.761904761904762 4.761904761904762 4.761904761904762 4.761904761904762 4.761904761904762 4.761904761904762 4.0 4.0 4.0 4.0 4.0 4.0 4.0 4.0 4.0 4.0 4.0 4.0 
25 4.0 4.0 4.0 4.0 4.0 4.0 4.0 4.0 4.0 4.761904761904762 4.761904761904762 4.761904761904762 4.545454545454546 4.545454545454546 4.545454545454546 4.0 4.0 4.0 4.0 4.0 4.0 4.0 4.0 4.0 4.0 4.0 4.0 4.545454545454546 4.545454545454546 4.545454545454546 4.545454545454546 4.545454545454546 4.545454545454546 4.0 4.0 4.0 4.761904761904762 4.761904761904762 4.761904761904762 4.761904761904762 4.761904761904762 4.761904761904762 4.0 4.0 4.0 4.0 4.0 4.0 4.0 4.0 4.0 4.0 4.0 4.0 
26 4.0 4.0 4.0 4.0 4.0 4.0 4.0 4.0 4.0 4.761904761904762 4.761904761904762 4.761904761904762 4.545454545454546 4.545454545454546 4.545454545454546 4.0 4.0 4.0 4.0 4.0 4.0 4.0 4.0 4.0 4.0 4.0 4.0 4.545454545454546 4.545454545454546 4.545454545454546 4.545454545454546 4.545454545454546 4.545454545454546 4.0 4.0 4.0 4.761904761904762 4.761904761904762 4.761904761904762 4.761904761904762 4.761904761904762 4.761904761904762 4.0 4.0 4.0 4.0 4.0 4.0 4.0 4.0 4.0 4.0 4.0 4.0 
27 4.0 4.0 4.0 4.0 4.0 4.0 4.0 4.0 4.0 4.761904761904762 4.761904761904762 4.761904761904762 4.545454545454546 4.545454545454546 4.545454545454546 4.0 4.0 4.0 4.0 4.0 4.0 4.0 4.0 4.0 4.0 4.0 4.0 4.545454545454546 4.545454545454546 4.545454545454546 4.545454545454546 4.545454545454546 4.545454545454546 4.0 4.0 4.0 4.761904761904762 4.761904761904762 4.761904761904762 4.761904761904762 4.761904761904762 4.761904761904762 4.0 4.0 4.0 4.0 4.0 4.0 4.0 4.0 4.0 4.0 4.0 4.0 
;
set c_0 := 0;
param d := 
[0,*,*] : 
0 1 2 3 23 24 := 
0 0 0.007488 0 0 0 0 
1 0.32091428571428576 0 0.002496 0 0.002496 0.002496 
2 0 0.0082368 0 0.002496 0 0 
3 0 0 0.041184 0 0.041184 0.041184 
23 0 0.0082368 0 0.002496 0 0 
24 0 0.0082368 0 0.002496 0 0 
[1,*,*] : 
0 4 5 6 7 8 9 10 11 12 13 14 15 16 17 18 22 28 29 30 := 
0 0 0.0015144615384615385 0.0015144615384615385 0.0015144615384615385 0.0015144615384615385 0.0015144615384615385 0.0015144615384615385 0.0015144615384615385 0.0015144615384615385 0.0015144615384615385 0.0015144615384615385 0.0015144615384615385 0.0015144615384615385 0.0015144615384615385 0 0 0 0 0 0 
4 0.4240492307692308 0 0 0 0 0 0 0 0 0 0 0 0 0 5.048205128205128E-4 0 0 5.048205128205128E-4 0 5.048205128205128E-4 
5 0.4240492307692308 0 0 0 0 0 0 0 0 0 0 0 0 0 5.048205128205128E-4 0 0 5.048205128205128E-4 0 5.048205128205128E-4 
6 0.4240492307692308 0 0 0 0 0 0 0 0 0 0 0 0 0 5.048205128205128E-4 0 0 5.048205128205128E-4 0 5.048205128205128E-4 
7 0.4240492307692308 0 0 0 0 0 0 0 0 0 0 0 0 0 5.048205128205128E-4 0 0 5.048205128205128E-4 0 5.048205128205128E-4 
8 0.4240492307692308 0 0 0 0 0 0 0 0 0 0 0 0 0 5.048205128205128E-4 0 0 5.048205128205128E-4 0 5.048205128205128E-4 
9 0.4240492307692308 0 0 0 0 0 0 0 0 0 0 0 0 0 5.048205128205128E-4 0 0 5.048205128205128E-4 0 5.048205128205128E-4 
10 0.4240492307692308 0 0 0 0 0 0 0 0 0 0 0 0 0 5.048205128205128E-4 0 0 5.048205128205128E-4 0 5.048205128205128E-4 
11 0.4240492307692308 0 0 0 0 0 0 0 0 0 0 0 0 0 5.048205128205128E-4 0 0 5.048205128205128E-4 0 5.048205128205128E-4 
12 0.4240492307692308 0 0 0 0 0 0 0 0 0 0 0 0 0 5.048205128205128E-4 0 0 5.048205128205128E-4 0 5.048205128205128E-4 
13 0.4240492307692308 0 0 0 0 0 0 0 0 0 0 0 0 0 5.048205128205128E-4 0 0 5.048205128205128E-4 0 5.048205128205128E-4 
14 0.4240492307692308 0 0 0 0 0 0 0 0 0 0 0 0 0 5.048205128205128E-4 0 0 5.048205128205128E-4 0 5.048205128205128E-4 
15 0.4240492307692308 0 0 0 0 0 0 0 0 0 0 0 0 0 5.048205128205128E-4 0 0 5.048205128205128E-4 0 5.048205128205128E-4 
16 0.4240492307692308 0 0 0 0 0 0 0 0 0 0 0 0 0 5.048205128205128E-4 0 0 5.048205128205128E-4 0 5.048205128205128E-4 
17 0 7.06748717948718E-4 7.06748717948718E-4 7.06748717948718E-4 7.06748717948718E-4 7.06748717948718E-4 7.06748717948718E-4 7.06748717948718E-4 7.06748717948718E-4 7.06748717948718E-4 7.06748717948718E-4 7.06748717948718E-4 7.06748717948718E-4 7.06748717948718E-4 0 0.002187555555555556 0.002187555555555556 0 0.002187555555555556 0 
18 0 0 0 0 0 0 0 0 0 0 0 0 0 0 0.01653792 0 0 0.01653792 0 0.01653792 
22 0 0 0 0 0 0 0 0 0 0 0 0 0 0 0.01653792 0 0 0.01653792 0 0.01653792 
28 0 7.06748717948718E-4 7.06748717948718E-4 7.06748717948718E-4 7.06748717948718E-4 7.06748717948718E-4 7.06748717948718E-4 7.06748717948718E-4 7.06748717948718E-4 7.06748717948718E-4 7.06748717948718E-4 7.06748717948718E-4 7.06748717948718E-4 7.06748717948718E-4 0 0.002187555555555556 0.002187555555555556 0 0.002187555555555556 0 
29 0 0 0 0 0 0 0 0 0 0 0 0 0 0 0.01653792 0 0 0.01653792 0 0.01653792 
30 0 7.06748717948718E-4 7.06748717948718E-4 7.06748717948718E-4 7.06748717948718E-4 7.06748717948718E-4 7.06748717948718E-4 7.06748717948718E-4 7.06748717948718E-4 7.06748717948718E-4 7.06748717948718E-4 7.06748717948718E-4 7.06748717948718E-4 7.06748717948718E-4 0 0.002187555555555556 0.002187555555555556 0 0.002187555555555556 0 
[2,*,*] : 
0 19 20 21 25 26 27 := 
0 0 0.02544 0 0 0 0 0 
19 1.0902857142857143 0 0.00848 0 0 0.00848 0.00848 
20 0 0.027984 0 0.00424 0.00424 0 0 
21 0 0 0.0965448 0 0 0.0965448 0.0965448 
25 0 0 0.0965448 0 0 0.0965448 0.0965448 
26 0 0.027984 0 0.00424 0.00424 0 0 
27 0 0.027984 0 0.00424 0.00424 0 0 
;
param x_bar : 0 1 2 3 4 5 6 7 8 9 10 11 12 13 14 15 16 17 18 19 20 21 22 23 24 25 26 27 28 29 30 31 32 33 34 35 36 37 38 39 40 41 42 43 44 45 46 47 48 49 50 51 52 53  := 
0 0 0 0 0 0 0 0 0 0 0 0 0 0 0 0 0 0 0 0 0 0 0 0 0 0 0 0 0 0 0 0 0 0 0 0 0 0 0 0 0 0 0 0 0 0 0 0 0 0 0 0 0 0 0 
;
